Time	Cur1	Volt1	Volt2	Volt3	Cur4
640,6941E-3	1,7114E-3	3,0000E+0	2,9954E+0	2,9956E+0	-1,7102E-3
1,1534E+0	1,3823E-3	3,0000E+0	2,9979E+0	2,9981E+0	-1,3828E-3
1,6661E+0	1,1651E-3	3,0000E+0	2,9984E+0	2,9987E+0	-1,1654E-3
2,1788E+0	1,0315E-3	3,0000E+0	2,9983E+0	2,9988E+0	-1,0315E-3
2,6915E+0	922,7740E-6	3,0000E+0	2,9984E+0	2,9990E+0	-922,8523E-6
3,2042E+0	895,3252E-6	3,0000E+0	2,9987E+0	2,9991E+0	-895,2425E-6
3,7169E+0	832,5668E-6	3,0000E+0	2,9982E+0	2,9990E+0	-832,6687E-6
4,2296E+0	781,6203E-6	3,0000E+0	2,9988E+0	2,9992E+0	-781,8197E-6
4,7423E+0	748,9171E-6	3,0000E+0	2,9988E+0	2,9991E+0	-748,8729E-6
5,2550E+0	723,3598E-6	3,0000E+0	2,9988E+0	2,9993E+0	-723,4063E-6
5,7677E+0	555,2616E-6	3,0000E+0	2,9981E+0	2,9986E+0	-555,2262E-6
6,2805E+0	508,7288E-6	3,0000E+0	2,9993E+0	2,9998E+0	-508,8737E-6
6,7932E+0	571,6552E-6	3,0000E+0	2,9979E+0	2,9988E+0	-571,7417E-6
7,3059E+0	532,4786E-6	3,0000E+0	2,9993E+0	2,9997E+0	-532,5332E-6
7,8186E+0	1,2835E-3	3,0000E+0	2,9980E+0	2,9984E+0	-1,2835E-3
8,3313E+0	522,6844E-6	3,0000E+0	2,9991E+0	2,9996E+0	-522,6996E-6
8,8440E+0	1,2320E-3	3,0000E+0	2,9979E+0	2,9987E+0	-1,2320E-3
9,3567E+0	520,1623E-6	3,0000E+0	2,9989E+0	2,9996E+0	-520,0521E-6
9,8694E+0	1,0556E-3	3,0000E+0	2,9986E+0	2,9991E+0	-1,0557E-3
10,3821E+0	503,3062E-6	3,0000E+0	2,9994E+0	2,9993E+0	-503,2005E-6
10,8948E+0	716,9704E-6	3,0000E+0	2,9985E+0	2,9987E+0	-717,3548E-6
11,5211E+0	218,0277E-6	3,0000E+0	2,9990E+0	2,9996E+0	-218,0385E-6
12,1468E+0	365,8516E-6	3,0000E+0	2,9996E+0	2,9999E+0	-365,7399E-6
12,7731E+0	211,8333E-6	3,0000E+0	2,9986E+0	2,9995E+0	-211,8634E-6
13,2858E+0	269,5766E-6	3,0000E+0	2,9999E+0	3,0002E+0	-269,5746E-6
13,7985E+0	458,1394E-6	3,0000E+0	2,9981E+0	2,9986E+0	-458,1270E-6
14,3112E+0	274,8291E-6	3,0000E+0	2,9996E+0	2,9999E+0	-274,8375E-6
14,9370E+0	561,6089E-6	3,0000E+0	2,9976E+0	2,9986E+0	-561,7399E-6
15,4497E+0	420,5813E-6	3,0000E+0	2,9994E+0	2,9997E+0	-420,6653E-6
15,9624E+0	422,8511E-6	3,0000E+0	2,9984E+0	2,9991E+0	-422,9346E-6
16,5887E+0	184,7804E-6	3,0000E+0	2,9993E+0	2,9994E+0	-184,7880E-6
17,1014E+0	456,0073E-6	3,0000E+0	3,0001E+0	3,0005E+0	-455,9874E-6
17,6141E+0	356,5891E-6	3,0000E+0	2,9994E+0	3,0001E+0	-356,5891E-6
18,1268E+0	416,3342E-6	3,0000E+0	3,0000E+0	3,0004E+0	-416,3474E-6
18,6395E+0	356,4251E-6	3,0000E+0	2,9993E+0	2,9999E+0	-356,4294E-6
19,1522E+0	368,4019E-6	3,0000E+0	3,0001E+0	3,0003E+0	-368,4433E-6
19,6649E+0	353,5360E-6	3,0000E+0	2,9998E+0	2,9999E+0	-353,5583E-6
20,1776E+0	320,0322E-6	3,0000E+0	3,0005E+0	3,0001E+0	-320,0304E-6
20,6903E+0	359,1627E-6	3,0000E+0	2,9996E+0	2,9997E+0	-359,1743E-6
21,2030E+0	271,0737E-6	3,0000E+0	2,9997E+0	3,0002E+0	-271,0879E-6
21,7157E+0	330,8945E-6	3,0000E+0	2,9990E+0	2,9994E+0	-330,9051E-6
22,2284E+0	230,7909E-6	3,0000E+0	3,0001E+0	3,0002E+0	-230,8426E-6
22,7411E+0	333,3631E-6	3,0000E+0	2,9992E+0	2,9998E+0	-333,3558E-6
23,2538E+0	222,1447E-6	3,0000E+0	2,9997E+0	3,0003E+0	-222,1538E-6
23,7665E+0	338,5441E-6	3,0000E+0	2,9996E+0	2,9998E+0	-338,5388E-6
24,2792E+0	215,4499E-6	3,0000E+0	2,9997E+0	3,0001E+0	-215,4785E-6
24,7919E+0	362,4765E-6	3,0000E+0	2,9981E+0	2,9984E+0	-362,5119E-6
25,3046E+0	195,4241E-6	3,0000E+0	2,9996E+0	3,0001E+0	-195,4357E-6
25,9303E+0	501,2045E-6	3,0000E+0	2,9981E+0	2,9986E+0	-501,1412E-6
26,5566E+0	176,9459E-6	3,0000E+0	2,9991E+0	2,9995E+0	-177,0071E-6
27,0693E+0	478,3628E-6	3,0000E+0	2,9989E+0	2,9992E+0	-478,3715E-6
27,5820E+0	295,7927E-6	3,0000E+0	2,9996E+0	2,9998E+0	-295,8176E-6
28,0947E+0	437,4954E-6	3,0000E+0	3,0001E+0	3,0003E+0	-437,5336E-6
28,6074E+0	310,3809E-6	3,0000E+0	2,9999E+0	3,0001E+0	-310,3999E-6
29,1201E+0	378,8269E-6	3,0000E+0	3,0000E+0	3,0004E+0	-378,8345E-6
29,6327E+0	322,8035E-6	3,0000E+0	2,9992E+0	2,9999E+0	-322,8089E-6
30,1454E+0	323,9852E-6	3,0000E+0	2,9998E+0	3,0004E+0	-324,0028E-6
30,6582E+0	311,1379E-6	3,0000E+0	2,9993E+0	2,9997E+0	-311,1650E-6
31,1708E+0	273,5801E-6	3,0000E+0	3,0001E+0	3,0003E+0	-273,5722E-6
31,6836E+0	296,4024E-6	3,0000E+0	2,9991E+0	2,9994E+0	-296,4188E-6
32,1963E+0	225,0086E-6	3,0000E+0	3,0001E+0	3,0003E+0	-225,0332E-6
32,7090E+0	303,8921E-6	3,0000E+0	2,9996E+0	3,0001E+0	-303,9222E-6
33,2216E+0	204,4571E-6	3,0000E+0	3,0000E+0	3,0005E+0	-204,4650E-6
33,7343E+0	302,9711E-6	3,0000E+0	2,9998E+0	3,0002E+0	-302,9764E-6
34,2470E+0	181,4245E-6	3,0000E+0	2,9999E+0	3,0003E+0	-181,4587E-6
34,7598E+0	306,3775E-6	3,0000E+0	2,9993E+0	3,0001E+0	-306,3981E-6
35,2725E+0	178,7752E-6	3,0000E+0	3,0001E+0	3,0000E+0	-178,7727E-6
35,7852E+0	301,5329E-6	3,0000E+0	2,9975E+0	2,9976E+0	-301,5219E-6
36,2978E+0	156,7393E-6	3,0000E+0	3,0000E+0	3,0003E+0	-156,7332E-6
36,8105E+0	470,9866E-6	3,0000E+0	2,9983E+0	2,9986E+0	-471,0236E-6
37,3232E+0	164,2752E-6	3,0000E+0	2,9997E+0	3,0005E+0	-164,2913E-6
37,9490E+0	502,4655E-6	3,0000E+0	2,9981E+0	2,9989E+0	-502,5701E-6
38,5753E+0	168,9515E-6	3,0000E+0	2,9988E+0	2,9998E+0	-168,9404E-6
39,0880E+0	422,6254E-6	3,0000E+0	2,9999E+0	3,0003E+0	-422,6108E-6
39,6007E+0	301,5455E-6	3,0000E+0	2,9998E+0	2,9999E+0	-301,5345E-6
40,1134E+0	363,1747E-6	3,0000E+0	2,9993E+0	3,0001E+0	-363,1719E-6
40,6261E+0	267,2217E-6	3,0000E+0	2,9997E+0	2,9997E+0	-267,1870E-6
41,1389E+0	303,2697E-6	3,0000E+0	3,0001E+0	3,0006E+0	-303,2328E-6
41,6515E+0	293,6521E-6	3,0000E+0	2,9998E+0	3,0000E+0	-293,6318E-6
42,1642E+0	259,8581E-6	3,0000E+0	2,9996E+0	3,0005E+0	-259,9021E-6
42,6770E+0	300,9947E-6	3,0000E+0	2,9997E+0	3,0000E+0	-300,9965E-6
43,1896E+0	232,4268E-6	3,0000E+0	3,0000E+0	3,0004E+0	-232,4316E-6
43,7023E+0	303,5977E-6	3,0000E+0	2,9997E+0	3,0001E+0	-303,5985E-6
44,2151E+0	200,4032E-6	3,0000E+0	3,0000E+0	3,0004E+0	-200,4044E-6
44,7278E+0	297,3823E-6	3,0000E+0	2,9996E+0	3,0000E+0	-297,3898E-6
45,2404E+0	171,9037E-6	3,0000E+0	2,9991E+0	3,0002E+0	-171,8956E-6
45,7532E+0	265,8928E-6	3,0000E+0	2,9999E+0	3,0001E+0	-265,9007E-6
46,2659E+0	161,0708E-6	3,0000E+0	3,0003E+0	3,0003E+0	-161,0839E-6
46,7786E+0	292,7943E-6	3,0000E+0	2,9981E+0	2,9991E+0	-292,8121E-6
47,2913E+0	154,3969E-6	3,0000E+0	2,9999E+0	3,0002E+0	-154,4002E-6
47,8040E+0	447,8405E-6	3,0000E+0	2,9985E+0	2,9985E+0	-447,8871E-6
48,3167E+0	160,7722E-6	3,0000E+0	3,0000E+0	3,0002E+0	-160,7897E-6
48,9425E+0	489,6869E-6	3,0000E+0	2,9983E+0	2,9991E+0	-489,6687E-6
49,5687E+0	168,0726E-6	3,0000E+0	2,9994E+0	2,9999E+0	-168,0409E-6
50,0814E+0	411,0565E-6	3,0000E+0	3,0002E+0	3,0004E+0	-411,0509E-6
50,5941E+0	284,0177E-6	3,0000E+0	2,9993E+0	2,9998E+0	-284,0182E-6
51,1068E+0	347,0640E-6	3,0000E+0	2,9995E+0	2,9999E+0	-347,0553E-6
51,6195E+0	285,8428E-6	3,0000E+0	2,9995E+0	2,9999E+0	-285,8467E-6
52,1322E+0	289,7244E-6	3,0000E+0	2,9997E+0	3,0001E+0	-289,7393E-6
52,6449E+0	265,5017E-6	3,0000E+0	2,9997E+0	3,0002E+0	-265,5139E-6
53,1576E+0	247,3851E-6	3,0000E+0	3,0000E+0	3,0006E+0	-247,3922E-6
53,6703E+0	282,3777E-6	3,0000E+0	2,9998E+0	3,0001E+0	-282,3703E-6
54,1830E+0	216,4339E-6	3,0000E+0	3,0005E+0	3,0002E+0	-216,4369E-6
54,6957E+0	286,1204E-6	3,0000E+0	2,9994E+0	3,0001E+0	-286,1157E-6
55,2084E+0	186,2439E-6	3,0000E+0	2,9993E+0	3,0005E+0	-186,2256E-6
55,7211E+0	281,8898E-6	3,0000E+0	2,9996E+0	3,0001E+0	-281,9248E-6
56,2339E+0	163,8252E-6	3,0000E+0	2,9999E+0	3,0001E+0	-163,8162E-6
56,7466E+0	261,7127E-6	3,0000E+0	2,9995E+0	3,0003E+0	-261,7265E-6
57,2593E+0	140,3805E-6	3,0000E+0	3,0001E+0	3,0003E+0	-140,4064E-6
57,7720E+0	273,4035E-6	3,0000E+0	2,9989E+0	2,9994E+0	-273,3915E-6
58,2847E+0	152,7064E-6	3,0000E+0	2,9999E+0	3,0005E+0	-152,7608E-6
58,7974E+0	442,9497E-6	3,0000E+0	2,9981E+0	2,9985E+0	-442,9478E-6
59,3101E+0	163,0935E-6	3,0000E+0	2,9998E+0	2,9997E+0	-163,1352E-6
59,9359E+0	483,5498E-6	3,0000E+0	2,9986E+0	2,9990E+0	-483,4071E-6
60,5622E+0	160,5283E-6	3,0000E+0	2,9990E+0	3,0000E+0	-160,5290E-6
61,0749E+0	397,9107E-6	3,0000E+0	2,9998E+0	3,0001E+0	-397,8936E-6
61,5876E+0	274,6104E-6	3,0000E+0	2,9997E+0	2,9996E+0	-274,5979E-6
62,1003E+0	349,2256E-6	3,0000E+0	2,9999E+0	3,0004E+0	-349,2412E-6
62,6130E+0	283,8159E-6	3,0000E+0	2,9996E+0	2,9997E+0	-283,8206E-6
63,1257E+0	281,7048E-6	3,0000E+0	2,9998E+0	3,0004E+0	-281,7146E-6
63,6384E+0	252,1834E-6	3,0000E+0	2,9998E+0	3,0000E+0	-252,1969E-6
64,1511E+0	235,6817E-6	3,0000E+0	3,0001E+0	3,0004E+0	-235,6768E-6
64,6638E+0	267,6842E-6	3,0000E+0	2,9996E+0	3,0001E+0	-267,6662E-6
65,1765E+0	208,3176E-6	3,0000E+0	3,0001E+0	3,0003E+0	-208,3239E-6
65,6892E+0	276,8351E-6	3,0000E+0	2,9993E+0	2,9997E+0	-276,8384E-6
66,2019E+0	192,4888E-6	3,0000E+0	3,0002E+0	3,0004E+0	-192,4974E-6
66,7146E+0	282,4407E-6	3,0000E+0	2,9991E+0	2,9999E+0	-282,4292E-6
67,2273E+0	163,7411E-6	3,0000E+0	2,9999E+0	3,0001E+0	-163,7532E-6
67,7400E+0	258,7732E-6	3,0000E+0	2,9996E+0	2,9997E+0	-258,7966E-6
68,2527E+0	141,8188E-6	3,0000E+0	2,9984E+0	2,9993E+0	-141,8314E-6
68,7654E+0	250,4971E-6	3,0000E+0	2,9994E+0	3,0001E+0	-250,5113E-6
69,2781E+0	144,0938E-6	3,0000E+0	3,0002E+0	3,0002E+0	-144,0972E-6
69,7908E+0	415,9810E-6	3,0000E+0	2,9985E+0	2,9986E+0	-415,9943E-6
70,3035E+0	150,1327E-6	3,0000E+0	2,9999E+0	3,0001E+0	-150,1251E-6
70,9293E+0	469,6782E-6	3,0000E+0	2,9984E+0	2,9992E+0	-469,4132E-6
71,5556E+0	148,1814E-6	3,0000E+0	2,9986E+0	2,9999E+0	-148,1957E-6
72,0683E+0	398,3859E-6	3,0000E+0	3,0001E+0	3,0003E+0	-398,3939E-6
72,5810E+0	268,9753E-6	3,0000E+0	2,9996E+0	3,0002E+0	-269,0071E-6
73,0937E+0	351,2441E-6	3,0000E+0	2,9995E+0	2,9999E+0	-351,2589E-6
73,6064E+0	272,3059E-6	3,0000E+0	2,9996E+0	2,9996E+0	-272,2943E-6
74,1191E+0	290,0524E-6	3,0000E+0	3,0000E+0	3,0002E+0	-290,0882E-6
74,6318E+0	268,4370E-6	3,0000E+0	2,9996E+0	2,9999E+0	-268,4270E-6
75,1446E+0	235,2443E-6	3,0000E+0	2,9996E+0	3,0001E+0	-235,2606E-6
75,6572E+0	247,8771E-6	3,0000E+0	2,9996E+0	3,0003E+0	-247,8630E-6
76,1699E+0	207,2369E-6	3,0000E+0	3,0004E+0	3,0006E+0	-207,2394E-6
76,6826E+0	273,2689E-6	3,0000E+0	2,9996E+0	3,0000E+0	-273,2738E-6
77,1953E+0	184,2673E-6	3,0000E+0	3,0001E+0	3,0004E+0	-184,2541E-6
77,7080E+0	260,2913E-6	3,0000E+0	2,9992E+0	2,9999E+0	-260,3267E-6
78,2207E+0	150,4018E-6	3,0000E+0	2,9999E+0	3,0000E+0	-150,4278E-6
78,8569E+0	-237,4397E-9	3,0000E+0	2,9945E+0	2,9950E+0	232,3942E-9
79,3696E+0	-224,4317E-9	3,0000E+0	2,9900E+0	2,9906E+0	226,8795E-9
79,8823E+0	-209,6436E-9	3,0000E+0	2,9845E+0	2,9850E+0	210,9705E-9
80,3950E+0	-202,8598E-9	3,0000E+0	2,9815E+0	2,9819E+0	200,0041E-9
80,9077E+0	-187,3646E-9	3,0000E+0	2,9753E+0	2,9756E+0	190,3334E-9
81,4204E+0	-179,8822E-9	3,0000E+0	2,9718E+0	2,9723E+0	179,2660E-9
81,9331E+0	-166,4155E-9	3,0000E+0	2,9665E+0	2,9666E+0	164,3329E-9
82,4458E+0	-157,8599E-9	3,0000E+0	2,9632E+0	2,9635E+0	160,6943E-9
82,9585E+0	-144,0229E-9	3,0000E+0	2,9572E+0	2,9576E+0	142,3792E-9
83,4712E+0	-139,2591E-9	3,0000E+0	2,9553E+0	2,9554E+0	137,8487E-9
83,9838E+0	-124,3236E-9	3,0000E+0	2,9492E+0	2,9495E+0	127,8667E-9
84,4965E+0	-118,1248E-9	3,0000E+0	2,9461E+0	2,9467E+0	115,4238E-9
85,0093E+0	-104,8306E-9	3,0000E+0	2,9407E+0	2,9408E+0	104,6594E-9
85,5219E+0	-96,4097E-9	3,0000E+0	2,9371E+0	2,9373E+0	99,5232E-9
86,0346E+0	-84,6011E-9	3,0000E+0	2,9322E+0	2,9325E+0	81,3301E-9
86,5473E+0	-76,8914E-9	3,0000E+0	2,9291E+0	2,9293E+0	78,2383E-9
87,0600E+0	-63,4247E-9	3,0000E+0	2,9230E+0	2,9236E+0	64,9373E-9
87,5727E+0	-58,9723E-9	3,0000E+0	2,9205E+0	2,9209E+0	56,1583E-9
88,0854E+0	-45,4509E-9	3,0000E+0	2,9149E+0	2,9159E+0	47,8673E-9
88,8394E+0	-30,8311E-9	3,0000E+0	2,9088E+0	2,9092E+0	32,9342E-9
89,5933E+0	-22,9825E-9	3,0000E+0	2,9052E+0	2,9054E+0	20,2516E-9
90,3473E+0	-7,3359E-9	3,0000E+0	2,8988E+0	2,8990E+0	6,7318E-9
91,1012E+0	10,0956E-9	3,0000E+0	2,8915E+0	2,8916E+0	-6,7917E-9
91,7352E+0	-39,6498E-9	3,0000E+0	2,8974E+0	2,8976E+0	38,5267E-9
92,2479E+0	32,0630E-9	3,0000E+0	2,8828E+0	2,8832E+0	-33,7592E-9
92,7606E+0	42,1552E-9	3,0000E+0	2,8780E+0	2,8785E+0	-38,9892E-9
93,3932E+0	48,9282E-9	3,0000E+0	2,8737E+0	2,8740E+0	-50,1959E-9
93,9059E+0	65,3669E-9	3,0000E+0	2,8673E+0	2,8679E+0	-66,2132E-9
94,4186E+0	72,8203E-9	3,0000E+0	2,8648E+0	2,8649E+0	-69,8012E-9
94,9313E+0	82,3949E-9	3,0000E+0	2,8598E+0	2,8602E+0	-84,6913E-9
95,4441E+0	88,7540E-9	3,0000E+0	2,8571E+0	2,8573E+0	-88,8092E-9
95,9567E+0	101,9648E-9	3,0000E+0	2,8516E+0	2,8522E+0	-98,9420E-9
96,4694E+0	107,2592E-9	3,0000E+0	2,8485E+0	2,8494E+0	-110,1643E-9
96,9821E+0	119,7503E-9	3,0000E+0	2,8440E+0	2,8438E+0	-118,6861E-9
97,4948E+0	126,6776E-9	3,0000E+0	2,8405E+0	2,8406E+0	-124,5033E-9
98,0075E+0	137,3800E-9	3,0000E+0	2,8354E+0	2,8360E+0	-140,8740E-9
98,5202E+0	144,4715E-9	3,0000E+0	2,8324E+0	2,8330E+0	-142,8552E-9
99,0329E+0	157,0004E-9	3,0000E+0	2,8269E+0	2,8273E+0	-155,1500E-9
99,5456E+0	162,0255E-9	3,0000E+0	2,8246E+0	2,8247E+0	-165,5436E-9
100,0583E+0	174,9080E-9	3,0000E+0	2,8188E+0	2,8194E+0	-172,4713E-9
100,5710E+0	182,0373E-9	3,0000E+0	2,8160E+0	2,8159E+0	-180,7534E-9
101,0837E+0	193,5015E-9	3,0000E+0	2,8107E+0	2,8109E+0	-196,8675E-9
101,5964E+0	197,4407E-9	3,0000E+0	2,8093E+0	2,8095E+0	-194,7686E-9
102,1091E+0	209,1069E-9	3,0000E+0	2,8033E+0	2,8041E+0	-208,8679E-9
102,6218E+0	214,3213E-9	3,0000E+0	2,8008E+0	2,8012E+0	-217,4613E-9
103,1345E+0	227,0271E-9	3,0000E+0	2,7960E+0	2,7964E+0	-224,2712E-9
103,6472E+0	233,0201E-9	3,0000E+0	2,7924E+0	2,7932E+0	-233,9539E-9
104,1599E+0	243,8319E-9	3,0000E+0	2,7879E+0	2,7881E+0	-246,0679E-9
104,6726E+0	251,1254E-9	3,0000E+0	2,7849E+0	2,7850E+0	-247,9439E-9
105,1853E+0	261,7352E-9	3,0000E+0	2,7792E+0	2,7803E+0	-263,5659E-9
105,6980E+0	267,8377E-9	3,0000E+0	2,7765E+0	2,7771E+0	-269,2065E-9
106,2107E+0	279,7143E-9	3,0000E+0	2,7719E+0	2,7721E+0	-276,5716E-9
106,7234E+0	283,2706E-9	3,0000E+0	2,7698E+0	2,7700E+0	-285,3500E-9
107,2361E+0	293,9730E-9	3,0000E+0	2,7646E+0	2,7648E+0	-295,1884E-9
107,7488E+0	300,9845E-9	3,0000E+0	2,7616E+0	2,7622E+0	-297,5902E-9
108,2615E+0	311,3797E-9	3,0000E+0	2,7568E+0	2,7569E+0	-313,9693E-9
108,7742E+0	323,4836E-9	3,0000E+0	2,7509E+0	2,7514E+0	-323,5553E-9
109,2868E+0	329,1357E-9	3,0000E+0	2,7485E+0	2,7487E+0	-326,8614E-9
109,7996E+0	340,2043E-9	3,0000E+0	2,7429E+0	2,7429E+0	-342,8746E-9
110,3123E+0	345,4482E-9	3,0000E+0	2,7408E+0	2,7407E+0	-345,6423E-9
110,8249E+0	355,6414E-9	3,0000E+0	2,7355E+0	2,7362E+0	-353,5795E-9
111,3376E+0	360,1825E-9	3,0000E+0	2,7326E+0	2,7328E+0	-362,7533E-9
111,8503E+0	371,3520E-9	3,0000E+0	2,7281E+0	2,7283E+0	-370,4129E-9
112,3630E+0	377,2062E-9	3,0000E+0	2,7244E+0	2,7250E+0	-375,2963E-9
112,8757E+0	387,1469E-9	3,0000E+0	2,7197E+0	2,7199E+0	-389,9971E-9
113,3884E+0	392,6853E-9	3,0000E+0	2,7170E+0	2,7172E+0	-390,7164E-9
113,9010E+0	404,0233E-9	3,0000E+0	2,7110E+0	2,7113E+0	-402,4181E-9
114,4137E+0	408,0677E-9	3,0000E+0	2,7086E+0	2,7091E+0	-411,0031E-9
114,9264E+0	419,9401E-9	3,0000E+0	2,7036E+0	2,7039E+0	-417,8803E-9
115,4391E+0	422,9450E-9	3,0000E+0	2,7014E+0	2,7015E+0	-421,9604E-9
115,9518E+0	432,1913E-9	3,0000E+0	2,6965E+0	2,6969E+0	-434,7557E-9
116,4645E+0	437,9529E-9	3,0000E+0	2,6939E+0	2,6939E+0	-434,9660E-9
116,9772E+0	447,8388E-9	3,0000E+0	2,6887E+0	2,6889E+0	-447,8876E-9
117,4899E+0	452,0558E-9	3,0000E+0	2,6858E+0	2,6862E+0	-455,0929E-9
118,0026E+0	463,2465E-9	3,0000E+0	2,6808E+0	2,6810E+0	-460,4769E-9
118,5153E+0	467,6444E-9	3,0000E+0	2,6779E+0	2,6780E+0	-468,8431E-9
119,0280E+0	477,3873E-9	3,0000E+0	2,6729E+0	2,6731E+0	-479,4513E-9
119,5407E+0	482,9636E-9	3,0000E+0	2,6697E+0	2,6702E+0	-480,2336E-9
120,0534E+0	492,2309E-9	3,0000E+0	2,6649E+0	2,6651E+0	-493,7356E-9
120,5661E+0	498,1272E-9	3,0000E+0	2,6616E+0	2,6619E+0	-499,8768E-9
121,1988E+0	513,8181E-9	3,0000E+0	2,6553E+0	2,6556E+0	-511,5489E-9
121,7115E+0	509,5674E-9	3,0000E+0	2,6542E+0	2,6542E+0	-511,5909E-9
122,2241E+0	517,6058E-9	3,0000E+0	2,6496E+0	2,6498E+0	-521,3494E-9
122,7368E+0	521,8144E-9	3,0000E+0	2,6467E+0	2,6471E+0	-521,5176E-9
123,2495E+0	530,7366E-9	3,0000E+0	2,6415E+0	2,6417E+0	-532,2015E-9
123,7622E+0	541,6789E-9	3,0000E+0	2,6361E+0	2,6363E+0	-540,6981E-9
124,2749E+0	542,4365E-9	3,0000E+0	2,6334E+0	2,6342E+0	-541,8759E-9
124,7876E+0	550,8115E-9	3,0000E+0	2,6288E+0	2,6288E+0	-554,6628E-9
125,3003E+0	553,1683E-9	3,0000E+0	2,6264E+0	2,6266E+0	-557,2707E-9
125,8130E+0	563,5636E-9	3,0000E+0	2,6208E+0	2,6211E+0	-559,5421E-9
126,3257E+0	567,6459E-9	3,0000E+0	2,6159E+0	2,6166E+0	-573,8433E-9
126,8384E+0	572,8224E-9	3,0000E+0	2,6135E+0	2,6143E+0	-569,1744E-9
127,3510E+0	575,6422E-9	3,0000E+0	2,6110E+0	2,6114E+0	-571,0672E-9
127,8637E+0	581,3238E-9	3,0000E+0	2,6062E+0	2,6066E+0	-587,1350E-9
128,3764E+0	586,2057E-9	3,0000E+0	2,6037E+0	2,6037E+0	-583,2653E-9
128,8891E+0	592,3082E-9	3,0000E+0	2,5987E+0	2,5989E+0	-593,7388E-9
129,4018E+0	595,8434E-9	3,0000E+0	2,5960E+0	2,5961E+0	-598,1553E-9
129,9145E+0	604,1343E-9	3,0000E+0	2,5912E+0	2,5915E+0	-600,6371E-9
130,4272E+0	605,5232E-9	3,0000E+0	2,5881E+0	2,5887E+0	-607,2408E-9
130,9398E+0	613,0986E-9	3,0000E+0	2,5833E+0	2,5839E+0	-617,0835E-9
131,4525E+0	614,9924E-9	3,0000E+0	2,5811E+0	2,5815E+0	-611,7836E-9
131,9652E+0	622,6521E-9	3,0000E+0	2,5763E+0	2,5765E+0	-621,3738E-9
132,4779E+0	624,2934E-9	3,0000E+0	2,5735E+0	2,5739E+0	-627,6411E-9
132,9906E+0	632,2898E-9	3,0000E+0	2,5681E+0	2,5690E+0	-628,3141E-9
133,5033E+0	633,9311E-9	3,0000E+0	2,5657E+0	2,5660E+0	-637,2734E-9
134,0160E+0	641,1277E-9	3,0000E+0	2,5614E+0	2,5615E+0	-641,2694E-9
134,5287E+0	644,1579E-9	3,0000E+0	2,5580E+0	2,5588E+0	-638,6614E-9
135,0414E+0	650,2183E-9	3,0000E+0	2,5537E+0	2,5536E+0	-647,8732E-9
135,5541E+0	652,1963E-9	3,0000E+0	2,5510E+0	2,5509E+0	-651,5326E-9
136,0668E+0	660,2768E-9	3,0000E+0	2,5458E+0	2,5459E+0	-653,3833E-9
136,5795E+0	659,8559E-9	3,0000E+0	2,5430E+0	2,5440E+0	-659,3562E-9
137,0921E+0	665,5796E-9	3,0000E+0	2,5390E+0	2,5396E+0	-668,2734E-9
137,6048E+0	669,5777E-9	3,0000E+0	2,5363E+0	2,5365E+0	-666,6330E-9
138,1175E+0	676,6061E-9	3,0000E+0	2,5314E+0	2,5316E+0	-676,1812E-9
138,6301E+0	680,3938E-9	3,0000E+0	2,5280E+0	2,5288E+0	-675,9288E-9
139,1428E+0	686,0333E-9	3,0000E+0	2,5240E+0	2,5243E+0	-685,2246E-9
139,6555E+0	688,6847E-9	3,0000E+0	2,5214E+0	2,5213E+0	-693,6370E-9
140,1682E+0	696,1340E-9	3,0000E+0	2,5162E+0	2,5167E+0	-695,2354E-9
140,6809E+0	698,5749E-9	3,0000E+0	2,5141E+0	2,5144E+0	-694,5203E-9
141,1936E+0	705,3087E-9	3,0000E+0	2,5092E+0	2,5094E+0	-705,2884E-9
141,7063E+0	709,5172E-9	3,0000E+0	2,5065E+0	2,5068E+0	-706,1296E-9
142,2190E+0	715,9564E-9	3,0000E+0	2,5017E+0	2,5023E+0	-713,9953E-9
142,7317E+0	717,7661E-9	3,0000E+0	2,4993E+0	2,4997E+0	-724,0061E-9
143,2444E+0	725,9728E-9	3,0000E+0	2,4947E+0	2,4949E+0	-725,7727E-9
143,7570E+0	735,2317E-9	3,0000E+0	2,4892E+0	2,4891E+0	-735,9519E-9
144,2697E+0	735,7788E-9	3,0000E+0	2,4869E+0	2,4874E+0	-741,3779E-9
144,7824E+0	745,3323E-9	3,0000E+0	2,4824E+0	2,4825E+0	-741,3779E-9
145,2952E+0	747,3945E-9	3,0000E+0	2,4791E+0	2,4794E+0	-750,1269E-9
145,8078E+0	752,1922E-9	3,0000E+0	2,4753E+0	2,4760E+0	-757,9505E-9
146,3205E+0	756,6113E-9	3,0000E+0	2,4726E+0	2,4729E+0	-754,2070E-9
146,8332E+0	763,6817E-9	3,0000E+0	2,4680E+0	2,4683E+0	-763,9234E-9
147,3459E+0	766,5856E-9	3,0000E+0	2,4655E+0	2,4654E+0	-770,3589E-9
147,8586E+0	774,8345E-9	3,0000E+0	2,4608E+0	2,4608E+0	-771,1160E-9
148,3713E+0	778,7064E-9	3,0000E+0	2,4572E+0	2,4575E+0	-775,9532E-9
148,8840E+0	783,7567E-9	3,0000E+0	2,4533E+0	2,4535E+0	-787,3942E-9
149,3967E+0	786,0714E-9	3,0000E+0	2,4515E+0	2,4514E+0	-785,4593E-9
149,9094E+0	792,2159E-9	3,0000E+0	2,4464E+0	2,4469E+0	-796,4796E-9
150,4221E+0	797,5187E-9	3,0000E+0	2,4435E+0	2,4437E+0	-795,9749E-9
150,9348E+0	804,2946E-9	3,0000E+0	2,4385E+0	2,4391E+0	-798,8772E-9
151,4474E+0	807,6193E-9	3,0000E+0	2,4360E+0	2,4359E+0	-806,9111E-9
151,9601E+0	812,7117E-9	3,0000E+0	2,4317E+0	2,4319E+0	-815,5760E-9
152,4728E+0	817,1307E-9	3,0000E+0	2,4286E+0	2,4289E+0	-817,0903E-9
152,9855E+0	823,1489E-9	3,0000E+0	2,4244E+0	2,4246E+0	-827,3535E-9
153,4982E+0	828,1993E-9	3,0000E+0	2,4213E+0	2,4216E+0	-825,2503E-9
154,0109E+0	834,7226E-9	3,0000E+0	2,4168E+0	2,4168E+0	-831,2232E-9
154,5236E+0	834,2597E-9	3,0000E+0	2,4148E+0	2,4151E+0	-840,2246E-9
155,0362E+0	841,6247E-9	3,0000E+0	2,4096E+0	2,4102E+0	-842,7904E-9
155,5489E+0	845,2861E-9	3,0000E+0	2,4075E+0	2,4076E+0	-846,0712E-9
156,0616E+0	853,4088E-9	3,0000E+0	2,4021E+0	2,4028E+0	-852,1703E-9
156,5743E+0	855,6813E-9	3,0000E+0	2,3999E+0	2,4002E+0	-857,4702E-9
157,0870E+0	862,8780E-9	3,0000E+0	2,3955E+0	2,3957E+0	-861,6344E-9
157,5997E+0	866,7079E-9	3,0000E+0	2,3922E+0	2,3924E+0	-867,4389E-9
158,1124E+0	872,5999E-9	3,0000E+0	2,3880E+0	2,3882E+0	-871,0563E-9
158,6251E+0	875,2933E-9	3,0000E+0	2,3851E+0	2,3851E+0	-876,5245E-9
159,1377E+0	880,3857E-9	3,0000E+0	2,3806E+0	2,3814E+0	-881,6140E-9
159,6504E+0	883,7526E-9	3,0000E+0	2,3787E+0	2,3787E+0	-881,7822E-9
160,1631E+0	889,7288E-9	3,0000E+0	2,3742E+0	2,3743E+0	-890,6574E-9
160,6758E+0	893,5165E-9	3,0000E+0	2,3703E+0	2,3711E+0	-895,6208E-9
161,1884E+0	901,3024E-9	3,0000E+0	2,3665E+0	2,3666E+0	-896,7144E-9
161,7012E+0	903,8275E-9	3,0000E+0	2,3636E+0	2,3637E+0	-905,1689E-9
162,2139E+0	911,6976E-9	3,0000E+0	2,3591E+0	2,3594E+0	-910,5530E-9
162,7265E+0	913,8440E-9	3,0000E+0	2,3564E+0	2,3567E+0	-914,4647E-9
163,2392E+0	920,2831E-9	3,0000E+0	2,3519E+0	2,3520E+0	-923,0455E-9
163,7519E+0	927,6902E-9	3,0000E+0	2,3472E+0	2,3476E+0	-929,6913E-9
164,2646E+0	932,9510E-9	3,0000E+0	2,3441E+0	2,3442E+0	-926,7050E-9
164,7773E+0	935,6444E-9	3,0000E+0	2,3403E+0	2,3408E+0	-938,0197E-9
165,2900E+0	938,3800E-9	3,0000E+0	2,3381E+0	2,3384E+0	-941,9736E-9
165,8027E+0	945,9134E-9	3,0000E+0	2,3333E+0	2,3338E+0	-942,7727E-9
166,3154E+0	948,1018E-9	3,0000E+0	2,3308E+0	2,3309E+0	-952,8257E-9
166,8280E+0	956,6874E-9	3,0000E+0	2,3261E+0	2,3260E+0	-953,9193E-9
167,3407E+0	959,0442E-9	3,0000E+0	2,3232E+0	2,3235E+0	-955,8540E-9
167,8534E+0	963,3791E-9	3,0000E+0	2,3187E+0	2,3189E+0	-967,9680E-9
168,3661E+0	967,0827E-9	3,0000E+0	2,3158E+0	2,3161E+0	-967,9680E-9
168,8788E+0	973,4375E-9	3,0000E+0	2,3110E+0	2,3114E+0	-970,7021E-9
169,3915E+0	975,4997E-9	3,0000E+0	2,3086E+0	2,3087E+0	-976,2965E-9
169,9042E+0	980,7184E-9	3,0000E+0	2,3046E+0	2,3051E+0	-978,5257E-9
170,4168E+0	984,2536E-9	3,0000E+0	2,3019E+0	2,3023E+0	-980,2503E-9
170,9295E+0	988,7148E-9	3,0000E+0	2,2969E+0	2,2977E+0	-993,4579E-9
171,4422E+0	993,1337E-9	3,0000E+0	2,2944E+0	2,2948E+0	-994,7198E-9
171,9549E+0	1,0013E-6	3,0000E+0	2,2897E+0	2,2902E+0	-997,4539E-9
172,4675E+0	1,0030E-6	3,0000E+0	2,2870E+0	2,2872E+0	-1,0090E-6
172,9802E+0	1,0116E-6	3,0000E+0	2,2822E+0	2,2826E+0	-1,0079E-6
173,4929E+0	1,0152E-6	3,0000E+0	2,2793E+0	2,2796E+0	-1,0140E-6
174,0056E+0	1,0197E-6	3,0000E+0	2,2756E+0	2,2761E+0	-1,0207E-6
174,5183E+0	1,0234E-6	3,0000E+0	2,2722E+0	2,2735E+0	-1,0231E-6
175,0310E+0	1,0295E-6	3,0000E+0	2,2683E+0	2,2687E+0	-1,0305E-6
175,5436E+0	1,0349E-6	3,0000E+0	2,2654E+0	2,2651E+0	-1,0379E-6
176,0563E+0	1,0446E-6	3,0000E+0	2,2594E+0	2,2596E+0	-1,0390E-6
176,5690E+0	1,0486E-6	3,0000E+0	2,2555E+0	2,2555E+0	-1,0499E-6
177,0817E+0	1,0571E-6	3,0000E+0	2,2504E+0	2,2507E+0	-1,0592E-6
177,5944E+0	1,0647E-6	3,0000E+0	2,2463E+0	2,2466E+0	-1,0582E-6
178,1071E+0	1,0702E-6	3,0000E+0	2,2416E+0	2,2423E+0	-1,0682E-6
178,6198E+0	1,0743E-6	3,0000E+0	2,2379E+0	2,2387E+0	-1,0789E-6
179,1325E+0	1,0835E-6	3,0000E+0	2,2331E+0	2,2334E+0	-1,0827E-6
179,6451E+0	1,0893E-6	3,0000E+0	2,2289E+0	2,2296E+0	-1,0884E-6
180,1578E+0	1,0854E-6	3,0000E+0	2,2301E+0	2,2304E+0	-1,0886E-6
180,6705E+0	1,0836E-6	3,0000E+0	2,2310E+0	2,2310E+0	-1,0814E-6
181,1832E+0	1,0826E-6	3,0000E+0	2,2311E+0	2,2314E+0	-1,0826E-6
181,6959E+0	1,0785E-6	3,0000E+0	2,2321E+0	2,2322E+0	-1,0815E-6
182,2086E+0	1,0768E-6	3,0000E+0	2,2319E+0	2,2325E+0	-1,0769E-6
182,7213E+0	1,0742E-6	3,0000E+0	2,2325E+0	2,2332E+0	-1,0792E-6
183,2340E+0	1,0734E-6	3,0000E+0	2,2325E+0	2,2334E+0	-1,0737E-6
183,7466E+0	1,0729E-6	3,0000E+0	2,2329E+0	2,2337E+0	-1,0678E-6
184,2593E+0	1,0689E-6	3,0000E+0	2,2338E+0	2,2340E+0	-1,0736E-6
184,7720E+0	1,0684E-6	3,0000E+0	2,2342E+0	2,2343E+0	-1,0659E-6
185,2847E+0	1,0674E-6	3,0000E+0	2,2341E+0	2,2344E+0	-1,0628E-6
185,7974E+0	1,0655E-6	3,0000E+0	2,2341E+0	2,2350E+0	-1,0646E-6
186,3101E+0	1,0646E-6	3,0000E+0	2,2345E+0	2,2352E+0	-1,0596E-6
186,8228E+0	1,0630E-6	3,0000E+0	2,2351E+0	2,2354E+0	-1,0606E-6
187,3355E+0	1,0600E-6	3,0000E+0	2,2351E+0	2,2359E+0	-1,0658E-6
187,8482E+0	1,0613E-6	3,0000E+0	2,2356E+0	2,2359E+0	-1,0550E-6
188,3609E+0	1,0585E-6	3,0000E+0	2,2363E+0	2,2360E+0	-1,0597E-6
188,8735E+0	1,0579E-6	3,0000E+0	2,2364E+0	2,2365E+0	-1,0577E-6
189,3862E+0	1,0571E-6	3,0000E+0	2,2366E+0	2,2368E+0	-1,0525E-6
189,8989E+0	1,0549E-6	3,0000E+0	2,2368E+0	2,2371E+0	-1,0581E-6
190,4116E+0	1,0553E-6	3,0000E+0	2,2369E+0	2,2371E+0	-1,0534E-6
190,9243E+0	1,0542E-6	3,0000E+0	2,2370E+0	2,2372E+0	-1,0489E-6
191,4369E+0	1,0519E-6	3,0000E+0	2,2370E+0	2,2373E+0	-1,0559E-6
191,9496E+0	1,0526E-6	3,0000E+0	2,2371E+0	2,2376E+0	-1,0506E-6
192,4623E+0	1,0506E-6	3,0000E+0	2,2377E+0	2,2382E+0	-1,0495E-6
192,9750E+0	1,0492E-6	3,0000E+0	2,2372E+0	2,2382E+0	-1,0514E-6
193,4877E+0	1,0476E-6	3,0000E+0	2,2376E+0	2,2383E+0	-1,0501E-6
194,0004E+0	1,0478E-6	3,0000E+0	2,2380E+0	2,2384E+0	-1,0453E-6
194,5130E+0	1,0464E-6	3,0000E+0	2,2380E+0	2,2382E+0	-1,0462E-6
195,0257E+0	1,0449E-6	3,0000E+0	2,2381E+0	2,2384E+0	-1,0444E-6
195,5384E+0	1,0437E-6	3,0000E+0	2,2382E+0	2,2388E+0	-1,0443E-6
196,0510E+0	1,0433E-6	3,0000E+0	2,2387E+0	2,2389E+0	-1,0438E-6
196,5637E+0	1,0431E-6	3,0000E+0	2,2384E+0	2,2388E+0	-1,0380E-6
197,0764E+0	1,0420E-6	3,0000E+0	2,2391E+0	2,2389E+0	-1,0394E-6
197,5891E+0	1,0405E-6	3,0000E+0	2,2386E+0	2,2391E+0	-1,0393E-6
198,1018E+0	1,0396E-6	3,0000E+0	2,2390E+0	2,2394E+0	-1,0371E-6
198,6145E+0	1,0380E-6	3,0000E+0	2,2390E+0	2,2393E+0	-1,0382E-6
199,1272E+0	1,0359E-6	3,0000E+0	2,2390E+0	2,2396E+0	-1,0406E-6
199,6398E+0	1,0367E-6	3,0000E+0	2,2391E+0	2,2395E+0	-1,0338E-6
200,1525E+0	1,0347E-6	3,0000E+0	2,2394E+0	2,2394E+0	-1,0387E-6
200,6652E+0	1,0343E-6	3,0000E+0	2,2396E+0	2,2396E+0	-1,0343E-6
201,1779E+0	1,0331E-6	3,0000E+0	2,2396E+0	2,2396E+0	-1,0330E-6
201,6906E+0	1,0305E-6	3,0000E+0	2,2392E+0	2,2398E+0	-1,0368E-6
202,2033E+0	1,0319E-6	3,0000E+0	2,2396E+0	2,2399E+0	-1,0266E-6
202,7159E+0	1,0305E-6	3,0000E+0	2,2400E+0	2,2401E+0	-1,0265E-6
203,2286E+0	1,0290E-6	3,0000E+0	2,2397E+0	2,2400E+0	-1,0277E-6
203,7413E+0	1,0280E-6	3,0000E+0	2,2399E+0	2,2401E+0	-1,0226E-6
204,2539E+0	1,0268E-6	3,0000E+0	2,2396E+0	2,2400E+0	-1,0232E-6
204,7666E+0	1,0250E-6	3,0000E+0	2,2401E+0	2,2399E+0	-1,0256E-6
205,2793E+0	1,0236E-6	3,0000E+0	2,2399E+0	2,2401E+0	-1,0195E-6
205,7920E+0	1,0231E-6	3,0000E+0	2,2402E+0	2,2404E+0	-1,0239E-6
206,3046E+0	1,0228E-6	3,0000E+0	2,2397E+0	2,2404E+0	-1,0230E-6
206,8173E+0	1,0213E-6	3,0000E+0	2,2399E+0	2,2404E+0	-1,0200E-6
207,3299E+0	1,0194E-6	3,0000E+0	2,2403E+0	2,2404E+0	-1,0235E-6
207,8426E+0	1,0180E-6	3,0000E+0	2,2406E+0	2,2406E+0	-1,0209E-6
208,3553E+0	1,0188E-6	3,0000E+0	2,2406E+0	2,2408E+0	-1,0132E-6
208,8680E+0	1,0158E-6	3,0000E+0	2,2408E+0	2,2409E+0	-1,0208E-6
209,3806E+0	1,0156E-6	3,0000E+0	2,2406E+0	2,2407E+0	-1,0133E-6
209,8933E+0	1,0158E-6	3,0000E+0	2,2403E+0	2,2407E+0	-1,0104E-6
210,4060E+0	1,0139E-6	3,0000E+0	2,2406E+0	2,2409E+0	-1,0134E-6
210,9187E+0	1,0122E-6	3,0000E+0	2,2407E+0	2,2411E+0	-1,0110E-6
211,4314E+0	1,0103E-6	3,0000E+0	2,2406E+0	2,2411E+0	-1,0124E-6
211,9441E+0	1,0092E-6	3,0000E+0	2,2409E+0	2,2410E+0	-1,0144E-6
212,4568E+0	1,0101E-6	3,0000E+0	2,2403E+0	2,2411E+0	-1,0062E-6
212,9695E+0	1,0086E-6	3,0000E+0	2,2409E+0	2,2412E+0	-1,0099E-6
213,4822E+0	1,0055E-6	3,0000E+0	2,2411E+0	2,2413E+0	-1,0114E-6
213,9949E+0	1,0068E-6	3,0000E+0	2,2406E+0	2,2406E+0	-1,0032E-6
214,5075E+0	1,0047E-6	3,0000E+0	2,2409E+0	2,2413E+0	-1,0075E-6
215,0202E+0	1,0041E-6	3,0000E+0	2,2406E+0	2,2411E+0	-1,0066E-6
215,5329E+0	1,0039E-6	3,0000E+0	2,2401E+0	2,2409E+0	-1,0013E-6
216,0456E+0	1,0026E-6	3,0000E+0	2,2406E+0	2,2411E+0	-1,0062E-6
216,5583E+0	1,0037E-6	3,0000E+0	2,2411E+0	2,2412E+0	-1,0003E-6
217,0710E+0	1,0030E-6	3,0000E+0	2,2407E+0	2,2412E+0	-997,4117E-9
217,5836E+0	999,0257E-9	3,0000E+0	2,2412E+0	2,2414E+0	-1,0042E-6
218,0963E+0	998,5629E-9	3,0000E+0	2,2411E+0	2,2414E+0	-1,0004E-6
218,6091E+0	997,7632E-9	3,0000E+0	2,2408E+0	2,2410E+0	-996,9070E-9
219,1218E+0	995,9535E-9	3,0000E+0	2,2412E+0	2,2416E+0	-1,0014E-6
219,6345E+0	995,7852E-9	3,0000E+0	2,2407E+0	2,2413E+0	-996,5705E-9
220,1472E+0	996,1639E-9	3,0000E+0	2,2407E+0	2,2411E+0	-992,7428E-9
220,6598E+0	994,9434E-9	3,0000E+0	2,2406E+0	2,2413E+0	-995,9396E-9
221,1725E+0	995,0277E-9	3,0000E+0	2,2411E+0	2,2410E+0	-989,7984E-9
221,6852E+0	993,9755E-9	3,0000E+0	2,2409E+0	2,2412E+0	-990,4294E-9
222,1979E+0	993,0917E-9	3,0000E+0	2,2413E+0	2,2415E+0	-994,9300E-9
222,7106E+0	993,0495E-9	3,0000E+0	2,2411E+0	2,2412E+0	-986,8542E-9
223,2233E+0	990,6506E-9	3,0000E+0	2,2406E+0	2,2415E+0	-993,2476E-9
223,7360E+0	989,2198E-9	3,0000E+0	2,2415E+0	2,2414E+0	-993,9627E-9
224,2487E+0	989,4723E-9	3,0000E+0	2,2413E+0	2,2416E+0	-988,7890E-9
224,7614E+0	989,5984E-9	3,0000E+0	2,2411E+0	2,2415E+0	-988,1580E-9
225,2741E+0	988,9252E-9	3,0000E+0	2,2408E+0	2,2414E+0	-986,8542E-9
225,7868E+0	988,1255E-9	3,0000E+0	2,2409E+0	2,2411E+0	-983,6573E-9
226,2995E+0	985,8950E-9	3,0000E+0	2,2406E+0	2,2413E+0	-991,1024E-9
226,8122E+0	985,2216E-9	3,0000E+0	2,2409E+0	2,2414E+0	-988,1580E-9
227,3249E+0	986,0632E-9	3,0000E+0	2,2414E+0	2,2414E+0	-983,9938E-9
227,8376E+0	983,9169E-9	3,0000E+0	2,2411E+0	2,2412E+0	-989,7984E-9
228,3503E+0	984,0853E-9	3,0000E+0	2,2412E+0	2,2416E+0	-984,4565E-9
228,8630E+0	983,1595E-9	3,0000E+0	2,2406E+0	2,2414E+0	-984,6669E-9
229,3757E+0	983,7065E-9	3,0000E+0	2,2410E+0	2,2412E+0	-983,1526E-9
229,8884E+0	983,3277E-9	3,0000E+0	2,2409E+0	2,2414E+0	-980,3344E-9
230,4011E+0	981,1814E-9	3,0000E+0	2,2409E+0	2,2415E+0	-983,2788E-9
230,9137E+0	981,3917E-9	3,0000E+0	2,2410E+0	2,2412E+0	-982,6058E-9
231,4264E+0	980,1713E-9	3,0000E+0	2,2412E+0	2,2414E+0	-979,9559E-9
231,9391E+0	979,6662E-9	3,0000E+0	2,2410E+0	2,2411E+0	-981,8488E-9
232,4518E+0	979,1612E-9	3,0000E+0	2,2408E+0	2,2415E+0	-979,0725E-9
232,9645E+0	977,5620E-9	3,0000E+0	2,2405E+0	2,2415E+0	-977,4742E-9
233,4772E+0	977,4778E-9	3,0000E+0	2,2409E+0	2,2414E+0	-976,7591E-9
233,9898E+0	975,3314E-9	3,0000E+0	2,2411E+0	2,2418E+0	-976,7591E-9
234,5025E+0	974,5738E-9	3,0000E+0	2,2409E+0	2,2413E+0	-973,8989E-9
235,0152E+0	973,2692E-9	3,0000E+0	2,2407E+0	2,2411E+0	-974,9925E-9
235,5279E+0	973,9425E-9	3,0000E+0	2,2408E+0	2,2411E+0	-970,1973E-9
236,0406E+0	971,3754E-9	3,0000E+0	2,2409E+0	2,2414E+0	-971,1227E-9
236,5533E+0	969,6498E-9	3,0000E+0	2,2411E+0	2,2413E+0	-974,9925E-9
237,0660E+0	970,6179E-9	3,0000E+0	2,2408E+0	2,2411E+0	-966,1594E-9
237,5787E+0	969,4814E-9	3,0000E+0	2,2406E+0	2,2409E+0	-968,3466E-9
238,0914E+0	968,3873E-9	3,0000E+0	2,2407E+0	2,2409E+0	-968,8935E-9
238,6041E+0	966,8721E-9	3,0000E+0	2,2411E+0	2,2409E+0	-966,9164E-9
239,1168E+0	966,4093E-9	3,0000E+0	2,2409E+0	2,2411E+0	-966,5799E-9
239,6295E+0	966,2408E-9	3,0000E+0	2,2405E+0	2,2411E+0	-965,8229E-9
240,1422E+0	964,7679E-9	3,0000E+0	2,2411E+0	2,2409E+0	-963,2150E-9
240,6549E+0	964,5574E-9	3,0000E+0	2,2403E+0	2,2409E+0	-962,4999E-9
241,1676E+0	961,9060E-9	3,0000E+0	2,2409E+0	2,2411E+0	-966,5799E-9
241,6803E+0	963,7158E-9	3,0000E+0	2,2406E+0	2,2407E+0	-957,9152E-9
242,1930E+0	962,1165E-9	3,0000E+0	2,2405E+0	2,2406E+0	-961,6167E-9
242,7057E+0	960,3909E-9	3,0000E+0	2,2410E+0	2,2410E+0	-962,4999E-9
243,2184E+0	959,8859E-9	3,0000E+0	2,2401E+0	2,2406E+0	-960,2707E-9
243,7311E+0	959,8018E-9	3,0000E+0	2,2406E+0	2,2409E+0	-959,9762E-9
244,2438E+0	960,1806E-9	3,0000E+0	2,2407E+0	2,2407E+0	-955,6859E-9
244,7565E+0	957,7395E-9	3,0000E+0	2,2408E+0	2,2409E+0	-958,0413E-9
245,2692E+0	957,7816E-9	3,0000E+0	2,2401E+0	2,2408E+0	-957,8730E-9
245,7819E+0	957,7395E-9	3,0000E+0	2,2404E+0	2,2407E+0	-952,2789E-9
246,2945E+0	956,7716E-9	3,0000E+0	2,2401E+0	2,2403E+0	-952,3630E-9
246,8073E+0	954,4568E-9	3,0000E+0	2,2402E+0	2,2405E+0	-955,0970E-9
247,3200E+0	954,5411E-9	3,0000E+0	2,2403E+0	2,2402E+0	-948,3671E-9
247,8327E+0	951,4687E-9	3,0000E+0	2,2402E+0	2,2407E+0	-955,1389E-9
248,3454E+0	951,9738E-9	3,0000E+0	2,2395E+0	2,2408E+0	-950,3019E-9
248,8580E+0	951,9738E-9	3,0000E+0	2,2401E+0	2,2402E+0	-945,1703E-9
249,3707E+0	949,9536E-9	3,0000E+0	2,2400E+0	2,2403E+0	-949,0821E-9
249,8834E+0	948,9856E-9	3,0000E+0	2,2401E+0	2,2401E+0	-946,4742E-9
250,3961E+0	948,9015E-9	3,0000E+0	2,2397E+0	2,2404E+0	-942,6886E-9
250,9088E+0	947,1760E-9	3,0000E+0	2,2400E+0	2,2403E+0	-947,0631E-9
251,4214E+0	945,1979E-9	3,0000E+0	2,2401E+0	2,2404E+0	-945,0441E-9
251,9341E+0	946,1238E-9	3,0000E+0	2,2399E+0	2,2401E+0	-941,5530E-9
252,4468E+0	942,7569E-9	3,0000E+0	2,2401E+0	2,2403E+0	-947,8202E-9
252,9595E+0	943,7249E-9	3,0000E+0	2,2399E+0	2,2400E+0	-938,7348E-9
253,4722E+0	941,1997E-9	3,0000E+0	2,2394E+0	2,2402E+0	-943,7823E-9
253,9848E+0	940,7789E-9	3,0000E+0	2,2398E+0	2,2403E+0	-941,6791E-9
254,4975E+0	941,1577E-9	3,0000E+0	2,2393E+0	2,2399E+0	-936,2531E-9
255,0102E+0	938,2117E-9	3,0000E+0	2,2401E+0	2,2401E+0	-943,1933E-9
255,5229E+0	939,4743E-9	3,0000E+0	2,2401E+0	2,2399E+0	-937,6411E-9
256,0356E+0	937,7908E-9	3,0000E+0	2,2398E+0	2,2400E+0	-936,3793E-9
256,5483E+0	936,7387E-9	3,0000E+0	2,2396E+0	2,2399E+0	-939,8284E-9
257,0610E+0	936,2757E-9	3,0000E+0	2,2396E+0	2,2398E+0	-933,7714E-9
257,5737E+0	936,1495E-9	3,0000E+0	2,2400E+0	2,2403E+0	-936,0427E-9
258,0864E+0	934,2556E-9	3,0000E+0	2,2397E+0	2,2400E+0	-939,9545E-9
258,5990E+0	934,6765E-9	3,0000E+0	2,2396E+0	2,2399E+0	-934,0238E-9
259,1117E+0	935,2236E-9	3,0000E+0	2,2396E+0	2,2395E+0	-933,8555E-9
259,6244E+0	934,4239E-9	3,0000E+0	2,2392E+0	2,2396E+0	-933,5190E-9
260,1371E+0	933,7085E-9	3,0000E+0	2,2395E+0	2,2399E+0	-931,1635E-9
260,6498E+0	931,9830E-9	3,0000E+0	2,2393E+0	2,2396E+0	-935,6221E-9
261,1624E+0	933,5822E-9	3,0000E+0	2,2387E+0	2,2392E+0	-930,0699E-9
261,6751E+0	932,4880E-9	3,0000E+0	2,2391E+0	2,2397E+0	-928,4715E-9
262,1878E+0	930,5941E-9	3,0000E+0	2,2392E+0	2,2397E+0	-934,1920E-9
262,7005E+0	930,4258E-9	3,0000E+0	2,2391E+0	2,2394E+0	-929,3969E-9
263,2132E+0	931,2254E-9	3,0000E+0	2,2390E+0	2,2393E+0	-927,1255E-9
263,7259E+0	928,6582E-9	3,0000E+0	2,2395E+0	2,2397E+0	-934,1079E-9
264,2386E+0	930,0891E-9	3,0000E+0	2,2389E+0	2,2391E+0	-924,9803E-9
264,7513E+0	929,5420E-9	3,0000E+0	2,2385E+0	2,2389E+0	-928,7659E-9
265,2639E+0	928,5740E-9	3,0000E+0	2,2389E+0	2,2389E+0	-928,7659E-9
265,7766E+0	927,8585E-9	3,0000E+0	2,2391E+0	2,2391E+0	-926,2843E-9
266,2893E+0	926,5960E-9	3,0000E+0	2,2379E+0	2,2388E+0	-927,9668E-9
266,8020E+0	927,1010E-9	3,0000E+0	2,2384E+0	2,2389E+0	-929,1025E-9
267,3147E+0	927,6902E-9	3,0000E+0	2,2386E+0	2,2389E+0	-921,0265E-9
267,8274E+0	925,2493E-9	3,0000E+0	2,2389E+0	2,2392E+0	-929,9016E-9
268,3401E+0	926,9748E-9	3,0000E+0	2,2386E+0	2,2387E+0	-921,9098E-9
268,8528E+0	924,7021E-9	3,0000E+0	2,2381E+0	2,2393E+0	-925,0224E-9
269,3655E+0	923,3975E-9	3,0000E+0	2,2384E+0	2,2390E+0	-929,1866E-9
269,8781E+0	925,5859E-9	3,0000E+0	2,2385E+0	2,2388E+0	-919,8907E-9
270,3908E+0	923,3975E-9	3,0000E+0	2,2384E+0	2,2387E+0	-925,1065E-9
270,9035E+0	924,3655E-9	3,0000E+0	2,2383E+0	2,2387E+0	-922,7089E-9
271,4162E+0	922,8503E-9	3,0000E+0	2,2381E+0	2,2388E+0	-921,6994E-9
271,9289E+0	923,1870E-9	3,0000E+0	2,2381E+0	2,2386E+0	-921,6153E-9
272,4417E+0	920,7881E-9	3,0000E+0	2,2385E+0	2,2384E+0	-923,7605E-9
272,9543E+0	922,1769E-9	3,0000E+0	2,2381E+0	2,2384E+0	-916,9043E-9
273,4670E+0	918,3892E-9	3,0000E+0	2,2382E+0	2,2386E+0	-924,2232E-9
273,9797E+0	918,5155E-9	3,0000E+0	2,2379E+0	2,2385E+0	-916,7360E-9
274,4924E+0	918,4734E-9	3,0000E+0	2,2380E+0	2,2381E+0	-914,2124E-9
275,0051E+0	915,4433E-9	3,0000E+0	2,2376E+0	2,2384E+0	-921,4892E-9
275,5178E+0	919,2310E-9	3,0000E+0	2,2382E+0	2,2384E+0	-917,9980E-9
276,0304E+0	921,5877E-9	3,0000E+0	2,2378E+0	2,2380E+0	-915,6846E-9
276,5431E+0	920,2831E-9	3,0000E+0	2,2377E+0	2,2379E+0	-921,6994E-9
277,0558E+0	920,4936E-9	3,0000E+0	2,2379E+0	2,2382E+0	-918,9234E-9
277,5685E+0	921,4615E-9	3,0000E+0	2,2374E+0	2,2381E+0	-918,5869E-9
278,0812E+0	918,2209E-9	3,0000E+0	2,2381E+0	2,2383E+0	-924,3494E-9
278,5939E+0	919,1889E-9	3,0000E+0	2,2379E+0	2,2382E+0	-919,8487E-9
279,1066E+0	919,3573E-9	3,0000E+0	2,2371E+0	2,2379E+0	-920,5217E-9
279,6193E+0	919,3993E-9	3,0000E+0	2,2374E+0	2,2375E+0	-918,7551E-9
280,1320E+0	919,2731E-9	3,0000E+0	2,2371E+0	2,2379E+0	-915,3481E-9
280,6447E+0	915,9904E-9	3,0000E+0	2,2370E+0	2,2377E+0	-922,6669E-9
281,1574E+0	916,1587E-9	3,0000E+0	2,2375E+0	2,2374E+0	-915,6004E-9
281,6701E+0	915,8641E-9	3,0000E+0	2,2373E+0	2,2378E+0	-915,2218E-9
282,1828E+0	915,9482E-9	3,0000E+0	2,2374E+0	2,2375E+0	-915,6425E-9
282,6955E+0	915,3169E-9	3,0000E+0	2,2372E+0	2,2374E+0	-911,3522E-9
283,2082E+0	913,4231E-9	3,0000E+0	2,2374E+0	2,2375E+0	-916,5258E-9
283,7209E+0	914,9382E-9	3,0000E+0	2,2368E+0	2,2374E+0	-913,1608E-9
284,2336E+0	913,0022E-9	3,0000E+0	2,2373E+0	2,2373E+0	-913,0346E-9
284,7462E+0	913,6756E-9	3,0000E+0	2,2370E+0	2,2374E+0	-913,2029E-9
285,2589E+0	911,8239E-9	3,0000E+0	2,2368E+0	2,2371E+0	-914,3386E-9
285,7717E+0	913,5914E-9	3,0000E+0	2,2366E+0	2,2369E+0	-906,5149E-9
286,2843E+0	910,6034E-9	3,0000E+0	2,2366E+0	2,2371E+0	-914,7592E-9
286,7970E+0	909,8458E-9	3,0000E+0	2,2370E+0	2,2369E+0	-912,7822E-9
287,3097E+0	909,9300E-9	3,0000E+0	2,2366E+0	2,2370E+0	-909,2911E-9
287,8224E+0	910,6455E-9	3,0000E+0	2,2366E+0	2,2369E+0	-910,4688E-9
288,3351E+0	910,8138E-9	3,0000E+0	2,2368E+0	2,2371E+0	-909,6276E-9
288,8477E+0	910,4350E-9	3,0000E+0	2,2361E+0	2,2364E+0	-909,0807E-9
289,3604E+0	910,7717E-9	3,0000E+0	2,2367E+0	2,2366E+0	-910,4688E-9
289,8731E+0	909,8879E-9	3,0000E+0	2,2365E+0	2,2367E+0	-909,1648E-9
290,3858E+0	909,1725E-9	3,0000E+0	2,2365E+0	2,2366E+0	-913,1188E-9
290,8985E+0	909,1303E-9	3,0000E+0	2,2361E+0	2,2368E+0	-913,9179E-9
291,4112E+0	910,3929E-9	3,0000E+0	2,2364E+0	2,2365E+0	-908,3236E-9
291,9239E+0	911,1084E-9	3,0000E+0	2,2361E+0	2,2363E+0	-910,4267E-9
292,4365E+0	909,8037E-9	3,0000E+0	2,2360E+0	2,2365E+0	-912,5719E-9
292,9492E+0	910,8559E-9	3,0000E+0	2,2357E+0	2,2359E+0	-908,7022E-9
293,4619E+0	910,8980E-9	3,0000E+0	2,2361E+0	2,2361E+0	-911,1838E-9
293,9746E+0	909,9300E-9	3,0000E+0	2,2359E+0	2,2360E+0	-908,8284E-9
294,4872E+0	910,0983E-9	3,0000E+0	2,2356E+0	2,2360E+0	-909,0807E-9
294,9999E+0	909,8037E-9	3,0000E+0	2,2358E+0	2,2360E+0	-911,4363E-9
295,5126E+0	910,0983E-9	3,0000E+0	2,2360E+0	2,2363E+0	-907,6927E-9
296,0253E+0	909,1303E-9	3,0000E+0	2,2359E+0	2,2358E+0	-908,7022E-9
296,5380E+0	909,4670E-9	3,0000E+0	2,2349E+0	2,2356E+0	-910,2164E-9
297,0507E+0	909,6775E-9	3,0000E+0	2,2355E+0	2,2356E+0	-905,2951E-9
297,5634E+0	909,4250E-9	3,0000E+0	2,2353E+0	2,2355E+0	-907,0617E-9
298,0760E+0	909,0462E-9	3,0000E+0	2,2352E+0	2,2357E+0	-908,9966E-9
298,5888E+0	909,4250E-9	3,0000E+0	2,2353E+0	2,2354E+0	-904,1174E-9
299,1014E+0	908,9199E-9	3,0000E+0	2,2351E+0	2,2354E+0	-906,8935E-9
299,6141E+0	909,0883E-9	3,0000E+0	2,2350E+0	2,2354E+0	-906,9777E-9
300,1268E+0	907,3207E-9	3,0000E+0	2,2353E+0	2,2356E+0	-905,6737E-9
300,6395E+0	906,1002E-9	3,0000E+0	2,2352E+0	2,2354E+0	-910,2584E-9
301,1522E+0	905,1743E-9	3,0000E+0	2,2356E+0	2,2354E+0	-908,7443E-9
301,6649E+0	904,9218E-9	3,0000E+0	2,2349E+0	2,2351E+0	-905,4634E-9
302,1776E+0	903,6171E-9	3,0000E+0	2,2348E+0	2,2353E+0	-909,4593E-9
302,6903E+0	903,7855E-9	3,0000E+0	2,2345E+0	2,2351E+0	-903,8230E-9
303,2030E+0	903,0700E-9	3,0000E+0	2,2351E+0	2,2350E+0	-905,0427E-9
303,7157E+0	902,0599E-9	3,0000E+0	2,2351E+0	2,2352E+0	-908,1133E-9
304,2284E+0	902,9017E-9	3,0000E+0	2,2346E+0	2,2349E+0	-901,7619E-9
304,7411E+0	903,6592E-9	3,0000E+0	2,2346E+0	2,2346E+0	-900,3318E-9
305,2538E+0	901,5128E-9	3,0000E+0	2,2349E+0	2,2349E+0	-905,8419E-9
305,7665E+0	901,7233E-9	3,0000E+0	2,2346E+0	2,2350E+0	-901,0889E-9
306,2792E+0	901,0498E-9	3,0000E+0	2,2346E+0	2,2347E+0	-904,1174E-9
306,7919E+0	900,7131E-9	3,0000E+0	2,2344E+0	2,2344E+0	-901,3833E-9
307,3046E+0	902,7333E-9	3,0000E+0	2,2336E+0	2,2345E+0	-895,6628E-9
307,8173E+0	900,7553E-9	3,0000E+0	2,2342E+0	2,2345E+0	-902,4349E-9
308,3300E+0	901,6391E-9	3,0000E+0	2,2341E+0	2,2341E+0	-898,2707E-9
308,8427E+0	901,6811E-9	3,0000E+0	2,2339E+0	2,2340E+0	-895,7049E-9
309,3554E+0	898,4406E-9	3,0000E+0	2,2339E+0	2,2344E+0	-904,4538E-9
309,8681E+0	900,6290E-9	3,0000E+0	2,2340E+0	2,2343E+0	-897,3033E-9
310,3808E+0	900,3344E-9	3,0000E+0	2,2340E+0	2,2341E+0	-896,6724E-9
310,8935E+0	898,3985E-9	3,0000E+0	2,2336E+0	2,2342E+0	-902,9818E-9
311,4063E+0	899,3243E-9	3,0000E+0	2,2337E+0	2,2339E+0	-896,9247E-9
311,9189E+0	899,1140E-9	3,0000E+0	2,2339E+0	2,2339E+0	-897,0930E-9
312,4316E+0	897,4305E-9	3,0000E+0	2,2339E+0	2,2339E+0	-902,4770E-9
312,9443E+0	897,9776E-9	3,0000E+0	2,2340E+0	2,2339E+0	-897,3874E-9
313,4570E+0	899,0298E-9	3,0000E+0	2,2336E+0	2,2337E+0	-896,9668E-9
313,9697E+0	897,8513E-9	3,0000E+0	2,2330E+0	2,2335E+0	-898,5651E-9
314,4824E+0	898,2301E-9	3,0000E+0	2,2331E+0	2,2334E+0	-893,3915E-9
314,9951E+0	896,0837E-9	3,0000E+0	2,2331E+0	2,2336E+0	-900,1214E-9
315,5078E+0	897,3884E-9	3,0000E+0	2,2331E+0	2,2332E+0	-894,8216E-9
316,0205E+0	896,5467E-9	3,0000E+0	2,2334E+0	2,2334E+0	-895,7470E-9
316,5332E+0	895,7891E-9	3,0000E+0	2,2332E+0	2,2333E+0	-901,9722E-9
317,0459E+0	897,9776E-9	3,0000E+0	2,2332E+0	2,2332E+0	-896,3779E-9
317,5586E+0	898,5668E-9	3,0000E+0	2,2331E+0	2,2333E+0	-895,9993E-9
318,0712E+0	896,5887E-9	3,0000E+0	2,2325E+0	2,2335E+0	-903,3182E-9
318,5839E+0	899,3243E-9	3,0000E+0	2,2327E+0	2,2327E+0	-894,4431E-9
319,0966E+0	897,4726E-9	3,0000E+0	2,2330E+0	2,2330E+0	-900,5000E-9
319,6093E+0	896,9254E-9	3,0000E+0	2,2324E+0	2,2329E+0	-901,2151E-9
320,1220E+0	897,3884E-9	3,0000E+0	2,2331E+0	2,2332E+0	-898,2707E-9
320,6347E+0	897,5988E-9	3,0000E+0	2,2325E+0	2,2324E+0	-899,4905E-9
321,1474E+0	898,3564E-9	3,0000E+0	2,2325E+0	2,2326E+0	-895,5367E-9
321,6601E+0	899,4928E-9	3,0000E+0	2,2319E+0	2,2325E+0	-892,5502E-9
322,1728E+0	896,7992E-9	3,0000E+0	2,2318E+0	2,2324E+0	-901,9722E-9
322,6855E+0	897,3042E-9	3,0000E+0	2,2324E+0	2,2324E+0	-896,9247E-9
323,1982E+0	898,7352E-9	3,0000E+0	2,2321E+0	2,2322E+0	-893,0129E-9
323,7108E+0	896,2099E-9	3,0000E+0	2,2325E+0	2,2325E+0	-900,4159E-9
324,2235E+0	898,1881E-9	3,0000E+0	2,2320E+0	2,2322E+0	-891,9613E-9
324,7362E+0	895,6208E-9	3,0000E+0	2,2319E+0	2,2324E+0	-898,5651E-9
325,2489E+0	896,4626E-9	3,0000E+0	2,2319E+0	2,2319E+0	-896,2517E-9
325,7616E+0	896,5046E-9	3,0000E+0	2,2315E+0	2,2320E+0	-892,6344E-9
326,2743E+0	895,4104E-9	3,0000E+0	2,2318E+0	2,2319E+0	-895,8311E-9
326,7870E+0	894,4845E-9	3,0000E+0	2,2320E+0	2,2320E+0	-896,7144E-9
327,2997E+0	894,8633E-9	3,0000E+0	2,2312E+0	2,2318E+0	-891,0780E-9
327,8123E+0	893,2640E-9	3,0000E+0	2,2317E+0	2,2318E+0	-897,3874E-9
328,3250E+0	893,3902E-9	3,0000E+0	2,2317E+0	2,2319E+0	-893,8121E-9
328,8377E+0	894,5266E-9	3,0000E+0	2,2311E+0	2,2316E+0	-888,6805E-9
329,3504E+0	892,3802E-9	3,0000E+0	2,2315E+0	2,2316E+0	-895,1581E-9
329,8631E+0	892,8010E-9	3,0000E+0	2,2315E+0	2,2316E+0	-891,3304E-9
330,3757E+0	892,9694E-9	3,0000E+0	2,2304E+0	2,2315E+0	-890,1106E-9
330,8884E+0	891,3281E-9	3,0000E+0	2,2312E+0	2,2315E+0	-895,1581E-9
331,4012E+0	892,8010E-9	3,0000E+0	2,2313E+0	2,2314E+0	-887,6289E-9
331,9138E+0	890,9914E-9	3,0000E+0	2,2311E+0	2,2314E+0	-893,8542E-9
332,4265E+0	889,8971E-9	3,0000E+0	2,2308E+0	2,2310E+0	-895,8311E-9
332,9392E+0	892,2960E-9	3,0000E+0	2,2305E+0	2,2308E+0	-886,3670E-9
333,4519E+0	890,4864E-9	3,0000E+0	2,2300E+0	2,2306E+0	-893,0550E-9
333,9646E+0	890,1497E-9	3,0000E+0	2,2310E+0	2,2313E+0	-892,2137E-9
334,4773E+0	891,4122E-9	3,0000E+0	2,2300E+0	2,2307E+0	-886,4932E-9
334,9900E+0	889,2658E-9	3,0000E+0	2,2309E+0	2,2309E+0	-893,8121E-9
335,5027E+0	889,6025E-9	3,0000E+0	2,2300E+0	2,2310E+0	-890,1947E-9
336,0154E+0	890,6126E-9	3,0000E+0	2,2302E+0	2,2304E+0	-887,5447E-9
336,5280E+0	888,0874E-9	3,0000E+0	2,2305E+0	2,2310E+0	-894,0224E-9
337,0407E+0	890,1076E-9	3,0000E+0	2,2303E+0	2,2305E+0	-885,5679E-9
337,5534E+0	890,1497E-9	3,0000E+0	2,2294E+0	2,2304E+0	-886,7456E-9
338,0661E+0	887,9612E-9	3,0000E+0	2,2302E+0	2,2303E+0	-891,6249E-9
338,5788E+0	888,0874E-9	3,0000E+0	2,2300E+0	2,2304E+0	-888,0496E-9
339,0915E+0	887,2879E-9	3,0000E+0	2,2295E+0	2,2304E+0	-891,6669E-9
339,6042E+0	886,7407E-9	3,0000E+0	2,2302E+0	2,2304E+0	-891,7510E-9
340,1169E+0	887,4562E-9	3,0000E+0	2,2301E+0	2,2303E+0	-886,9980E-9
340,6295E+0	887,1615E-9	3,0000E+0	2,2299E+0	2,2299E+0	-890,6995E-9
341,1422E+0	887,3720E-9	3,0000E+0	2,2298E+0	2,2300E+0	-887,5869E-9
341,6549E+0	887,5404E-9	3,0000E+0	2,2291E+0	2,2299E+0	-887,0400E-9
342,1676E+0	886,8670E-9	3,0000E+0	2,2290E+0	2,2299E+0	-888,3439E-9
342,6803E+0	887,2879E-9	3,0000E+0	2,2296E+0	2,2298E+0	-883,8433E-9
343,1930E+0	884,7205E-9	3,0000E+0	2,2297E+0	2,2296E+0	-885,8203E-9
343,7057E+0	883,1634E-9	3,0000E+0	2,2296E+0	2,2296E+0	-889,3534E-9
344,2184E+0	882,7847E-9	3,0000E+0	2,2290E+0	2,2296E+0	-882,2870E-9
344,7310E+0	881,3116E-9	3,0000E+0	2,2290E+0	2,2294E+0	-880,9410E-9
345,2437E+0	880,3857E-9	3,0000E+0	2,2288E+0	2,2289E+0	-883,3386E-9
345,7564E+0	879,8806E-9	3,0000E+0	2,2288E+0	2,2292E+0	-875,4729E-9
346,2691E+0	877,4818E-9	3,0000E+0	2,2291E+0	2,2292E+0	-879,3427E-9
346,7818E+0	878,1131E-9	3,0000E+0	2,2287E+0	2,2290E+0	-875,4729E-9
347,2945E+0	876,6821E-9	3,0000E+0	2,2286E+0	2,2289E+0	-872,9912E-9
347,8071E+0	874,4516E-9	3,0000E+0	2,2288E+0	2,2293E+0	-880,1839E-9
348,3198E+0	874,4938E-9	3,0000E+0	2,2287E+0	2,2291E+0	-876,6086E-9
348,8325E+0	875,8826E-9	3,0000E+0	2,2286E+0	2,2288E+0	-870,4254E-9
349,3452E+0	872,8103E-9	3,0000E+0	2,2287E+0	2,2289E+0	-877,7863E-9
349,8579E+0	873,9045E-9	3,0000E+0	2,2285E+0	2,2286E+0	-870,4675E-9
350,3706E+0	872,2211E-9	3,0000E+0	2,2283E+0	2,2287E+0	-871,4348E-9
350,8833E+0	871,5477E-9	3,0000E+0	2,2283E+0	2,2283E+0	-875,4308E-9
351,3960E+0	872,4736E-9	3,0000E+0	2,2284E+0	2,2283E+0	-868,4905E-9
351,9087E+0	870,4956E-9	3,0000E+0	2,2281E+0	2,2285E+0	-872,9071E-9
352,4214E+0	870,7059E-9	3,0000E+0	2,2279E+0	2,2283E+0	-871,8976E-9
352,9341E+0	871,5056E-9	3,0000E+0	2,2285E+0	2,2284E+0	-867,8596E-9
353,4468E+0	869,6959E-9	3,0000E+0	2,2277E+0	2,2283E+0	-872,3602E-9
353,9595E+0	870,2431E-9	3,0000E+0	2,2281E+0	2,2284E+0	-871,2666E-9
354,4722E+0	869,1488E-9	3,0000E+0	2,2279E+0	2,2281E+0	-869,7103E-9
354,9849E+0	868,7279E-9	3,0000E+0	2,2275E+0	2,2279E+0	-870,8040E-9
355,4976E+0	868,4754E-9	3,0000E+0	2,2276E+0	2,2278E+0	-870,4675E-9
356,0103E+0	868,3071E-9	3,0000E+0	2,2272E+0	2,2276E+0	-867,6493E-9
356,5230E+0	867,0024E-9	3,0000E+0	2,2276E+0	2,2278E+0	-872,4023E-9
357,0357E+0	867,5074E-9	3,0000E+0	2,2275E+0	2,2277E+0	-868,1961E-9
357,5484E+0	866,7920E-9	3,0000E+0	2,2272E+0	2,2276E+0	-867,3549E-9
358,0611E+0	866,4132E-9	3,0000E+0	2,2275E+0	2,2278E+0	-868,9112E-9
358,5738E+0	866,2449E-9	3,0000E+0	2,2270E+0	2,2272E+0	-862,7700E-9
359,0865E+0	865,8661E-9	3,0000E+0	2,2274E+0	2,2271E+0	-861,8026E-9
359,5992E+0	864,0143E-9	3,0000E+0	2,2270E+0	2,2274E+0	-868,2802E-9
360,1119E+0	865,6557E-9	3,0000E+0	2,2267E+0	2,2273E+0	-860,1201E-9
360,6246E+0	863,5093E-9	3,0000E+0	2,2267E+0	2,2273E+0	-866,8501E-9
361,1373E+0	864,0985E-9	3,0000E+0	2,2268E+0	2,2269E+0	-867,4389E-9
361,6500E+0	865,3611E-9	3,0000E+0	2,2266E+0	2,2269E+0	-863,5692E-9
362,1627E+0	865,0665E-9	3,0000E+0	2,2260E+0	2,2268E+0	-867,6072E-9
362,6754E+0	866,5816E-9	3,0000E+0	2,2267E+0	2,2269E+0	-867,8596E-9
363,1880E+0	868,0125E-9	3,0000E+0	2,2265E+0	2,2265E+0	-863,2327E-9
363,7008E+0	866,7499E-9	3,0000E+0	2,2256E+0	2,2265E+0	-870,1730E-9
364,2135E+0	868,0545E-9	3,0000E+0	2,2265E+0	2,2269E+0	-868,2802E-9
364,7262E+0	868,8963E-9	3,0000E+0	2,2260E+0	2,2263E+0	-864,4105E-9
365,2389E+0	867,1707E-9	3,0000E+0	2,2264E+0	2,2260E+0	-872,4443E-9
365,7516E+0	867,2970E-9	3,0000E+0	2,2262E+0	2,2265E+0	-870,5516E-9
366,2643E+0	868,0125E-9	3,0000E+0	2,2264E+0	2,2265E+0	-868,4484E-9
366,7769E+0	869,4014E-9	3,0000E+0	2,2260E+0	2,2258E+0	-868,9532E-9
367,2897E+0	868,4754E-9	3,0000E+0	2,2260E+0	2,2265E+0	-868,9532E-9
367,8024E+0	869,1488E-9	3,0000E+0	2,2259E+0	2,2260E+0	-865,4620E-9
368,3151E+0	867,2970E-9	3,0000E+0	2,2259E+0	2,2263E+0	-873,4959E-9
368,8278E+0	868,9384E-9	3,0000E+0	2,2255E+0	2,2258E+0	-865,1676E-9
369,3405E+0	868,9384E-9	3,0000E+0	2,2258E+0	2,2262E+0	-866,3033E-9
369,8531E+0	867,7179E-9	3,0000E+0	2,2260E+0	2,2259E+0	-871,0563E-9
370,3658E+0	868,2229E-9	3,0000E+0	2,2250E+0	2,2258E+0	-864,9153E-9
370,8786E+0	867,5916E-9	3,0000E+0	2,2250E+0	2,2255E+0	-866,8921E-9
371,3912E+0	868,8963E-9	3,0000E+0	2,2252E+0	2,2253E+0	-868,1541E-9
371,9039E+0	867,6757E-9	3,0000E+0	2,2247E+0	2,2255E+0	-866,5136E-9
372,4166E+0	867,3391E-9	3,0000E+0	2,2248E+0	2,2253E+0	-869,3738E-9
372,9293E+0	866,4554E-9	3,0000E+0	2,2248E+0	2,2252E+0	-870,5516E-9
373,4420E+0	868,2229E-9	3,0000E+0	2,2250E+0	2,2251E+0	-862,5177E-9
373,9547E+0	867,1707E-9	3,0000E+0	2,2250E+0	2,2250E+0	-867,2707E-9
374,4674E+0	864,6877E-9	3,0000E+0	2,2248E+0	2,2249E+0	-869,5000E-9
374,9801E+0	865,6557E-9	3,0000E+0	2,2244E+0	2,2251E+0	-862,7700E-9
375,4928E+0	864,8140E-9	3,0000E+0	2,2247E+0	2,2248E+0	-864,5787E-9
376,0055E+0	863,2147E-9	3,0000E+0	2,2246E+0	2,2251E+0	-865,5041E-9
376,5182E+0	864,2247E-9	3,0000E+0	2,2244E+0	2,2247E+0	-858,1852E-9
377,0309E+0	863,3410E-9	3,0000E+0	2,2238E+0	2,2243E+0	-861,6764E-9
377,5435E+0	861,8259E-9	3,0000E+0	2,2245E+0	2,2247E+0	-862,2653E-9
378,0562E+0	862,9622E-9	3,0000E+0	2,2245E+0	2,2247E+0	-859,2789E-9
378,5689E+0	862,0784E-9	3,0000E+0	2,2245E+0	2,2244E+0	-862,3495E-9
379,0816E+0	861,7838E-9	3,0000E+0	2,2241E+0	2,2243E+0	-860,5828E-9
379,5943E+0	861,9942E-9	3,0000E+0	2,2234E+0	2,2242E+0	-857,6384E-9
380,1070E+0	861,1946E-9	3,0000E+0	2,2240E+0	2,2243E+0	-861,9288E-9
380,6197E+0	861,3630E-9	3,0000E+0	2,2238E+0	2,2238E+0	-858,0170E-9
381,1324E+0	859,8058E-9	3,0000E+0	2,2240E+0	2,2243E+0	-859,5313E-9
381,6451E+0	860,3950E-9	3,0000E+0	2,2235E+0	2,2237E+0	-860,4566E-9
382,1577E+0	859,7636E-9	3,0000E+0	2,2235E+0	2,2237E+0	-858,9003E-9
382,6705E+0	859,8478E-9	3,0000E+0	2,2236E+0	2,2240E+0	-858,5218E-9
383,1831E+0	859,3848E-9	3,0000E+0	2,2230E+0	2,2236E+0	-860,2884E-9
383,6959E+0	860,3950E-9	3,0000E+0	2,2235E+0	2,2238E+0	-856,3345E-9
384,2086E+0	859,2586E-9	3,0000E+0	2,2235E+0	2,2237E+0	-857,4702E-9
384,7213E+0	857,8277E-9	3,0000E+0	2,2235E+0	2,2235E+0	-862,1391E-9
385,2339E+0	859,6373E-9	3,0000E+0	2,2234E+0	2,2235E+0	-854,6099E-9
385,7466E+0	859,0482E-9	3,0000E+0	2,2232E+0	2,2236E+0	-858,3534E-9
386,2593E+0	857,4069E-9	3,0000E+0	2,2230E+0	2,2232E+0	-862,2232E-9
386,7720E+0	859,7636E-9	3,0000E+0	2,2229E+0	2,2230E+0	-854,1052E-9
387,2847E+0	858,7957E-9	3,0000E+0	2,2227E+0	2,2229E+0	-856,6710E-9
387,7974E+0	857,9960E-9	3,0000E+0	2,2227E+0	2,2229E+0	-860,2884E-9
388,3101E+0	858,5432E-9	3,0000E+0	2,2227E+0	2,2229E+0	-855,6195E-9
388,8228E+0	857,9119E-9	3,0000E+0	2,2226E+0	2,2228E+0	-861,0033E-9
389,3355E+0	857,5331E-9	3,0000E+0	2,2222E+0	2,2233E+0	-861,1296E-9
389,8483E+0	859,0061E-9	3,0000E+0	2,2226E+0	2,2228E+0	-854,0210E-9
390,3609E+0	857,0281E-9	3,0000E+0	2,2223E+0	2,2228E+0	-860,9192E-9
390,8737E+0	858,3748E-9	3,0000E+0	2,2218E+0	2,2223E+0	-856,2924E-9
391,3863E+0	858,6273E-9	3,0000E+0	2,2217E+0	2,2224E+0	-852,5068E-9
391,8990E+0	856,7335E-9	3,0000E+0	2,2221E+0	2,2221E+0	-857,5543E-9
392,4117E+0	856,3547E-9	3,0000E+0	2,2220E+0	2,2226E+0	-855,0726E-9
392,9244E+0	856,7335E-9	3,0000E+0	2,2217E+0	2,2222E+0	-849,7307E-9
393,4371E+0	853,2403E-9	3,0000E+0	2,2220E+0	2,2221E+0	-858,1852E-9
393,9498E+0	854,9659E-9	3,0000E+0	2,2215E+0	2,2221E+0	-849,6886E-9
394,4625E+0	854,1663E-9	3,0000E+0	2,2217E+0	2,2223E+0	-852,5909E-9
394,9752E+0	851,7252E-9	3,0000E+0	2,2218E+0	2,2223E+0	-857,3439E-9
395,4879E+0	853,6613E-9	3,0000E+0	2,2215E+0	2,2217E+0	-847,8379E-9
396,0006E+0	852,0619E-9	3,0000E+0	2,2216E+0	2,2218E+0	-852,8433E-9
396,5133E+0	851,3886E-9	3,0000E+0	2,2215E+0	2,2219E+0	-854,3575E-9
397,0259E+0	851,3464E-9	3,0000E+0	2,2216E+0	2,2214E+0	-849,3521E-9
397,5386E+0	851,0939E-9	3,0000E+0	2,2214E+0	2,2216E+0	-849,6886E-9
398,0514E+0	850,7994E-9	3,0000E+0	2,2212E+0	2,2213E+0	-849,2259E-9
398,5640E+0	851,5990E-9	3,0000E+0	2,2210E+0	2,2212E+0	-844,4729E-9
399,0768E+0	850,0418E-9	3,0000E+0	2,2210E+0	2,2212E+0	-849,1418E-9
399,5894E+0	849,3685E-9	3,0000E+0	2,2210E+0	2,2213E+0	-850,9505E-9
400,1021E+0	849,2843E-9	3,0000E+0	2,2206E+0	2,2213E+0	-848,3005E-9
400,6148E+0	849,7051E-9	3,0000E+0	2,2205E+0	2,2211E+0	-849,2680E-9
401,1275E+0	847,4746E-9	3,0000E+0	2,2210E+0	2,2213E+0	-851,0767E-9
401,6402E+0	848,6951E-9	3,0000E+0	2,2205E+0	2,2210E+0	-848,2585E-9
402,1529E+0	848,5688E-9	3,0000E+0	2,2205E+0	2,2209E+0	-849,8990E-9
402,6656E+0	848,8634E-9	3,0000E+0	2,2205E+0	2,2207E+0	-845,5245E-9
403,1783E+0	849,1160E-9	3,0000E+0	2,2204E+0	2,2204E+0	-844,6411E-9
403,6909E+0	847,1379E-9	3,0000E+0	2,2199E+0	2,2206E+0	-848,4688E-9
404,2036E+0	848,0638E-9	3,0000E+0	2,2201E+0	2,2205E+0	-844,5570E-9
404,7163E+0	848,1479E-9	3,0000E+0	2,2201E+0	2,2203E+0	-844,2205E-9
405,2291E+0	846,9696E-9	3,0000E+0	2,2192E+0	2,2204E+0	-846,2816E-9
405,7418E+0	847,6429E-9	3,0000E+0	2,2197E+0	2,2203E+0	-842,5801E-9
406,2545E+0	846,0858E-9	3,0000E+0	2,2199E+0	2,2202E+0	-846,4918E-9
406,7672E+0	844,6128E-9	3,0000E+0	2,2199E+0	2,2203E+0	-849,7727E-9
407,2799E+0	844,7811E-9	3,0000E+0	2,2198E+0	2,2201E+0	-845,1458E-9
407,7925E+0	844,3182E-9	3,0000E+0	2,2196E+0	2,2199E+0	-848,0903E-9
408,3052E+0	844,5707E-9	3,0000E+0	2,2193E+0	2,2198E+0	-847,3332E-9
408,8180E+0	845,1178E-9	3,0000E+0	2,2196E+0	2,2197E+0	-840,2246E-9
409,3306E+0	843,7289E-9	3,0000E+0	2,2197E+0	2,2198E+0	-847,1649E-9
409,8433E+0	845,3282E-9	3,0000E+0	2,2196E+0	2,2193E+0	-841,5286E-9
410,3560E+0	843,2239E-9	3,0000E+0	2,2194E+0	2,2198E+0	-842,9586E-9
410,8687E+0	844,4024E-9	3,0000E+0	2,2184E+0	2,2195E+0	-843,2951E-9
411,3813E+0	844,7390E-9	3,0000E+0	2,2193E+0	2,2192E+0	-840,1404E-9
411,8941E+0	843,3081E-9	3,0000E+0	2,2189E+0	2,2190E+0	-843,2530E-9
412,4068E+0	842,3822E-9	3,0000E+0	2,2193E+0	2,2193E+0	-847,6275E-9
412,9195E+0	842,6769E-9	3,0000E+0	2,2184E+0	2,2193E+0	-843,5475E-9
413,4322E+0	842,7610E-9	3,0000E+0	2,2190E+0	2,2192E+0	-844,0522E-9
413,9449E+0	843,8552E-9	3,0000E+0	2,2185E+0	2,2190E+0	-843,0848E-9
414,4576E+0	842,6347E-9	3,0000E+0	2,2183E+0	2,2189E+0	-842,2857E-9
414,9702E+0	844,1077E-9	3,0000E+0	2,2184E+0	2,2186E+0	-840,7293E-9
415,4830E+0	842,9714E-9	3,0000E+0	2,2188E+0	2,2188E+0	-841,6547E-9
415,9957E+0	842,8872E-9	3,0000E+0	2,2182E+0	2,2188E+0	-837,4484E-9
416,5084E+0	843,0555E-9	3,0000E+0	2,2180E+0	2,2183E+0	-841,1499E-9
417,0211E+0	843,5185E-9	3,0000E+0	2,2179E+0	2,2183E+0	-840,2666E-9
417,5338E+0	844,0235E-9	3,0000E+0	2,2179E+0	2,2183E+0	-836,8596E-9
418,0464E+0	842,0456E-9	3,0000E+0	2,2179E+0	2,2182E+0	-843,7999E-9
418,5591E+0	843,6447E-9	3,0000E+0	2,2181E+0	2,2181E+0	-838,4580E-9
419,0718E+0	843,3922E-9	3,0000E+0	2,2177E+0	2,2178E+0	-837,1540E-9
419,5846E+0	841,3722E-9	3,0000E+0	2,2178E+0	2,2180E+0	-842,7904E-9
420,0973E+0	842,3402E-9	3,0000E+0	2,2176E+0	2,2178E+0	-839,0468E-9
420,6100E+0	842,6769E-9	3,0000E+0	2,2179E+0	2,2178E+0	-838,1635E-9
421,1227E+0	840,1517E-9	3,0000E+0	2,2177E+0	2,2180E+0	-846,4077E-9
421,6354E+0	842,1297E-9	3,0000E+0	2,2171E+0	2,2176E+0	-837,9532E-9
422,1481E+0	841,3722E-9	3,0000E+0	2,2177E+0	2,2178E+0	-842,7483E-9
422,6608E+0	842,9714E-9	3,0000E+0	2,2174E+0	2,2173E+0	-840,5190E-9
423,1735E+0	842,8030E-9	3,0000E+0	2,2164E+0	2,2177E+0	-837,0278E-9
423,6861E+0	841,5826E-9	3,0000E+0	2,2170E+0	2,2173E+0	-843,5475E-9
424,1988E+0	841,1197E-9	3,0000E+0	2,2174E+0	2,2176E+0	-845,6506E-9
424,7115E+0	843,5606E-9	3,0000E+0	2,2169E+0	2,2170E+0	-836,3548E-9
425,2242E+0	842,2980E-9	3,0000E+0	2,2169E+0	2,2169E+0	-841,9912E-9
425,7368E+0	841,7931E-9	3,0000E+0	2,2166E+0	2,2168E+0	-841,1499E-9
426,2495E+0	841,4142E-9	3,0000E+0	2,2169E+0	2,2173E+0	-840,1825E-9
426,7622E+0	842,0034E-9	3,0000E+0	2,2169E+0	2,2171E+0	-842,0333E-9
427,2749E+0	842,3402E-9	3,0000E+0	2,2166E+0	2,2168E+0	-837,6588E-9
427,7876E+0	841,2880E-9	3,0000E+0	2,2161E+0	2,2168E+0	-839,3412E-9
428,3003E+0	840,0254E-9	3,0000E+0	2,2166E+0	2,2167E+0	-844,7253E-9
428,8130E+0	842,1717E-9	3,0000E+0	2,2164E+0	2,2167E+0	-836,1866E-9
429,3257E+0	840,4884E-9	3,0000E+0	2,2159E+0	2,2162E+0	-840,5611E-9
429,8383E+0	840,1517E-9	3,0000E+0	2,2161E+0	2,2165E+0	-841,9491E-9
430,3510E+0	840,6567E-9	3,0000E+0	2,2160E+0	2,2162E+0	-838,7945E-9
430,8637E+0	839,2678E-9	3,0000E+0	2,2160E+0	2,2165E+0	-842,6642E-9
431,3764E+0	839,2678E-9	3,0000E+0	2,2164E+0	2,2166E+0	-842,1174E-9
431,8891E+0	840,3621E-9	3,0000E+0	2,2154E+0	2,2160E+0	-837,6167E-9
432,4018E+0	840,4884E-9	3,0000E+0	2,2159E+0	2,2159E+0	-839,9722E-9
432,9145E+0	839,0574E-9	3,0000E+0	2,2159E+0	2,2161E+0	-840,7293E-9
433,4272E+0	841,0776E-9	3,0000E+0	2,2153E+0	2,2158E+0	-835,1350E-9
433,9398E+0	839,9833E-9	3,0000E+0	2,2153E+0	2,2157E+0	-839,9722E-9
434,4526E+0	839,8150E-9	3,0000E+0	2,2153E+0	2,2157E+0	-835,4294E-9
434,9653E+0	839,6887E-9	3,0000E+0	2,2154E+0	2,2156E+0	-836,5652E-9
435,4780E+0	836,7007E-9	3,0000E+0	2,2153E+0	2,2158E+0	-843,5475E-9
435,9907E+0	838,5103E-9	3,0000E+0	2,2150E+0	2,2155E+0	-833,1160E-9
436,5034E+0	837,9212E-9	3,0000E+0	2,2151E+0	2,2154E+0	-834,7985E-9
437,0161E+0	835,6905E-9	3,0000E+0	2,2151E+0	2,2157E+0	-840,0143E-9
437,5287E+0	835,9852E-9	3,0000E+0	2,2145E+0	2,2153E+0	-835,9763E-9
438,0415E+0	835,9431E-9	3,0000E+0	2,2150E+0	2,2152E+0	-838,4159E-9
438,5542E+0	835,3118E-9	3,0000E+0	2,2152E+0	2,2151E+0	-837,9112E-9
439,0669E+0	835,6485E-9	3,0000E+0	2,2149E+0	2,2153E+0	-831,3073E-9
439,5796E+0	834,7226E-9	3,0000E+0	2,2147E+0	2,2147E+0	-835,7239E-9
440,0922E+0	835,4801E-9	3,0000E+0	2,2151E+0	2,2153E+0	-835,3453E-9
440,6049E+0	835,3960E-9	3,0000E+0	2,2145E+0	2,2144E+0	-830,8867E-9
441,1176E+0	833,9230E-9	3,0000E+0	2,2139E+0	2,2148E+0	-834,2096E-9
441,6302E+0	833,7967E-9	3,0000E+0	2,2146E+0	2,2145E+0	-829,9193E-9
442,1429E+0	833,3759E-9	3,0000E+0	2,2143E+0	2,2143E+0	-828,4050E-9
442,6556E+0	830,7244E-9	3,0000E+0	2,2140E+0	2,2146E+0	-834,9668E-9
443,1683E+0	830,5981E-9	3,0000E+0	2,2145E+0	2,2146E+0	-831,3494E-9
443,6810E+0	831,4820E-9	3,0000E+0	2,2133E+0	2,2142E+0	-826,6805E-9
444,1937E+0	829,5460E-9	3,0000E+0	2,2135E+0	2,2143E+0	-832,0224E-9
444,7064E+0	829,1673E-9	3,0000E+0	2,2143E+0	2,2144E+0	-827,0170E-9
445,2191E+0	827,7784E-9	3,0000E+0	2,2139E+0	2,2139E+0	-829,8772E-9
445,7318E+0	826,8946E-9	3,0000E+0	2,2139E+0	2,2139E+0	-831,2232E-9
446,2445E+0	828,6623E-9	3,0000E+0	2,2131E+0	2,2138E+0	-826,5964E-9
446,7572E+0	828,6201E-9	3,0000E+0	2,2135E+0	2,2135E+0	-828,0685E-9
447,2699E+0	828,3256E-9	3,0000E+0	2,2129E+0	2,2134E+0	-829,2463E-9
447,7826E+0	830,1773E-9	3,0000E+0	2,2127E+0	2,2133E+0	-825,2924E-9
448,2953E+0	831,1032E-9	3,0000E+0	2,2131E+0	2,2133E+0	-827,8582E-9
448,8080E+0	830,9769E-9	3,0000E+0	2,2134E+0	2,2134E+0	-828,9940E-9
449,3207E+0	831,7345E-9	3,0000E+0	2,2129E+0	2,2130E+0	-825,8813E-9
449,8334E+0	830,7244E-9	3,0000E+0	2,2129E+0	2,2131E+0	-833,1160E-9
450,3461E+0	830,2194E-9	3,0000E+0	2,2134E+0	2,2135E+0	-830,8025E-9
450,8588E+0	831,6503E-9	3,0000E+0	2,2126E+0	2,2128E+0	-823,6941E-9
451,3715E+0	830,1353E-9	3,0000E+0	2,2126E+0	2,2129E+0	-831,7700E-9
451,8841E+0	829,8828E-9	3,0000E+0	2,2128E+0	2,2134E+0	-831,4756E-9
452,3968E+0	832,0291E-9	3,0000E+0	2,2125E+0	2,2128E+0	-826,3860E-9
452,9095E+0	830,5140E-9	3,0000E+0	2,2119E+0	2,2127E+0	-831,4756E-9
453,4222E+0	830,2615E-9	3,0000E+0	2,2127E+0	2,2128E+0	-832,6112E-9
453,9349E+0	832,3237E-9	3,0000E+0	2,2124E+0	2,2125E+0	-826,5543E-9
454,4476E+0	830,3036E-9	3,0000E+0	2,2122E+0	2,2125E+0	-832,9899E-9
454,9603E+0	831,5241E-9	3,0000E+0	2,2117E+0	2,2127E+0	-830,8447E-9
455,4729E+0	832,4079E-9	3,0000E+0	2,2124E+0	2,2126E+0	-827,8161E-9
455,9856E+0	831,8608E-9	3,0000E+0	2,2117E+0	2,2120E+0	-834,2096E-9
456,4983E+0	832,3237E-9	3,0000E+0	2,2121E+0	2,2121E+0	-829,7931E-9
457,0110E+0	833,3338E-9	3,0000E+0	2,2120E+0	2,2123E+0	-830,0034E-9
457,5237E+0	832,7025E-9	3,0000E+0	2,2119E+0	2,2118E+0	-834,5461E-9
458,0364E+0	832,9971E-9	3,0000E+0	2,2116E+0	2,2120E+0	-831,2653E-9
458,5490E+0	832,6183E-9	3,0000E+0	2,2111E+0	2,2118E+0	-832,1487E-9
459,0617E+0	832,7025E-9	3,0000E+0	2,2119E+0	2,2119E+0	-833,7049E-9
459,5745E+0	832,5341E-9	3,0000E+0	2,2118E+0	2,2118E+0	-832,5271E-9
460,0872E+0	833,4600E-9	3,0000E+0	2,2114E+0	2,2118E+0	-833,2001E-9
460,5999E+0	833,5863E-9	3,0000E+0	2,2113E+0	2,2114E+0	-832,2748E-9
461,1126E+0	832,8288E-9	3,0000E+0	2,2109E+0	2,2117E+0	-831,6018E-9
461,6253E+0	833,7125E-9	3,0000E+0	2,2107E+0	2,2113E+0	-831,7279E-9
462,1380E+0	832,3658E-9	3,0000E+0	2,2110E+0	2,2112E+0	-832,4430E-9
462,6507E+0	833,7125E-9	3,0000E+0	2,2104E+0	2,2112E+0	-831,3494E-9
463,1634E+0	831,6503E-9	3,0000E+0	2,2105E+0	2,2113E+0	-836,8175E-9
463,6761E+0	831,7345E-9	3,0000E+0	2,2112E+0	2,2113E+0	-835,4294E-9
464,1888E+0	832,1553E-9	3,0000E+0	2,2105E+0	2,2113E+0	-831,7279E-9
464,7014E+0	832,2395E-9	3,0000E+0	2,2108E+0	2,2109E+0	-832,7375E-9
465,2141E+0	833,0813E-9	3,0000E+0	2,2106E+0	2,2108E+0	-829,9613E-9
465,7268E+0	833,2917E-9	3,0000E+0	2,2110E+0	2,2108E+0	-828,9097E-9
466,2395E+0	832,3658E-9	3,0000E+0	2,2102E+0	2,2106E+0	-832,1907E-9
466,7522E+0	832,7025E-9	3,0000E+0	2,2104E+0	2,2107E+0	-829,0781E-9
467,2649E+0	831,4399E-9	3,0000E+0	2,2104E+0	2,2105E+0	-832,0224E-9
467,7776E+0	830,7244E-9	3,0000E+0	2,2101E+0	2,2103E+0	-834,2938E-9
468,2903E+0	832,2816E-9	3,0000E+0	2,2101E+0	2,2101E+0	-827,0590E-9
468,8029E+0	831,4399E-9	3,0000E+0	2,2094E+0	2,2103E+0	-829,5407E-9
469,3156E+0	829,8406E-9	3,0000E+0	2,2089E+0	2,2100E+0	-832,6954E-9
469,8283E+0	830,9348E-9	3,0000E+0	2,2097E+0	2,2099E+0	-826,3860E-9
470,3410E+0	829,7565E-9	3,0000E+0	2,2091E+0	2,2104E+0	-830,7605E-9
470,8537E+0	829,0410E-9	3,0000E+0	2,2103E+0	2,2103E+0	-832,1907E-9
471,3664E+0	830,3036E-9	3,0000E+0	2,2096E+0	2,2098E+0	-823,6100E-9
471,8791E+0	827,5680E-9	3,0000E+0	2,2097E+0	2,2099E+0	-831,9383E-9
472,3918E+0	827,3154E-9	3,0000E+0	2,2094E+0	2,2098E+0	-832,0224E-9
472,9044E+0	829,5460E-9	3,0000E+0	2,2093E+0	2,2093E+0	-822,7686E-9
473,4171E+0	828,2835E-9	3,0000E+0	2,2090E+0	2,2093E+0	-828,1106E-9
473,9298E+0	827,4838E-9	3,0000E+0	2,2091E+0	2,2092E+0	-828,5733E-9
474,4425E+0	827,9889E-9	3,0000E+0	2,2089E+0	2,2091E+0	-824,3250E-9
474,9552E+0	827,8205E-9	3,0000E+0	2,2084E+0	2,2090E+0	-827,1853E-9
475,4679E+0	827,4417E-9	3,0000E+0	2,2090E+0	2,2093E+0	-824,8718E-9
475,9806E+0	827,0629E-9	3,0000E+0	2,2094E+0	2,2093E+0	-824,7456E-9
476,4933E+0	826,5579E-9	3,0000E+0	2,2085E+0	2,2091E+0	-828,7836E-9
477,0060E+0	828,1151E-9	3,0000E+0	2,2083E+0	2,2088E+0	-822,4742E-9
477,5186E+0	826,3474E-9	3,0000E+0	2,2087E+0	2,2091E+0	-826,0917E-9
478,0313E+0	825,6321E-9	3,0000E+0	2,2084E+0	2,2087E+0	-828,1106E-9
478,5440E+0	825,5900E-9	3,0000E+0	2,2085E+0	2,2090E+0	-826,1337E-9
479,0567E+0	826,3896E-9	3,0000E+0	2,2081E+0	2,2083E+0	-823,2313E-9
479,5694E+0	826,3896E-9	3,0000E+0	2,2083E+0	2,2086E+0	-826,0495E-9
480,0820E+0	825,6321E-9	3,0000E+0	2,2083E+0	2,2083E+0	-824,1988E-9
480,5947E+0	824,7061E-9	3,0000E+0	2,2081E+0	2,2084E+0	-827,9844E-9
481,1074E+0	824,3695E-9	3,0000E+0	2,2084E+0	2,2083E+0	-825,8813E-9
481,6201E+0	824,9587E-9	3,0000E+0	2,2079E+0	2,2080E+0	-820,7918E-9
482,1328E+0	823,4857E-9	3,0000E+0	2,2079E+0	2,2083E+0	-825,9233E-9
482,6454E+0	822,8544E-9	3,0000E+0	2,2076E+0	2,2078E+0	-824,8297E-9
483,1581E+0	823,8644E-9	3,0000E+0	2,2075E+0	2,2079E+0	-817,8054E-9
483,6708E+0	822,4756E-9	3,0000E+0	2,2074E+0	2,2078E+0	-823,7361E-9
484,1835E+0	822,8544E-9	3,0000E+0	2,2074E+0	2,2077E+0	-819,4037E-9
484,6962E+0	820,8764E-9	3,0000E+0	2,2074E+0	2,2077E+0	-821,0441E-9
485,2089E+0	819,2350E-9	3,0000E+0	2,2072E+0	2,2078E+0	-824,4512E-9
485,7216E+0	820,5818E-9	3,0000E+0	2,2068E+0	2,2073E+0	-816,9640E-9
486,2343E+0	819,9084E-9	3,0000E+0	2,2074E+0	2,2073E+0	-817,8474E-9
486,7469E+0	818,9404E-9	3,0000E+0	2,2071E+0	2,2068E+0	-821,7172E-9
487,2596E+0	819,4034E-9	3,0000E+0	2,2069E+0	2,2070E+0	-814,8189E-9
487,7723E+0	817,4254E-9	3,0000E+0	2,2071E+0	2,2073E+0	-819,1513E-9
488,2849E+0	817,5516E-9	3,0000E+0	2,2069E+0	2,2073E+0	-820,2029E-9
488,7976E+0	817,0466E-9	3,0000E+0	2,2070E+0	2,2068E+0	-814,8609E-9
489,3103E+0	816,1207E-9	3,0000E+0	2,2069E+0	2,2070E+0	-818,8568E-9
489,8230E+0	815,5735E-9	3,0000E+0	2,2069E+0	2,2072E+0	-819,3196E-9
490,3357E+0	816,7099E-9	3,0000E+0	2,2069E+0	2,2067E+0	-812,4213E-9
490,8484E+0	814,9843E-9	3,0000E+0	2,2068E+0	2,2068E+0	-818,1418E-9
491,3611E+0	814,4793E-9	3,0000E+0	2,2062E+0	2,2069E+0	-818,4362E-9
491,8738E+0	814,6476E-9	3,0000E+0	2,2062E+0	2,2065E+0	-813,3887E-9
492,3865E+0	814,5213E-9	3,0000E+0	2,2060E+0	2,2064E+0	-815,5760E-9
492,8992E+0	815,4473E-9	3,0000E+0	2,2058E+0	2,2064E+0	-813,3467E-9
493,4119E+0	816,7099E-9	3,0000E+0	2,2060E+0	2,2059E+0	-810,0238E-9
493,9245E+0	815,8260E-9	3,0000E+0	2,2050E+0	2,2060E+0	-816,1649E-9
494,4373E+0	815,9944E-9	3,0000E+0	2,2053E+0	2,2061E+0	-814,6927E-9
494,9500E+0	816,0365E-9	3,0000E+0	2,2058E+0	2,2061E+0	-815,4078E-9
495,4626E+0	815,9523E-9	3,0000E+0	2,2057E+0	2,2063E+0	-820,1608E-9
495,9753E+0	816,2890E-9	3,0000E+0	2,2059E+0	2,2061E+0	-814,8189E-9
496,4880E+0	818,1829E-9	3,0000E+0	2,2057E+0	2,2056E+0	-815,1974E-9
497,0007E+0	819,0667E-9	3,0000E+0	2,2055E+0	2,2054E+0	-817,5530E-9
497,5134E+0	820,0347E-9	3,0000E+0	2,2053E+0	2,2057E+0	-816,5434E-9
498,0261E+0	819,3612E-9	3,0000E+0	2,2054E+0	2,2057E+0	-822,6845E-9
498,5388E+0	819,6137E-9	3,0000E+0	2,2053E+0	2,2055E+0	-824,8718E-9
499,0515E+0	821,4234E-9	3,0000E+0	2,2048E+0	2,2052E+0	-816,3331E-9
499,5642E+0	821,2972E-9	3,0000E+0	2,2051E+0	2,2051E+0	-822,0536E-9
500,0769E+0	820,2872E-9	3,0000E+0	2,2049E+0	2,2052E+0	-823,0210E-9
500,5896E+0	821,7181E-9	3,0000E+0	2,2048E+0	2,2050E+0	-816,5855E-9
501,1023E+0	820,9606E-9	3,0000E+0	2,2045E+0	2,2051E+0	-820,6235E-9
501,6149E+0	819,3612E-9	3,0000E+0	2,2045E+0	2,2052E+0	-822,0115E-9
502,1276E+0	820,3292E-9	3,0000E+0	2,2047E+0	2,2050E+0	-818,0577E-9
502,6403E+0	819,1087E-9	3,0000E+0	2,2044E+0	2,2048E+0	-823,6520E-9
503,1530E+0	820,2451E-9	3,0000E+0	2,2044E+0	2,2046E+0	-819,0251E-9
503,6656E+0	821,0447E-9	3,0000E+0	2,2043E+0	2,2046E+0	-818,6886E-9
504,1783E+0	821,1709E-9	3,0000E+0	2,2043E+0	2,2047E+0	-823,3576E-9
504,6910E+0	821,7181E-9	3,0000E+0	2,2040E+0	2,2044E+0	-818,5625E-9
505,2037E+0	822,1811E-9	3,0000E+0	2,2039E+0	2,2042E+0	-822,0115E-9
505,7164E+0	821,0026E-9	3,0000E+0	2,2039E+0	2,2043E+0	-825,6710E-9
506,2291E+0	822,0127E-9	3,0000E+0	2,2038E+0	2,2042E+0	-820,3712E-9
506,7418E+0	821,5919E-9	3,0000E+0	2,2038E+0	2,2039E+0	-820,1188E-9
507,2544E+0	821,6339E-9	3,0000E+0	2,2035E+0	2,2037E+0	-821,3806E-9
507,7672E+0	820,7501E-9	3,0000E+0	2,2039E+0	2,2039E+0	-819,1934E-9
508,2799E+0	820,6239E-9	3,0000E+0	2,2035E+0	2,2041E+0	-822,0536E-9
508,7926E+0	821,1289E-9	3,0000E+0	2,2035E+0	2,2037E+0	-818,9410E-9
509,3053E+0	819,9504E-9	3,0000E+0	2,2034E+0	2,2037E+0	-817,3006E-9
509,8180E+0	820,2872E-9	3,0000E+0	2,2028E+0	2,2035E+0	-819,9085E-9
510,3307E+0	819,3612E-9	3,0000E+0	2,2033E+0	2,2035E+0	-819,4878E-9
510,8434E+0	820,7080E-9	3,0000E+0	2,2031E+0	2,2034E+0	-814,4824E-9
511,3561E+0	819,7400E-9	3,0000E+0	2,2029E+0	2,2032E+0	-821,1283E-9
511,8687E+0	819,8242E-9	3,0000E+0	2,2033E+0	2,2034E+0	-822,4742E-9
512,3814E+0	822,2231E-9	3,0000E+0	2,2023E+0	2,2029E+0	-816,7538E-9
512,8942E+0	820,9606E-9	3,0000E+0	2,2023E+0	2,2027E+0	-821,2544E-9
513,4069E+0	821,1709E-9	3,0000E+0	2,2029E+0	2,2032E+0	-820,5394E-9
513,9196E+0	822,2652E-9	3,0000E+0	2,2028E+0	2,2027E+0	-817,6791E-9
514,4322E+0	819,8663E-9	3,0000E+0	2,2027E+0	2,2027E+0	-825,7551E-9
514,9449E+0	821,7602E-9	3,0000E+0	2,2024E+0	2,2027E+0	-818,9410E-9
515,4576E+0	820,9184E-9	3,0000E+0	2,2017E+0	2,2027E+0	-820,9179E-9
515,9702E+0	821,0868E-9	3,0000E+0	2,2024E+0	2,2028E+0	-823,7782E-9
