Time	Cur1	Volt1	Volt2	Volt3	Cur4
527,0165E-3	99,9254E-3	3,0000E+0	2,8369E+0	2,8365E+0	-99,9302E-3
1,0398E+0	22,7462E-3	3,0000E+0	2,9633E+0	2,9634E+0	-22,7471E-3
1,5525E+0	8,7145E-3	3,0000E+0	2,9865E+0	2,9861E+0	-8,7146E-3
2,1788E+0	2,3211E-3	3,0000E+0	2,9943E+0	2,9942E+0	-2,3211E-3
2,6915E+0	2,0563E-3	3,0000E+0	2,9971E+0	2,9969E+0	-2,0565E-3
3,2042E+0	1,6863E-3	3,0000E+0	2,9979E+0	2,9977E+0	-1,6866E-3
3,7169E+0	1,4685E-3	3,0000E+0	2,9978E+0	2,9977E+0	-1,4689E-3
4,2296E+0	1,3194E-3	3,0000E+0	2,9984E+0	2,9978E+0	-1,3197E-3
4,7423E+0	1,1538E-3	3,0000E+0	2,9985E+0	2,9982E+0	-1,1540E-3
5,2549E+0	935,2039E-6	3,0000E+0	2,9988E+0	2,9989E+0	-935,5667E-6
5,7676E+0	866,6877E-6	3,0000E+0	2,9988E+0	2,9989E+0	-866,7327E-6
6,2803E+0	817,6334E-6	3,0000E+0	2,9991E+0	2,9989E+0	-817,8598E-6
6,7930E+0	1,4774E-3	3,0000E+0	2,9974E+0	2,9969E+0	-1,4779E-3
7,3057E+0	765,4686E-6	3,0000E+0	2,9993E+0	2,9990E+0	-765,6250E-6
7,8184E+0	1,4629E-3	3,0000E+0	2,9982E+0	2,9978E+0	-1,4632E-3
8,3311E+0	701,8705E-6	3,0000E+0	2,9995E+0	2,9994E+0	-702,2961E-6
8,8438E+0	1,2595E-3	3,0000E+0	2,9986E+0	2,9984E+0	-1,2596E-3
9,3565E+0	646,4270E-6	3,0000E+0	2,9996E+0	2,9991E+0	-646,9516E-6
9,8692E+0	1,0570E-3	3,0000E+0	2,9986E+0	2,9985E+0	-1,0572E-3
10,3819E+0	637,3475E-6	3,0000E+0	2,9993E+0	2,9989E+0	-637,6224E-6
10,8946E+0	883,2072E-6	3,0000E+0	2,9991E+0	2,9988E+0	-883,5421E-6
11,4073E+0	555,4223E-6	3,0000E+0	2,9986E+0	2,9979E+0	-555,4672E-6
11,9200E+0	635,2878E-6	3,0000E+0	2,9998E+0	2,9991E+0	-635,3952E-6
12,4327E+0	435,0355E-6	3,0000E+0	2,9996E+0	2,9997E+0	-435,4070E-6
12,9454E+0	578,6674E-6	3,0000E+0	2,9991E+0	2,9994E+0	-579,0421E-6
13,4581E+0	434,4891E-6	3,0000E+0	2,9995E+0	2,9997E+0	-434,6505E-6
13,9708E+0	546,1747E-6	3,0000E+0	2,9997E+0	2,9993E+0	-546,6423E-6
14,4835E+0	475,0523E-6	3,0000E+0	2,9999E+0	2,9994E+0	-475,4550E-6
14,9962E+0	561,9797E-6	3,0000E+0	2,9996E+0	2,9992E+0	-562,3169E-6
15,5089E+0	497,4147E-6	3,0000E+0	2,9997E+0	2,9994E+0	-497,7693E-6
16,0216E+0	540,1638E-6	3,0000E+0	3,0001E+0	2,9993E+0	-540,4229E-6
16,5343E+0	472,6984E-6	3,0000E+0	2,9991E+0	2,9995E+0	-473,1858E-6
17,1606E+0	220,5227E-6	3,0000E+0	2,9986E+0	2,9987E+0	-220,5856E-6
17,6733E+0	374,1791E-6	3,0000E+0	3,0001E+0	2,9998E+0	-374,2492E-6
18,1860E+0	355,4110E-6	3,0000E+0	3,0005E+0	3,0001E+0	-355,4385E-6
18,6987E+0	422,2286E-6	3,0000E+0	2,9999E+0	2,9997E+0	-422,2576E-6
19,2114E+0	322,4249E-6	3,0000E+0	3,0002E+0	2,9998E+0	-322,4536E-6
19,7241E+0	411,6482E-6	3,0000E+0	2,9997E+0	2,9996E+0	-411,6773E-6
20,2368E+0	296,8190E-6	3,0000E+0	2,9997E+0	2,9998E+0	-296,8374E-6
20,7495E+0	386,3156E-6	3,0000E+0	2,9991E+0	2,9987E+0	-386,3722E-6
21,2622E+0	260,1364E-6	3,0000E+0	3,0004E+0	3,0001E+0	-260,1533E-6
21,7749E+0	413,9358E-6	3,0000E+0	2,9983E+0	2,9982E+0	-413,9809E-6
22,2876E+0	249,1901E-6	3,0000E+0	3,0002E+0	2,9999E+0	-249,2031E-6
22,9134E+0	516,8347E-6	3,0000E+0	2,9987E+0	2,9984E+0	-516,9319E-6
23,5397E+0	186,2203E-6	3,0000E+0	2,9992E+0	2,9993E+0	-186,2723E-6
24,1655E+0	239,2389E-6	3,0000E+0	2,9997E+0	2,9998E+0	-239,7892E-6
24,7918E+0	227,8904E-6	3,0000E+0	2,9966E+0	2,9962E+0	-227,9417E-6
25,3045E+0	203,8657E-6	3,0000E+0	3,0006E+0	3,0001E+0	-203,8682E-6
25,9303E+0	532,4715E-6	3,0000E+0	2,9991E+0	2,9987E+0	-532,7747E-6
26,5566E+0	176,9141E-6	3,0000E+0	2,9998E+0	2,9995E+0	-176,9531E-6
27,0693E+0	468,3562E-6	3,0000E+0	3,0001E+0	2,9999E+0	-468,3785E-6
27,5820E+0	353,3168E-6	3,0000E+0	2,9998E+0	2,9997E+0	-353,3368E-6
28,0947E+0	434,0748E-6	3,0000E+0	3,0004E+0	2,9999E+0	-434,1241E-6
28,6074E+0	357,3539E-6	3,0000E+0	2,9997E+0	2,9997E+0	-357,4184E-6
29,1201E+0	374,4609E-6	3,0000E+0	3,0005E+0	2,9999E+0	-374,5267E-6
29,6328E+0	345,4698E-6	3,0000E+0	2,9999E+0	2,9994E+0	-345,4720E-6
30,1455E+0	295,0948E-6	3,0000E+0	3,0000E+0	2,9997E+0	-295,1559E-6
30,6582E+0	330,5242E-6	3,0000E+0	2,9997E+0	3,0000E+0	-330,5622E-6
31,1710E+0	277,1005E-6	3,0000E+0	3,0004E+0	3,0002E+0	-277,1523E-6
31,6836E+0	345,3562E-6	3,0000E+0	3,0003E+0	2,9999E+0	-345,3753E-6
32,1963E+0	254,8756E-6	3,0000E+0	3,0005E+0	3,0002E+0	-254,8947E-6
32,7090E+0	337,0298E-6	3,0000E+0	3,0000E+0	2,9995E+0	-337,0482E-6
33,2217E+0	226,5741E-6	3,0000E+0	3,0002E+0	2,9999E+0	-226,5882E-6
33,7344E+0	312,8957E-6	3,0000E+0	3,0001E+0	2,9997E+0	-312,8990E-6
34,2471E+0	199,0128E-6	3,0000E+0	3,0005E+0	3,0002E+0	-199,0468E-6
34,7598E+0	327,5637E-6	3,0000E+0	3,0004E+0	2,9994E+0	-327,5692E-6
35,2725E+0	207,4780E-6	3,0000E+0	3,0001E+0	2,9999E+0	-207,4916E-6
35,7852E+0	473,6464E-6	3,0000E+0	2,9988E+0	2,9982E+0	-473,7380E-6
36,2978E+0	194,9673E-6	3,0000E+0	3,0002E+0	2,9997E+0	-194,9904E-6
36,9237E+0	525,7039E-6	3,0000E+0	2,9990E+0	2,9986E+0	-525,6727E-6
37,5499E+0	174,1554E-6	3,0000E+0	2,9996E+0	2,9994E+0	-174,1872E-6
38,0626E+0	458,5537E-6	3,0000E+0	2,9997E+0	2,9999E+0	-458,6180E-6
38,5753E+0	298,3413E-6	3,0000E+0	2,9988E+0	2,9987E+0	-298,3548E-6
39,0880E+0	384,3895E-6	3,0000E+0	3,0007E+0	3,0002E+0	-384,4007E-6
39,6006E+0	313,2406E-6	3,0000E+0	3,0005E+0	2,9998E+0	-313,2563E-6
40,1133E+0	339,2923E-6	3,0000E+0	3,0005E+0	3,0002E+0	-339,3180E-6
40,6260E+0	313,4887E-6	3,0000E+0	3,0001E+0	2,9996E+0	-313,4917E-6
41,1387E+0	293,3244E-6	3,0000E+0	3,0004E+0	3,0001E+0	-293,3316E-6
41,6513E+0	328,5519E-6	3,0000E+0	3,0001E+0	2,9999E+0	-328,5739E-6
42,1640E+0	257,7310E-6	3,0000E+0	3,0002E+0	3,0000E+0	-257,7867E-6
42,6767E+0	313,2490E-6	3,0000E+0	3,0000E+0	2,9995E+0	-313,2899E-6
43,1894E+0	225,7835E-6	3,0000E+0	3,0001E+0	2,9997E+0	-225,8316E-6
43,7021E+0	287,7061E-6	3,0000E+0	2,9995E+0	2,9993E+0	-287,7367E-6
44,2148E+0	185,4676E-6	3,0000E+0	3,0001E+0	3,0003E+0	-185,5241E-6
44,7275E+0	298,1899E-6	3,0000E+0	3,0002E+0	3,0000E+0	-298,1951E-6
45,2402E+0	178,5541E-6	3,0000E+0	3,0004E+0	3,0000E+0	-178,5673E-6
45,7529E+0	310,6922E-6	3,0000E+0	3,0003E+0	2,9999E+0	-310,7215E-6
46,2656E+0	174,9796E-6	3,0000E+0	3,0004E+0	2,9998E+0	-175,0195E-6
46,7783E+0	429,2304E-6	3,0000E+0	2,9983E+0	2,9980E+0	-429,2901E-6
47,2910E+0	154,6093E-6	3,0000E+0	3,0003E+0	3,0002E+0	-154,6367E-6
47,9168E+0	478,5833E-6	3,0000E+0	2,9991E+0	2,9988E+0	-478,7329E-6
48,5430E+0	152,5824E-6	3,0000E+0	3,0004E+0	2,9997E+0	-152,6316E-6
49,0557E+0	429,5374E-6	3,0000E+0	3,0005E+0	3,0004E+0	-429,5885E-6
49,5684E+0	290,1536E-6	3,0000E+0	3,0002E+0	2,9999E+0	-290,1748E-6
50,0811E+0	381,1978E-6	3,0000E+0	3,0006E+0	3,0002E+0	-381,2229E-6
50,5938E+0	305,2548E-6	3,0000E+0	3,0001E+0	3,0000E+0	-305,2906E-6
51,1065E+0	330,7429E-6	3,0000E+0	3,0005E+0	3,0001E+0	-330,7975E-6
51,6191E+0	303,5937E-6	3,0000E+0	3,0000E+0	2,9997E+0	-303,6260E-6
52,1319E+0	280,0736E-6	3,0000E+0	3,0005E+0	3,0002E+0	-280,0821E-6
52,6446E+0	297,1049E-6	3,0000E+0	3,0001E+0	2,9997E+0	-297,1148E-6
53,1573E+0	262,6007E-6	3,0000E+0	2,9996E+0	3,0003E+0	-262,6502E-6
53,6700E+0	332,1264E-6	3,0000E+0	3,0005E+0	2,9997E+0	-332,1511E-6
54,1827E+0	200,5014E-6	3,0000E+0	3,0005E+0	3,0001E+0	-200,5475E-6
54,6954E+0	290,2798E-6	3,0000E+0	3,0003E+0	3,0001E+0	-290,2799E-6
55,2081E+0	194,0421E-6	3,0000E+0	3,0009E+0	3,0002E+0	-194,0782E-6
55,7208E+0	292,6011E-6	3,0000E+0	3,0006E+0	2,9995E+0	-292,6212E-6
56,2335E+0	176,8510E-6	3,0000E+0	3,0005E+0	3,0001E+0	-176,8690E-6
56,7462E+0	300,6205E-6	3,0000E+0	3,0001E+0	2,9994E+0	-300,6373E-6
57,2589E+0	166,3504E-6	3,0000E+0	3,0001E+0	3,0001E+0	-166,3897E-6
57,7716E+0	376,6350E-6	3,0000E+0	2,9982E+0	2,9977E+0	-376,6578E-6
58,2843E+0	147,5402E-6	3,0000E+0	3,0006E+0	3,0002E+0	-147,5622E-6
58,9101E+0	466,4352E-6	3,0000E+0	2,9991E+0	2,9991E+0	-466,7563E-6
59,5364E+0	146,4721E-6	3,0000E+0	3,0001E+0	2,9995E+0	-146,4945E-6
60,0491E+0	428,9360E-6	3,0000E+0	3,0005E+0	3,0002E+0	-428,9916E-6
60,5618E+0	278,1812E-6	3,0000E+0	3,0001E+0	2,9997E+0	-278,2032E-6
61,0745E+0	380,4240E-6	3,0000E+0	3,0005E+0	3,0003E+0	-380,4830E-6
61,5872E+0	303,0049E-6	3,0000E+0	2,9994E+0	2,9997E+0	-303,0333E-6
62,0998E+0	326,3358E-6	3,0000E+0	3,0005E+0	3,0001E+0	-326,3586E-6
62,6126E+0	279,5059E-6	3,0000E+0	2,9999E+0	2,9993E+0	-279,5357E-6
63,1253E+0	254,2869E-6	3,0000E+0	3,0003E+0	3,0003E+0	-254,3230E-6
63,6380E+0	280,7801E-6	3,0000E+0	2,9997E+0	2,9997E+0	-280,8009E-6
64,1507E+0	229,1183E-6	3,0000E+0	3,0006E+0	3,0001E+0	-229,1608E-6
64,6634E+0	301,5457E-6	3,0000E+0	3,0001E+0	2,9997E+0	-301,5747E-6
65,1761E+0	207,5831E-6	3,0000E+0	3,0006E+0	2,9999E+0	-207,6388E-6
65,6888E+0	287,5632E-6	3,0000E+0	2,9995E+0	2,9996E+0	-287,6148E-6
66,2015E+0	151,9516E-6	3,0000E+0	3,0005E+0	3,0003E+0	-151,9674E-6
66,7142E+0	271,5285E-6	3,0000E+0	3,0003E+0	3,0000E+0	-271,5574E-6
67,2268E+0	152,7253E-6	3,0000E+0	3,0008E+0	3,0003E+0	-152,7661E-6
67,7395E+0	279,8423E-6	3,0000E+0	3,0003E+0	2,9999E+0	-279,8636E-6
68,2522E+0	156,8255E-6	3,0000E+0	3,0007E+0	3,0002E+0	-156,8477E-6
68,7649E+0	390,0835E-6	3,0000E+0	2,9976E+0	2,9977E+0	-390,0419E-6
69,2776E+0	153,4823E-6	3,0000E+0	3,0002E+0	2,9999E+0	-153,5143E-6
69,9035E+0	482,3243E-6	3,0000E+0	2,9983E+0	2,9984E+0	-482,4729E-6
70,5297E+0	150,3998E-6	3,0000E+0	2,9995E+0	2,9995E+0	-150,4205E-6
71,0424E+0	430,1387E-6	3,0000E+0	3,0002E+0	3,0000E+0	-430,1560E-6
71,5551E+0	280,5110E-6	3,0000E+0	3,0003E+0	2,9995E+0	-280,5403E-6
72,0678E+0	349,1494E-6	3,0000E+0	3,0007E+0	3,0003E+0	-349,2005E-6
72,5805E+0	261,3433E-6	3,0000E+0	2,9999E+0	2,9998E+0	-261,3807E-6
73,0932E+0	310,6333E-6	3,0000E+0	3,0006E+0	3,0002E+0	-310,6501E-6
73,6059E+0	285,8726E-6	3,0000E+0	3,0001E+0	2,9997E+0	-285,8914E-6
74,1186E+0	280,4100E-6	3,0000E+0	3,0005E+0	3,0000E+0	-280,4731E-6
74,6313E+0	277,7144E-6	3,0000E+0	3,0001E+0	2,9995E+0	-277,7408E-6
75,1440E+0	228,8323E-6	3,0000E+0	2,9999E+0	2,9997E+0	-228,8539E-6
75,6567E+0	259,9808E-6	3,0000E+0	2,9993E+0	2,9987E+0	-259,9978E-6
76,1694E+0	189,0463E-6	3,0000E+0	3,0008E+0	3,0001E+0	-189,0550E-6
76,6821E+0	274,6614E-6	3,0000E+0	3,0002E+0	2,9997E+0	-274,6890E-6
77,1948E+0	171,4262E-6	3,0000E+0	2,9999E+0	3,0002E+0	-171,4549E-6
77,7075E+0	276,8229E-6	3,0000E+0	3,0001E+0	2,9997E+0	-276,8622E-6
78,3438E+0	-303,0732E-9	3,0000E+0	2,9997E+0	2,9999E+0	308,6689E-9
78,8564E+0	-267,1133E-9	3,0000E+0	2,9916E+0	2,9917E+0	265,3090E-9
79,3691E+0	-255,8478E-9	3,0000E+0	2,9893E+0	2,9888E+0	253,9012E-9
79,8818E+0	-230,5013E-9	3,0000E+0	2,9828E+0	2,9826E+0	233,3023E-9
80,3945E+0	-223,1536E-9	3,0000E+0	2,9803E+0	2,9799E+0	220,6620E-9
80,9072E+0	-201,3336E-9	3,0000E+0	2,9742E+0	2,9739E+0	201,3966E-9
81,4200E+0	-188,3595E-9	3,0000E+0	2,9708E+0	2,9703E+0	190,9184E-9
81,9327E+0	-168,4795E-9	3,0000E+0	2,9649E+0	2,9648E+0	165,3896E-9
82,4454E+0	-155,9935E-9	3,0000E+0	2,9615E+0	2,9611E+0	157,6288E-9
82,9581E+0	-134,3756E-9	3,0000E+0	2,9556E+0	2,9552E+0	136,1003E-9
83,4708E+0	-124,2462E-9	3,0000E+0	2,9525E+0	2,9521E+0	121,0076E-9
83,9835E+0	-98,6851E-9	3,0000E+0	2,9457E+0	2,9451E+0	101,1449E-9
84,4961E+0	-93,3700E-9	3,0000E+0	2,9442E+0	2,9437E+0	93,9014E-9
85,0089E+0	-74,2770E-9	3,0000E+0	2,9386E+0	2,9384E+0	71,6410E-9
85,5216E+0	-61,8415E-9	3,0000E+0	2,9353E+0	2,9352E+0	64,4985E-9
86,0342E+0	-42,1299E-9	3,0000E+0	2,9296E+0	2,9295E+0	40,6986E-9
86,7883E+0	-34,3151E-9	3,0000E+0	2,9253E+0	2,9249E+0	31,3561E-9
87,5431E+0	-17,9989E-9	3,0000E+0	2,9210E+0	2,9205E+0	19,5306E-9
88,0558E+0	20,7930E-9	3,0000E+0	2,9114E+0	2,9111E+0	-19,3966E-9
88,5685E+0	29,2934E-9	3,0000E+0	2,9094E+0	2,9093E+0	-32,3944E-9
89,2012E+0	-22,4814E-9	3,0000E+0	2,9218E+0	2,9214E+0	25,4633E-9
89,8339E+0	67,7481E-9	3,0000E+0	2,8977E+0	2,8977E+0	-68,0205E-9
90,3465E+0	84,1277E-9	3,0000E+0	2,8940E+0	2,8940E+0	-86,9861E-9
90,8593E+0	102,7420E-9	3,0000E+0	2,8889E+0	2,8885E+0	-99,5667E-9
91,3719E+0	112,6489E-9	3,0000E+0	2,8854E+0	2,8849E+0	-113,5774E-9
91,8846E+0	131,1538E-9	3,0000E+0	2,8812E+0	2,8801E+0	-132,8921E-9
92,3973E+0	143,1102E-9	3,0000E+0	2,8776E+0	2,8769E+0	-139,7944E-9
92,9100E+0	161,4762E-9	3,0000E+0	2,8715E+0	2,8715E+0	-163,5886E-9
93,4227E+0	171,5009E-9	3,0000E+0	2,8693E+0	2,8687E+0	-172,2491E-9
93,9354E+0	191,9922E-9	3,0000E+0	2,8636E+0	2,8631E+0	-189,0359E-9
94,4481E+0	201,1331E-9	3,0000E+0	2,8602E+0	2,8601E+0	-203,9004E-9
94,9609E+0	220,5555E-9	3,0000E+0	2,8555E+0	2,8554E+0	-219,7703E-9
95,4736E+0	231,9269E-9	3,0000E+0	2,8519E+0	2,8516E+0	-229,9155E-9
95,9863E+0	249,0683E-9	3,0000E+0	2,8471E+0	2,8465E+0	-252,4773E-9
96,4990E+0	260,3934E-9	3,0000E+0	2,8441E+0	2,8435E+0	-259,1063E-9
97,0117E+0	277,0297E-9	3,0000E+0	2,8394E+0	2,8388E+0	-275,6365E-9
97,5244E+0	285,9223E-9	3,0000E+0	2,8366E+0	2,8361E+0	-289,2055E-9
98,0370E+0	305,4163E-9	3,0000E+0	2,8315E+0	2,8312E+0	-303,0017E-9
98,5497E+0	316,1690E-9	3,0000E+0	2,8277E+0	2,8273E+0	-315,8515E-9
99,0624E+0	333,5208E-9	3,0000E+0	2,8228E+0	2,8220E+0	-336,2556E-9
99,5751E+0	345,2794E-9	3,0000E+0	2,8197E+0	2,8194E+0	-342,4681E-9
100,0879E+0	363,3887E-9	3,0000E+0	2,8137E+0	2,8139E+0	-364,4158E-9
100,6006E+0	373,1525E-9	3,0000E+0	2,8115E+0	2,8110E+0	-374,5190E-9
101,1133E+0	394,0941E-9	3,0000E+0	2,8060E+0	2,8058E+0	-391,2090E-9
101,6260E+0	399,6957E-9	3,0000E+0	2,8033E+0	2,8033E+0	-401,5267E-9
102,1387E+0	417,6366E-9	3,0000E+0	2,7991E+0	2,7984E+0	-417,8466E-9
102,6514E+0	428,8734E-9	3,0000E+0	2,7956E+0	2,7958E+0	-426,6795E-9
103,1641E+0	446,1620E-9	3,0000E+0	2,7905E+0	2,7899E+0	-449,1320E-9
103,6768E+0	456,9569E-9	3,0000E+0	2,7872E+0	2,7872E+0	-456,3666E-9
104,1895E+0	476,1899E-9	3,0000E+0	2,7818E+0	2,7817E+0	-474,0661E-9
104,7022E+0	487,8643E-9	3,0000E+0	2,7793E+0	2,7789E+0	-491,5090E-9
105,4549E+0	509,9815E-9	3,0000E+0	2,7731E+0	2,7721E+0	-511,6227E-9
105,9676E+0	526,7314E-9	3,0000E+0	2,7674E+0	2,7670E+0	-524,1150E-9
106,4802E+0	534,7276E-9	3,0000E+0	2,7657E+0	2,7651E+0	-533,3264E-9
106,9930E+0	553,9185E-9	3,0000E+0	2,7602E+0	2,7599E+0	-548,3845E-9
107,5056E+0	562,6301E-9	3,0000E+0	2,7576E+0	2,7571E+0	-563,4005E-9
108,0183E+0	580,6426E-9	3,0000E+0	2,7517E+0	2,7513E+0	-584,5995E-9
108,5311E+0	591,4165E-9	3,0000E+0	2,7492E+0	2,7486E+0	-589,0580E-9
109,0438E+0	609,5132E-9	3,0000E+0	2,7439E+0	2,7435E+0	-611,3927E-9
109,5565E+0	619,0665E-9	3,0000E+0	2,7411E+0	2,7410E+0	-623,1700E-9
110,0692E+0	639,6041E-9	3,0000E+0	2,7358E+0	2,7356E+0	-635,3678E-9
110,5819E+0	649,7888E-9	3,0000E+0	2,7326E+0	2,7324E+0	-648,2807E-9
111,0946E+0	665,8653E-9	3,0000E+0	2,7280E+0	2,7274E+0	-670,6154E-9
111,6073E+0	684,9721E-9	3,0000E+0	2,7230E+0	2,7224E+0	-680,3316E-9
112,1200E+0	692,6736E-9	3,0000E+0	2,7199E+0	2,7196E+0	-695,6000E-9
112,6326E+0	703,8683E-9	3,0000E+0	2,7171E+0	2,7169E+0	-701,4465E-9
113,1453E+0	722,3437E-9	3,0000E+0	2,7119E+0	2,7117E+0	-719,9116E-9
113,6581E+0	731,0554E-9	3,0000E+0	2,7094E+0	2,7089E+0	-734,5910E-9
114,1708E+0	750,4146E-9	3,0000E+0	2,7039E+0	2,7035E+0	-747,6302E-9
114,6835E+0	759,4209E-9	3,0000E+0	2,7012E+0	2,7007E+0	-760,3748E-9
115,1961E+0	777,8963E-9	3,0000E+0	2,6957E+0	2,6956E+0	-779,2184E-9
115,7088E+0	787,1551E-9	3,0000E+0	2,6934E+0	2,6928E+0	-787,9251E-9
116,2215E+0	806,8509E-9	3,0000E+0	2,6880E+0	2,6875E+0	-804,4132E-9
116,7342E+0	820,7391E-9	3,0000E+0	2,6832E+0	2,6828E+0	-826,4535E-9
117,2469E+0	830,6712E-9	3,0000E+0	2,6811E+0	2,6805E+0	-827,8836E-9
117,7596E+0	847,4212E-9	3,0000E+0	2,6757E+0	2,6752E+0	-849,8818E-9
118,2723E+0	858,4475E-9	3,0000E+0	2,6726E+0	2,6725E+0	-858,3362E-9
118,7850E+0	875,7867E-9	3,0000E+0	2,6677E+0	2,6673E+0	-875,4131E-9
119,2977E+0	886,1397E-9	3,0000E+0	2,6646E+0	2,6644E+0	-884,0779E-9
119,8104E+0	901,5428E-9	3,0000E+0	2,6601E+0	2,6597E+0	-905,4031E-9
120,3231E+0	912,2745E-9	3,0000E+0	2,6570E+0	2,6565E+0	-909,6512E-9
120,8358E+0	929,7399E-9	3,0000E+0	2,6520E+0	2,6513E+0	-929,2941E-9
121,3485E+0	937,6520E-9	3,0000E+0	2,6494E+0	2,6489E+0	-940,1039E-9
121,8612E+0	955,2436E-9	3,0000E+0	2,6438E+0	2,6434E+0	-955,6245E-9
122,3739E+0	965,9755E-9	3,0000E+0	2,6411E+0	2,6406E+0	-965,5931E-9
122,8866E+0	982,3045E-9	3,0000E+0	2,6355E+0	2,6355E+0	-985,5723E-9
123,3993E+0	989,4169E-9	3,0000E+0	2,6340E+0	2,6334E+0	-986,5818E-9
123,9120E+0	1,0041E-6	3,0000E+0	2,6293E+0	2,6290E+0	-1,0072E-6
124,4247E+0	1,0148E-6	3,0000E+0	2,6262E+0	2,6258E+0	-1,0105E-6
124,9374E+0	1,0307E-6	3,0000E+0	2,6212E+0	2,6209E+0	-1,0268E-6
125,4501E+0	1,0371E-6	3,0000E+0	2,6186E+0	2,6180E+0	-1,0429E-6
125,9628E+0	1,0539E-6	3,0000E+0	2,6138E+0	2,6134E+0	-1,0551E-6
126,4755E+0	1,0645E-6	3,0000E+0	2,6104E+0	2,6102E+0	-1,0606E-6
126,9882E+0	1,0825E-6	3,0000E+0	2,6052E+0	2,6049E+0	-1,0880E-6
127,5009E+0	1,0852E-6	3,0000E+0	2,6032E+0	2,6031E+0	-1,0856E-6
128,0136E+0	1,1033E-6	3,0000E+0	2,5987E+0	2,5983E+0	-1,0999E-6
128,5263E+0	1,1101E-6	3,0000E+0	2,5955E+0	2,5957E+0	-1,1151E-6
129,0389E+0	1,1292E-6	3,0000E+0	2,5908E+0	2,5903E+0	-1,1233E-6
129,5516E+0	1,1369E-6	3,0000E+0	2,5882E+0	2,5874E+0	-1,1387E-6
130,0643E+0	1,1520E-6	3,0000E+0	2,5835E+0	2,5833E+0	-1,1584E-6
130,5770E+0	1,1646E-6	3,0000E+0	2,5803E+0	2,5800E+0	-1,1588E-6
131,0897E+0	1,1783E-6	3,0000E+0	2,5756E+0	2,5751E+0	-1,1815E-6
131,6024E+0	1,1872E-6	3,0000E+0	2,5731E+0	2,5725E+0	-1,1910E-6
132,1151E+0	1,2048E-6	3,0000E+0	2,5679E+0	2,5672E+0	-1,2016E-6
132,6278E+0	1,2124E-6	3,0000E+0	2,5648E+0	2,5644E+0	-1,2183E-6
133,1405E+0	1,2275E-6	3,0000E+0	2,5608E+0	2,5603E+0	-1,2240E-6
133,6532E+0	1,2358E-6	3,0000E+0	2,5578E+0	2,5574E+0	-1,2330E-6
134,1659E+0	1,2503E-6	3,0000E+0	2,5529E+0	2,5528E+0	-1,2538E-6
134,6786E+0	1,2597E-6	3,0000E+0	2,5498E+0	2,5497E+0	-1,2589E-6
135,1913E+0	1,2761E-6	3,0000E+0	2,5459E+0	2,5452E+0	-1,2723E-6
135,7039E+0	1,2842E-6	3,0000E+0	2,5421E+0	2,5421E+0	-1,2856E-6
136,2166E+0	1,2998E-6	3,0000E+0	2,5377E+0	2,5373E+0	-1,2989E-6
136,7293E+0	1,3134E-6	3,0000E+0	2,5338E+0	2,5335E+0	-1,3096E-6
137,2421E+0	1,3194E-6	3,0000E+0	2,5312E+0	2,5307E+0	-1,3258E-6
137,7547E+0	1,3361E-6	3,0000E+0	2,5264E+0	2,5260E+0	-1,3367E-6
138,2674E+0	1,3467E-6	3,0000E+0	2,5234E+0	2,5229E+0	-1,3426E-6
138,7801E+0	1,3617E-6	3,0000E+0	2,5180E+0	2,5180E+0	-1,3621E-6
139,2928E+0	1,3704E-6	3,0000E+0	2,5155E+0	2,5152E+0	-1,3661E-6
139,8055E+0	1,3847E-6	3,0000E+0	2,5105E+0	2,5104E+0	-1,3868E-6
140,3182E+0	1,3936E-6	3,0000E+0	2,5083E+0	2,5079E+0	-1,3944E-6
140,8309E+0	1,4097E-6	3,0000E+0	2,5032E+0	2,5030E+0	-1,4040E-6
141,3436E+0	1,4206E-6	3,0000E+0	2,4989E+0	2,4991E+0	-1,4248E-6
141,8564E+0	1,4271E-6	3,0000E+0	2,4968E+0	2,4962E+0	-1,4308E-6
142,3691E+0	1,4372E-6	3,0000E+0	2,4934E+0	2,4932E+0	-1,4315E-6
142,8818E+0	1,4494E-6	3,0000E+0	2,4896E+0	2,4887E+0	-1,4548E-6
143,3945E+0	1,4601E-6	3,0000E+0	2,4858E+0	2,4858E+0	-1,4562E-6
143,9072E+0	1,4750E-6	3,0000E+0	2,4811E+0	2,4812E+0	-1,4695E-6
144,4199E+0	1,4821E-6	3,0000E+0	2,4787E+0	2,4781E+0	-1,4814E-6
144,9326E+0	1,4968E-6	3,0000E+0	2,4739E+0	2,4733E+0	-1,4937E-6
145,4453E+0	1,5049E-6	3,0000E+0	2,4707E+0	2,4706E+0	-1,5000E-6
145,9580E+0	1,5171E-6	3,0000E+0	2,4666E+0	2,4659E+0	-1,5208E-6
146,4706E+0	1,5239E-6	3,0000E+0	2,4644E+0	2,4640E+0	-1,5193E-6
146,9834E+0	1,5379E-6	3,0000E+0	2,4600E+0	2,4593E+0	-1,5331E-6
147,4960E+0	1,5450E-6	3,0000E+0	2,4570E+0	2,4565E+0	-1,5434E-6
148,0088E+0	1,5588E-6	3,0000E+0	2,4524E+0	2,4519E+0	-1,5531E-6
148,5215E+0	1,5662E-6	3,0000E+0	2,4496E+0	2,4487E+0	-1,5618E-6
149,0342E+0	1,5769E-6	3,0000E+0	2,4452E+0	2,4447E+0	-1,5832E-6
149,5469E+0	1,5856E-6	3,0000E+0	2,4421E+0	2,4416E+0	-1,5844E-6
150,0596E+0	1,5997E-6	3,0000E+0	2,4374E+0	2,4370E+0	-1,5964E-6
150,5723E+0	1,6015E-6	3,0000E+0	2,4354E+0	2,4351E+0	-1,6038E-6
151,0850E+0	1,6162E-6	3,0000E+0	2,4309E+0	2,4305E+0	-1,6121E-6
151,5977E+0	1,6215E-6	3,0000E+0	2,4281E+0	2,4275E+0	-1,6249E-6
152,1104E+0	1,6351E-6	3,0000E+0	2,4235E+0	2,4230E+0	-1,6363E-6
152,6231E+0	1,6417E-6	3,0000E+0	2,4205E+0	2,4198E+0	-1,6424E-6
153,1358E+0	1,6545E-6	3,0000E+0	2,4159E+0	2,4155E+0	-1,6580E-6
153,6485E+0	1,6634E-6	3,0000E+0	2,4128E+0	2,4125E+0	-1,6612E-6
154,1612E+0	1,6743E-6	3,0000E+0	2,4080E+0	2,4080E+0	-1,6740E-6
154,6739E+0	1,6803E-6	3,0000E+0	2,4057E+0	2,4053E+0	-1,6859E-6
155,1866E+0	1,6918E-6	3,0000E+0	2,4013E+0	2,4009E+0	-1,6966E-6
155,6993E+0	1,6994E-6	3,0000E+0	2,3978E+0	2,3979E+0	-1,7009E-6
156,2120E+0	1,7086E-6	3,0000E+0	2,3945E+0	2,3943E+0	-1,7127E-6
156,7247E+0	1,7218E-6	3,0000E+0	2,3901E+0	2,3895E+0	-1,7200E-6
157,2374E+0	1,7275E-6	3,0000E+0	2,3871E+0	2,3865E+0	-1,7245E-6
157,7501E+0	1,7387E-6	3,0000E+0	2,3826E+0	2,3820E+0	-1,7389E-6
158,2628E+0	1,7446E-6	3,0000E+0	2,3792E+0	2,3790E+0	-1,7406E-6
158,7755E+0	1,7541E-6	3,0000E+0	2,3750E+0	2,3744E+0	-1,7534E-6
159,2882E+0	1,7590E-6	3,0000E+0	2,3714E+0	2,3716E+0	-1,7582E-6
159,8009E+0	1,7708E-6	3,0000E+0	2,3667E+0	2,3668E+0	-1,7720E-6
160,3136E+0	1,7718E-6	3,0000E+0	2,3655E+0	2,3649E+0	-1,7683E-6
160,8263E+0	1,7802E-6	3,0000E+0	2,3614E+0	2,3610E+0	-1,7868E-6
161,3390E+0	1,7852E-6	3,0000E+0	2,3581E+0	2,3577E+0	-1,7857E-6
161,8517E+0	1,7938E-6	3,0000E+0	2,3538E+0	2,3534E+0	-1,7964E-6
162,3644E+0	1,7985E-6	3,0000E+0	2,3510E+0	2,3505E+0	-1,8026E-6
162,8771E+0	1,8107E-6	3,0000E+0	2,3463E+0	2,3458E+0	-1,8094E-6
163,3898E+0	1,8157E-6	3,0000E+0	2,3436E+0	2,3430E+0	-1,8185E-6
163,9025E+0	1,8292E-6	3,0000E+0	2,3388E+0	2,3382E+0	-1,8276E-6
164,4152E+0	1,8319E-6	3,0000E+0	2,3367E+0	2,3365E+0	-1,8293E-6
164,9279E+0	1,8413E-6	3,0000E+0	2,3325E+0	2,3317E+0	-1,8459E-6
165,4406E+0	1,8488E-6	3,0000E+0	2,3293E+0	2,3290E+0	-1,8508E-6
165,9533E+0	1,8614E-6	3,0000E+0	2,3253E+0	2,3246E+0	-1,8564E-6
166,4660E+0	1,8653E-6	3,0000E+0	2,3224E+0	2,3216E+0	-1,8698E-6
166,9787E+0	1,8787E-6	3,0000E+0	2,3180E+0	2,3174E+0	-1,8774E-6
167,4914E+0	1,8839E-6	3,0000E+0	2,3151E+0	2,3145E+0	-1,8831E-6
168,0041E+0	1,9024E-6	3,0000E+0	2,3085E+0	2,3082E+0	-1,9007E-6
168,5168E+0	1,8967E-6	3,0000E+0	2,3077E+0	2,3075E+0	-1,9001E-6
169,0295E+0	1,9089E-6	3,0000E+0	2,3037E+0	2,3033E+0	-1,9052E-6
169,5422E+0	1,9126E-6	3,0000E+0	2,3009E+0	2,3004E+0	-1,9173E-6
170,0549E+0	1,9240E-6	3,0000E+0	2,2964E+0	2,2959E+0	-1,9273E-6
170,5676E+0	1,9307E-6	3,0000E+0	2,2929E+0	2,2928E+0	-1,9286E-6
171,0803E+0	1,9422E-6	3,0000E+0	2,2884E+0	2,2884E+0	-1,9423E-6
171,5930E+0	1,9485E-6	3,0000E+0	2,2858E+0	2,2854E+0	-1,9469E-6
172,1057E+0	1,9554E-6	3,0000E+0	2,2820E+0	2,2820E+0	-1,9530E-6
172,6184E+0	1,9619E-6	3,0000E+0	2,2792E+0	2,2790E+0	-1,9625E-6
173,1311E+0	1,9732E-6	3,0000E+0	2,2748E+0	2,2743E+0	-1,9694E-6
173,6438E+0	1,9786E-6	3,0000E+0	2,2721E+0	2,2713E+0	-1,9773E-6
174,1565E+0	1,9894E-6	3,0000E+0	2,2671E+0	2,2667E+0	-1,9921E-6
174,6692E+0	2,0006E-6	3,0000E+0	2,2627E+0	2,2628E+0	-1,9964E-6
175,1819E+0	2,0133E-6	3,0000E+0	2,2581E+0	2,2573E+0	-2,0126E-6
175,6946E+0	2,0292E-6	3,0000E+0	2,2522E+0	2,2517E+0	-2,0345E-6
176,2073E+0	2,0330E-6	3,0000E+0	2,2499E+0	2,2493E+0	-2,0280E-6
176,7200E+0	2,0464E-6	3,0000E+0	2,2442E+0	2,2438E+0	-2,0446E-6
177,2327E+0	2,0539E-6	3,0000E+0	2,2409E+0	2,2403E+0	-2,0562E-6
177,7454E+0	2,0688E-6	3,0000E+0	2,2354E+0	2,2351E+0	-2,0673E-6
178,2581E+0	2,0783E-6	3,0000E+0	2,2318E+0	2,2313E+0	-2,0765E-6
178,7708E+0	2,0930E-6	3,0000E+0	2,2263E+0	2,2260E+0	-2,0918E-6
179,2835E+0	2,1008E-6	3,0000E+0	2,2226E+0	2,2224E+0	-2,1000E-6
179,7962E+0	2,1157E-6	3,0000E+0	2,2177E+0	2,2169E+0	-2,1133E-6
180,3089E+0	2,1237E-6	3,0000E+0	2,2128E+0	2,2130E+0	-2,1238E-6
180,8216E+0	2,1378E-6	3,0000E+0	2,2086E+0	2,2080E+0	-2,1329E-6
181,3343E+0	2,1454E-6	3,0000E+0	2,2039E+0	2,2041E+0	-2,1458E-6
181,8470E+0	2,1458E-6	3,0000E+0	2,2032E+0	2,2032E+0	-2,1432E-6
182,3597E+0	2,1387E-6	3,0000E+0	2,2047E+0	2,2045E+0	-2,1377E-6
182,8724E+0	2,1350E-6	3,0000E+0	2,2052E+0	2,2047E+0	-2,1332E-6
183,3851E+0	2,1293E-6	3,0000E+0	2,2058E+0	2,2055E+0	-2,1310E-6
183,8978E+0	2,1253E-6	3,0000E+0	2,2065E+0	2,2061E+0	-2,1244E-6
184,4105E+0	2,1219E-6	3,0000E+0	2,2062E+0	2,2066E+0	-2,1214E-6
184,9232E+0	2,1173E-6	3,0000E+0	2,2071E+0	2,2070E+0	-2,1162E-6
185,4359E+0	2,1132E-6	3,0000E+0	2,2079E+0	2,2076E+0	-2,1132E-6
185,9485E+0	2,1104E-6	3,0000E+0	2,2082E+0	2,2076E+0	-2,1103E-6
186,4613E+0	2,1059E-6	3,0000E+0	2,2087E+0	2,2081E+0	-2,1083E-6
186,9740E+0	2,1032E-6	3,0000E+0	2,2092E+0	2,2085E+0	-2,1036E-6
187,4867E+0	2,1005E-6	3,0000E+0	2,2095E+0	2,2089E+0	-2,1033E-6
187,9994E+0	2,0983E-6	3,0000E+0	2,2090E+0	2,2092E+0	-2,0959E-6
188,5121E+0	2,0961E-6	3,0000E+0	2,2099E+0	2,2095E+0	-2,0935E-6
189,0247E+0	2,0930E-6	3,0000E+0	2,2098E+0	2,2095E+0	-2,0926E-6
189,5374E+0	2,0898E-6	3,0000E+0	2,2101E+0	2,2099E+0	-2,0902E-6
190,0502E+0	2,0883E-6	3,0000E+0	2,2107E+0	2,2103E+0	-2,0853E-6
190,5629E+0	2,0853E-6	3,0000E+0	2,2107E+0	2,2105E+0	-2,0853E-6
191,0755E+0	2,0838E-6	3,0000E+0	2,2111E+0	2,2103E+0	-2,0788E-6
191,5883E+0	2,0790E-6	3,0000E+0	2,2112E+0	2,2110E+0	-2,0825E-6
192,1010E+0	2,0761E-6	3,0000E+0	2,2111E+0	2,2112E+0	-2,0825E-6
192,6136E+0	2,0750E-6	3,0000E+0	2,2112E+0	2,2114E+0	-2,0748E-6
193,1264E+0	2,0737E-6	3,0000E+0	2,2119E+0	2,2113E+0	-2,0714E-6
193,6391E+0	2,0693E-6	3,0000E+0	2,2123E+0	2,2115E+0	-2,0731E-6
194,1517E+0	2,0684E-6	3,0000E+0	2,2117E+0	2,2116E+0	-2,0642E-6
194,6644E+0	2,0642E-6	3,0000E+0	2,2123E+0	2,2119E+0	-2,0673E-6
195,1771E+0	2,0625E-6	3,0000E+0	2,2124E+0	2,2125E+0	-2,0613E-6
195,6898E+0	2,0610E-6	3,0000E+0	2,2134E+0	2,2125E+0	-2,0575E-6
196,2026E+0	2,0562E-6	3,0000E+0	2,2130E+0	2,2125E+0	-2,0618E-6
196,7153E+0	2,0564E-6	3,0000E+0	2,2130E+0	2,2124E+0	-2,0543E-6
197,2280E+0	2,0533E-6	3,0000E+0	2,2133E+0	2,2130E+0	-2,0524E-6
197,7406E+0	2,0516E-6	3,0000E+0	2,2133E+0	2,2125E+0	-2,0525E-6
198,2533E+0	2,0494E-6	3,0000E+0	2,2133E+0	2,2130E+0	-2,0492E-6
198,7660E+0	2,0474E-6	3,0000E+0	2,2138E+0	2,2134E+0	-2,0445E-6
199,2787E+0	2,0462E-6	3,0000E+0	2,2136E+0	2,2131E+0	-2,0454E-6
199,7914E+0	2,0445E-6	3,0000E+0	2,2139E+0	2,2133E+0	-2,0419E-6
200,3041E+0	2,0414E-6	3,0000E+0	2,2141E+0	2,2135E+0	-2,0422E-6
200,8168E+0	2,0407E-6	3,0000E+0	2,2142E+0	2,2136E+0	-2,0403E-6
201,3295E+0	2,0389E-6	3,0000E+0	2,2141E+0	2,2135E+0	-2,0349E-6
201,8422E+0	2,0355E-6	3,0000E+0	2,2144E+0	2,2142E+0	-2,0375E-6
202,3549E+0	2,0329E-6	3,0000E+0	2,2145E+0	2,2140E+0	-2,0390E-6
202,8676E+0	2,0333E-6	3,0000E+0	2,2143E+0	2,2141E+0	-2,0298E-6
203,3803E+0	2,0291E-6	3,0000E+0	2,2141E+0	2,2145E+0	-2,0321E-6
203,8930E+0	2,0282E-6	3,0000E+0	2,2146E+0	2,2143E+0	-2,0280E-6
204,4057E+0	2,0250E-6	3,0000E+0	2,2150E+0	2,2145E+0	-2,0260E-6
204,9184E+0	2,0229E-6	3,0000E+0	2,2152E+0	2,2146E+0	-2,0259E-6
205,4311E+0	2,0227E-6	3,0000E+0	2,2147E+0	2,2142E+0	-2,0204E-6
205,9438E+0	2,0184E-6	3,0000E+0	2,2153E+0	2,2147E+0	-2,0184E-6
206,4565E+0	2,0168E-6	3,0000E+0	2,2151E+0	2,2143E+0	-2,0152E-6
206,9692E+0	2,0120E-6	3,0000E+0	2,2154E+0	2,2147E+0	-2,0179E-6
207,4819E+0	2,0115E-6	3,0000E+0	2,2150E+0	2,2145E+0	-2,0080E-6
207,9946E+0	2,0072E-6	3,0000E+0	2,2153E+0	2,2150E+0	-2,0114E-6
208,5073E+0	2,0060E-6	3,0000E+0	2,2151E+0	2,2148E+0	-2,0057E-6
209,0200E+0	2,0045E-6	3,0000E+0	2,2151E+0	2,2150E+0	-2,0011E-6
209,5326E+0	2,0027E-6	3,0000E+0	2,2154E+0	2,2150E+0	-2,0005E-6
210,0453E+0	1,9988E-6	3,0000E+0	2,2158E+0	2,2152E+0	-2,0027E-6
210,5580E+0	1,9977E-6	3,0000E+0	2,2160E+0	2,2151E+0	-1,9964E-6
211,0708E+0	1,9959E-6	3,0000E+0	2,2155E+0	2,2150E+0	-1,9987E-6
211,5835E+0	1,9943E-6	3,0000E+0	2,2150E+0	2,2150E+0	-1,9920E-6
212,0961E+0	1,9926E-6	3,0000E+0	2,2158E+0	2,2156E+0	-1,9896E-6
212,6088E+0	1,9904E-6	3,0000E+0	2,2158E+0	2,2153E+0	-1,9926E-6
213,1215E+0	1,9888E-6	3,0000E+0	2,2162E+0	2,2157E+0	-1,9916E-6
213,6342E+0	1,9892E-6	3,0000E+0	2,2160E+0	2,2152E+0	-1,9858E-6
214,1469E+0	1,9871E-6	3,0000E+0	2,2162E+0	2,2156E+0	-1,9908E-6
214,6596E+0	1,9862E-6	3,0000E+0	2,2157E+0	2,2157E+0	-1,9882E-6
215,1723E+0	1,9868E-6	3,0000E+0	2,2159E+0	2,2156E+0	-1,9845E-6
215,6850E+0	1,9835E-6	3,0000E+0	2,2158E+0	2,2154E+0	-1,9885E-6
216,1976E+0	1,9842E-6	3,0000E+0	2,2164E+0	2,2158E+0	-1,9835E-6
216,7103E+0	1,9827E-6	3,0000E+0	2,2160E+0	2,2159E+0	-1,9846E-6
217,2230E+0	1,9833E-6	3,0000E+0	2,2158E+0	2,2157E+0	-1,9829E-6
217,7357E+0	1,9833E-6	3,0000E+0	2,2160E+0	2,2156E+0	-1,9788E-6
218,2484E+0	1,9802E-6	3,0000E+0	2,2166E+0	2,2160E+0	-1,9812E-6
218,7611E+0	1,9791E-6	3,0000E+0	2,2163E+0	2,2162E+0	-1,9849E-6
219,2738E+0	1,9810E-6	3,0000E+0	2,2162E+0	2,2155E+0	-1,9765E-6
219,7865E+0	1,9776E-6	3,0000E+0	2,2164E+0	2,2160E+0	-1,9810E-6
220,2992E+0	1,9783E-6	3,0000E+0	2,2163E+0	2,2160E+0	-1,9771E-6
220,8119E+0	1,9775E-6	3,0000E+0	2,2163E+0	2,2158E+0	-1,9737E-6
221,3246E+0	1,9768E-6	3,0000E+0	2,2160E+0	2,2160E+0	-1,9758E-6
221,8373E+0	1,9745E-6	3,0000E+0	2,2163E+0	2,2158E+0	-1,9789E-6
222,3500E+0	1,9740E-6	3,0000E+0	2,2163E+0	2,2164E+0	-1,9739E-6
222,8627E+0	1,9742E-6	3,0000E+0	2,2163E+0	2,2158E+0	-1,9728E-6
223,3754E+0	1,9737E-6	3,0000E+0	2,2160E+0	2,2158E+0	-1,9704E-6
223,8881E+0	1,9714E-6	3,0000E+0	2,2164E+0	2,2163E+0	-1,9688E-6
224,4008E+0	1,9694E-6	3,0000E+0	2,2165E+0	2,2160E+0	-1,9741E-6
224,9135E+0	1,9700E-6	3,0000E+0	2,2167E+0	2,2160E+0	-1,9693E-6
225,4262E+0	1,9677E-6	3,0000E+0	2,2168E+0	2,2162E+0	-1,9692E-6
225,9389E+0	1,9680E-6	3,0000E+0	2,2166E+0	2,2160E+0	-1,9677E-6
226,4516E+0	1,9654E-6	3,0000E+0	2,2163E+0	2,2161E+0	-1,9696E-6
226,9643E+0	1,9677E-6	3,0000E+0	2,2164E+0	2,2162E+0	-1,9609E-6
227,4770E+0	1,9658E-6	3,0000E+0	2,2163E+0	2,2162E+0	-1,9658E-6
227,9897E+0	1,9645E-6	3,0000E+0	2,2164E+0	2,2162E+0	-1,9627E-6
228,5024E+0	1,9647E-6	3,0000E+0	2,2163E+0	2,2158E+0	-1,9606E-6
229,0151E+0	1,9621E-6	3,0000E+0	2,2159E+0	2,2160E+0	-1,9657E-6
229,5278E+0	1,9622E-6	3,0000E+0	2,2164E+0	2,2160E+0	-1,9581E-6
230,0405E+0	1,9617E-6	3,0000E+0	2,2166E+0	2,2161E+0	-1,9582E-6
230,5532E+0	1,9583E-6	3,0000E+0	2,2168E+0	2,2162E+0	-1,9645E-6
231,0659E+0	1,9591E-6	3,0000E+0	2,2163E+0	2,2160E+0	-1,9577E-6
231,5786E+0	1,9589E-6	3,0000E+0	2,2163E+0	2,2158E+0	-1,9546E-6
232,0913E+0	1,9550E-6	3,0000E+0	2,2168E+0	2,2162E+0	-1,9614E-6
232,6040E+0	1,9565E-6	3,0000E+0	2,2166E+0	2,2163E+0	-1,9525E-6
233,1167E+0	1,9559E-6	3,0000E+0	2,2167E+0	2,2160E+0	-1,9543E-6
233,6294E+0	1,9539E-6	3,0000E+0	2,2159E+0	2,2158E+0	-1,9545E-6
234,1421E+0	1,9527E-6	3,0000E+0	2,2167E+0	2,2163E+0	-1,9518E-6
234,6548E+0	1,9519E-6	3,0000E+0	2,2168E+0	2,2165E+0	-1,9548E-6
235,1675E+0	1,9509E-6	3,0000E+0	2,2158E+0	2,2160E+0	-1,9524E-6
235,6802E+0	1,9513E-6	3,0000E+0	2,2168E+0	2,2162E+0	-1,9458E-6
236,1929E+0	1,9479E-6	3,0000E+0	2,2162E+0	2,2161E+0	-1,9528E-6
236,7056E+0	1,9460E-6	3,0000E+0	2,2164E+0	2,2163E+0	-1,9504E-6
237,2183E+0	1,9476E-6	3,0000E+0	2,2168E+0	2,2161E+0	-1,9429E-6
237,7310E+0	1,9460E-6	3,0000E+0	2,2164E+0	2,2158E+0	-1,9473E-6
238,2437E+0	1,9427E-6	3,0000E+0	2,2166E+0	2,2163E+0	-1,9461E-6
238,7564E+0	1,9421E-6	3,0000E+0	2,2165E+0	2,2160E+0	-1,9414E-6
239,2691E+0	1,9402E-6	3,0000E+0	2,2167E+0	2,2162E+0	-1,9424E-6
239,7818E+0	1,9380E-6	3,0000E+0	2,2165E+0	2,2164E+0	-1,9385E-6
240,2945E+0	1,9365E-6	3,0000E+0	2,2165E+0	2,2160E+0	-1,9384E-6
240,8072E+0	1,9341E-6	3,0000E+0	2,2166E+0	2,2162E+0	-1,9409E-6
241,3199E+0	1,9340E-6	3,0000E+0	2,2162E+0	2,2160E+0	-1,9332E-6
241,8326E+0	1,9334E-6	3,0000E+0	2,2160E+0	2,2160E+0	-1,9320E-6
242,3453E+0	1,9314E-6	3,0000E+0	2,2164E+0	2,2163E+0	-1,9337E-6
242,8580E+0	1,9285E-6	3,0000E+0	2,2162E+0	2,2160E+0	-1,9302E-6
243,3707E+0	1,9276E-6	3,0000E+0	2,2161E+0	2,2158E+0	-1,9304E-6
243,8834E+0	1,9262E-6	3,0000E+0	2,2160E+0	2,2156E+0	-1,9243E-6
244,3961E+0	1,9259E-6	3,0000E+0	2,2163E+0	2,2156E+0	-1,9192E-6
244,9088E+0	1,9224E-6	3,0000E+0	2,2164E+0	2,2158E+0	-1,9230E-6
245,4214E+0	1,9210E-6	3,0000E+0	2,2160E+0	2,2155E+0	-1,9188E-6
245,9341E+0	1,9187E-6	3,0000E+0	2,2161E+0	2,2157E+0	-1,9172E-6
246,4468E+0	1,9166E-6	3,0000E+0	2,2160E+0	2,2155E+0	-1,9169E-6
246,9595E+0	1,9150E-6	3,0000E+0	2,2155E+0	2,2159E+0	-1,9102E-6
247,4722E+0	1,9108E-6	3,0000E+0	2,2161E+0	2,2157E+0	-1,9125E-6
247,9850E+0	1,9093E-6	3,0000E+0	2,2161E+0	2,2155E+0	-1,9110E-6
248,4977E+0	1,9085E-6	3,0000E+0	2,2161E+0	2,2154E+0	-1,9027E-6
249,0103E+0	1,9038E-6	3,0000E+0	2,2163E+0	2,2156E+0	-1,9083E-6
249,5230E+0	1,9021E-6	3,0000E+0	2,2163E+0	2,2161E+0	-1,9075E-6
250,0357E+0	1,9026E-6	3,0000E+0	2,2159E+0	2,2157E+0	-1,8982E-6
250,5484E+0	1,9005E-6	3,0000E+0	2,2158E+0	2,2151E+0	-1,9005E-6
251,0611E+0	1,8980E-6	3,0000E+0	2,2159E+0	2,2152E+0	-1,8970E-6
251,5738E+0	1,8984E-6	3,0000E+0	2,2157E+0	2,2155E+0	-1,8928E-6
252,0865E+0	1,8963E-6	3,0000E+0	2,2158E+0	2,2155E+0	-1,8957E-6
252,5992E+0	1,8941E-6	3,0000E+0	2,2158E+0	2,2150E+0	-1,8938E-6
253,1119E+0	1,8920E-6	3,0000E+0	2,2159E+0	2,2155E+0	-1,8942E-6
253,6246E+0	1,8919E-6	3,0000E+0	2,2155E+0	2,2152E+0	-1,8918E-6
254,1373E+0	1,8911E-6	3,0000E+0	2,2158E+0	2,2153E+0	-1,8867E-6
254,6500E+0	1,8873E-6	3,0000E+0	2,2151E+0	2,2155E+0	-1,8908E-6
255,1627E+0	1,8876E-6	3,0000E+0	2,2158E+0	2,2154E+0	-1,8880E-6
255,6754E+0	1,8868E-6	3,0000E+0	2,2155E+0	2,2146E+0	-1,8809E-6
256,1881E+0	1,8841E-6	3,0000E+0	2,2154E+0	2,2150E+0	-1,8828E-6
256,7008E+0	1,8812E-6	3,0000E+0	2,2154E+0	2,2153E+0	-1,8810E-6
257,2135E+0	1,8788E-6	3,0000E+0	2,2157E+0	2,2151E+0	-1,8795E-6
257,7262E+0	1,8786E-6	3,0000E+0	2,2154E+0	2,2150E+0	-1,8779E-6
258,2389E+0	1,8771E-6	3,0000E+0	2,2153E+0	2,2151E+0	-1,8734E-6
258,7516E+0	1,8750E-6	3,0000E+0	2,2153E+0	2,2151E+0	-1,8738E-6
259,2643E+0	1,8732E-6	3,0000E+0	2,2157E+0	2,2148E+0	-1,8765E-6
259,7770E+0	1,8732E-6	3,0000E+0	2,2153E+0	2,2151E+0	-1,8705E-6
260,2897E+0	1,8724E-6	3,0000E+0	2,2155E+0	2,2150E+0	-1,8705E-6
260,8024E+0	1,8701E-6	3,0000E+0	2,2153E+0	2,2147E+0	-1,8729E-6
261,3151E+0	1,8689E-6	3,0000E+0	2,2154E+0	2,2150E+0	-1,8696E-6
261,8278E+0	1,8696E-6	3,0000E+0	2,2154E+0	2,2149E+0	-1,8677E-6
262,3405E+0	1,8682E-6	3,0000E+0	2,2146E+0	2,2145E+0	-1,8669E-6
262,8532E+0	1,8657E-6	3,0000E+0	2,2153E+0	2,2150E+0	-1,8660E-6
263,3659E+0	1,8653E-6	3,0000E+0	2,2150E+0	2,2146E+0	-1,8662E-6
263,8786E+0	1,8658E-6	3,0000E+0	2,2151E+0	2,2147E+0	-1,8645E-6
264,3913E+0	1,8635E-6	3,0000E+0	2,2152E+0	2,2145E+0	-1,8637E-6
264,9040E+0	1,8624E-6	3,0000E+0	2,2147E+0	2,2147E+0	-1,8676E-6
265,4167E+0	1,8633E-6	3,0000E+0	2,2146E+0	2,2142E+0	-1,8594E-6
265,9294E+0	1,8618E-6	3,0000E+0	2,2150E+0	2,2145E+0	-1,8600E-6
266,4421E+0	1,8595E-6	3,0000E+0	2,2152E+0	2,2146E+0	-1,8659E-6
266,9548E+0	1,8596E-6	3,0000E+0	2,2151E+0	2,2147E+0	-1,8611E-6
267,4675E+0	1,8597E-6	3,0000E+0	2,2148E+0	2,2145E+0	-1,8607E-6
267,9802E+0	1,8574E-6	3,0000E+0	2,2148E+0	2,2144E+0	-1,8621E-6
268,4929E+0	1,8593E-6	3,0000E+0	2,2147E+0	2,2142E+0	-1,8551E-6
269,0056E+0	1,8560E-6	3,0000E+0	2,2149E+0	2,2141E+0	-1,8583E-6
269,5183E+0	1,8540E-6	3,0000E+0	2,2149E+0	2,2142E+0	-1,8600E-6
270,0309E+0	1,8532E-6	3,0000E+0	2,2147E+0	2,2145E+0	-1,8540E-6
270,5437E+0	1,8541E-6	3,0000E+0	2,2145E+0	2,2140E+0	-1,8523E-6
271,0564E+0	1,8532E-6	3,0000E+0	2,2143E+0	2,2141E+0	-1,8513E-6
271,5691E+0	1,8522E-6	3,0000E+0	2,2144E+0	2,2140E+0	-1,8464E-6
272,0818E+0	1,8492E-6	3,0000E+0	2,2139E+0	2,2140E+0	-1,8522E-6
272,5945E+0	1,8497E-6	3,0000E+0	2,2145E+0	2,2138E+0	-1,8472E-6
273,1071E+0	1,8471E-6	3,0000E+0	2,2141E+0	2,2142E+0	-1,8478E-6
273,6199E+0	1,8461E-6	3,0000E+0	2,2143E+0	2,2140E+0	-1,8500E-6
274,1325E+0	1,8445E-6	3,0000E+0	2,2143E+0	2,2139E+0	-1,8479E-6
274,6453E+0	1,8451E-6	3,0000E+0	2,2143E+0	2,2138E+0	-1,8434E-6
275,1580E+0	1,8443E-6	3,0000E+0	2,2139E+0	2,2135E+0	-1,8451E-6
275,6707E+0	1,8432E-6	3,0000E+0	2,2138E+0	2,2135E+0	-1,8409E-6
276,1834E+0	1,8414E-6	3,0000E+0	2,2138E+0	2,2132E+0	-1,8403E-6
276,6961E+0	1,8392E-6	3,0000E+0	2,2141E+0	2,2136E+0	-1,8448E-6
277,2088E+0	1,8410E-6	3,0000E+0	2,2136E+0	2,2133E+0	-1,8351E-6
277,7214E+0	1,8389E-6	3,0000E+0	2,2133E+0	2,2132E+0	-1,8374E-6
278,2341E+0	1,8377E-6	3,0000E+0	2,2138E+0	2,2135E+0	-1,8395E-6
278,7469E+0	1,8373E-6	3,0000E+0	2,2138E+0	2,2130E+0	-1,8324E-6
279,2596E+0	1,8366E-6	3,0000E+0	2,2135E+0	2,2130E+0	-1,8333E-6
279,7723E+0	1,8355E-6	3,0000E+0	2,2134E+0	2,2130E+0	-1,8337E-6
280,2850E+0	1,8329E-6	3,0000E+0	2,2135E+0	2,2131E+0	-1,8324E-6
280,7977E+0	1,8320E-6	3,0000E+0	2,2135E+0	2,2128E+0	-1,8333E-6
281,3104E+0	1,8304E-6	3,0000E+0	2,2133E+0	2,2125E+0	-1,8305E-6
281,8231E+0	1,8291E-6	3,0000E+0	2,2133E+0	2,2130E+0	-1,8295E-6
282,3358E+0	1,8284E-6	3,0000E+0	2,2138E+0	2,2130E+0	-1,8302E-6
282,8484E+0	1,8270E-6	3,0000E+0	2,2133E+0	2,2129E+0	-1,8282E-6
283,3611E+0	1,8262E-6	3,0000E+0	2,2134E+0	2,2131E+0	-1,8260E-6
283,8738E+0	1,8258E-6	3,0000E+0	2,2131E+0	2,2128E+0	-1,8252E-6
284,3866E+0	1,8242E-6	3,0000E+0	2,2123E+0	2,2127E+0	-1,8230E-6
284,8993E+0	1,8224E-6	3,0000E+0	2,2127E+0	2,2127E+0	-1,8225E-6
285,4120E+0	1,8227E-6	3,0000E+0	2,2125E+0	2,2127E+0	-1,8241E-6
285,9247E+0	1,8223E-6	3,0000E+0	2,2126E+0	2,2124E+0	-1,8186E-6
286,4374E+0	1,8196E-6	3,0000E+0	2,2130E+0	2,2122E+0	-1,8201E-6
286,9501E+0	1,8166E-6	3,0000E+0	2,2130E+0	2,2124E+0	-1,8232E-6
287,4627E+0	1,8160E-6	3,0000E+0	2,2130E+0	2,2126E+0	-1,8146E-6
287,9755E+0	1,8160E-6	3,0000E+0	2,2122E+0	2,2120E+0	-1,8117E-6
288,4882E+0	1,8123E-6	3,0000E+0	2,2128E+0	2,2127E+0	-1,8193E-6
289,0009E+0	1,8134E-6	3,0000E+0	2,2128E+0	2,2122E+0	-1,8087E-6
289,5136E+0	1,8100E-6	3,0000E+0	2,2126E+0	2,2124E+0	-1,8131E-6
290,0263E+0	1,8102E-6	3,0000E+0	2,2125E+0	2,2120E+0	-1,8096E-6
290,5390E+0	1,8091E-6	3,0000E+0	2,2128E+0	2,2124E+0	-1,8061E-6
291,0517E+0	1,8076E-6	3,0000E+0	2,2122E+0	2,2123E+0	-1,8063E-6
291,5644E+0	1,8058E-6	3,0000E+0	2,2125E+0	2,2118E+0	-1,8074E-6
292,0771E+0	1,8053E-6	3,0000E+0	2,2119E+0	2,2117E+0	-1,8032E-6
292,5898E+0	1,8027E-6	3,0000E+0	2,2125E+0	2,2117E+0	-1,8075E-6
293,1025E+0	1,8035E-6	3,0000E+0	2,2122E+0	2,2119E+0	-1,8032E-6
293,6152E+0	1,8039E-6	3,0000E+0	2,2116E+0	2,2117E+0	-1,7983E-6
294,1279E+0	1,8007E-6	3,0000E+0	2,2123E+0	2,2119E+0	-1,8040E-6
294,6406E+0	1,8007E-6	3,0000E+0	2,2119E+0	2,2117E+0	-1,7988E-6
295,1533E+0	1,7995E-6	3,0000E+0	2,2120E+0	2,2114E+0	-1,7932E-6
295,6660E+0	1,7963E-6	3,0000E+0	2,2121E+0	2,2118E+0	-1,7987E-6
296,1787E+0	1,7940E-6	3,0000E+0	2,2121E+0	2,2115E+0	-1,7968E-6
296,6914E+0	1,7952E-6	3,0000E+0	2,2117E+0	2,2111E+0	-1,7888E-6
297,2041E+0	1,7917E-6	3,0000E+0	2,2117E+0	2,2114E+0	-1,7970E-6
297,7168E+0	1,7930E-6	3,0000E+0	2,2117E+0	2,2114E+0	-1,7903E-6
298,2295E+0	1,7910E-6	3,0000E+0	2,2117E+0	2,2113E+0	-1,7908E-6
298,7422E+0	1,7903E-6	3,0000E+0	2,2117E+0	2,2114E+0	-1,7933E-6
299,2549E+0	1,7901E-6	3,0000E+0	2,2113E+0	2,2108E+0	-1,7864E-6
299,7676E+0	1,7880E-6	3,0000E+0	2,2112E+0	2,2113E+0	-1,7898E-6
300,2803E+0	1,7869E-6	3,0000E+0	2,2115E+0	2,2110E+0	-1,7915E-6
300,7930E+0	1,7862E-6	3,0000E+0	2,2113E+0	2,2110E+0	-1,7867E-6
301,3057E+0	1,7864E-6	3,0000E+0	2,2112E+0	2,2105E+0	-1,7846E-6
301,8184E+0	1,7857E-6	3,0000E+0	2,2110E+0	2,2107E+0	-1,7858E-6
302,3311E+0	1,7858E-6	3,0000E+0	2,2112E+0	2,2108E+0	-1,7794E-6
302,8438E+0	1,7844E-6	3,0000E+0	2,2110E+0	2,2108E+0	-1,7826E-6
303,3565E+0	1,7833E-6	3,0000E+0	2,2102E+0	2,2103E+0	-1,7831E-6
303,8692E+0	1,7832E-6	3,0000E+0	2,2110E+0	2,2103E+0	-1,7774E-6
304,3819E+0	1,7818E-6	3,0000E+0	2,2109E+0	2,2103E+0	-1,7806E-6
304,8946E+0	1,7810E-6	3,0000E+0	2,2109E+0	2,2103E+0	-1,7794E-6
305,4073E+0	1,7796E-6	3,0000E+0	2,2110E+0	2,2104E+0	-1,7795E-6
305,9200E+0	1,7783E-6	3,0000E+0	2,2111E+0	2,2105E+0	-1,7830E-6
306,4327E+0	1,7794E-6	3,0000E+0	2,2112E+0	2,2106E+0	-1,7799E-6
306,9454E+0	1,7789E-6	3,0000E+0	2,2107E+0	2,2103E+0	-1,7755E-6
307,4581E+0	1,7768E-6	3,0000E+0	2,2108E+0	2,2103E+0	-1,7815E-6
307,9708E+0	1,7767E-6	3,0000E+0	2,2106E+0	2,2104E+0	-1,7783E-6
308,4835E+0	1,7761E-6	3,0000E+0	2,2102E+0	2,2101E+0	-1,7755E-6
308,9962E+0	1,7757E-6	3,0000E+0	2,2103E+0	2,2100E+0	-1,7778E-6
309,5089E+0	1,7751E-6	3,0000E+0	2,2105E+0	2,2100E+0	-1,7761E-6
310,0215E+0	1,7755E-6	3,0000E+0	2,2100E+0	2,2100E+0	-1,7766E-6
310,5342E+0	1,7757E-6	3,0000E+0	2,2101E+0	2,2095E+0	-1,7755E-6
311,0470E+0	1,7741E-6	3,0000E+0	2,2107E+0	2,2104E+0	-1,7743E-6
311,5597E+0	1,7733E-6	3,0000E+0	2,2099E+0	2,2093E+0	-1,7723E-6
312,0724E+0	1,7737E-6	3,0000E+0	2,2101E+0	2,2096E+0	-1,7717E-6
312,5851E+0	1,7715E-6	3,0000E+0	2,2102E+0	2,2099E+0	-1,7701E-6
313,0978E+0	1,7693E-6	3,0000E+0	2,2101E+0	2,2099E+0	-1,7732E-6
313,6105E+0	1,7699E-6	3,0000E+0	2,2099E+0	2,2094E+0	-1,7698E-6
314,1232E+0	1,7712E-6	3,0000E+0	2,2096E+0	2,2091E+0	-1,7643E-6
314,6359E+0	1,7691E-6	3,0000E+0	2,2095E+0	2,2090E+0	-1,7674E-6
315,1486E+0	1,7688E-6	3,0000E+0	2,2100E+0	2,2094E+0	-1,7688E-6
315,6613E+0	1,7684E-6	3,0000E+0	2,2095E+0	2,2091E+0	-1,7626E-6
316,1740E+0	1,7654E-6	3,0000E+0	2,2097E+0	2,2093E+0	-1,7701E-6
316,6867E+0	1,7667E-6	3,0000E+0	2,2092E+0	2,2088E+0	-1,7638E-6
317,1994E+0	1,7633E-6	3,0000E+0	2,2097E+0	2,2092E+0	-1,7648E-6
317,7121E+0	1,7622E-6	3,0000E+0	2,2092E+0	2,2087E+0	-1,7655E-6
318,2248E+0	1,7623E-6	3,0000E+0	2,2089E+0	2,2085E+0	-1,7564E-6
318,7375E+0	1,7604E-6	3,0000E+0	2,2087E+0	2,2088E+0	-1,7570E-6
319,2502E+0	1,7554E-6	3,0000E+0	2,2093E+0	2,2088E+0	-1,7609E-6
319,7629E+0	1,7559E-6	3,0000E+0	2,2092E+0	2,2086E+0	-1,7548E-6
320,2756E+0	1,7566E-6	3,0000E+0	2,2090E+0	2,2085E+0	-1,7524E-6
320,7883E+0	1,7550E-6	3,0000E+0	2,2087E+0	2,2087E+0	-1,7582E-6
321,3010E+0	1,7534E-6	3,0000E+0	2,2090E+0	2,2086E+0	-1,7533E-6
321,8137E+0	1,7544E-6	3,0000E+0	2,2084E+0	2,2084E+0	-1,7542E-6
322,3264E+0	1,7543E-6	3,0000E+0	2,2085E+0	2,2079E+0	-1,7538E-6
322,8391E+0	1,7561E-6	3,0000E+0	2,2085E+0	2,2081E+0	-1,7526E-6
323,3518E+0	1,7559E-6	3,0000E+0	2,2086E+0	2,2081E+0	-1,7535E-6
323,8645E+0	1,7550E-6	3,0000E+0	2,2084E+0	2,2078E+0	-1,7543E-6
324,3772E+0	1,7531E-6	3,0000E+0	2,2087E+0	2,2082E+0	-1,7543E-6
324,8898E+0	1,7525E-6	3,0000E+0	2,2083E+0	2,2081E+0	-1,7561E-6
325,4026E+0	1,7506E-6	3,0000E+0	2,2083E+0	2,2081E+0	-1,7553E-6
325,9152E+0	1,7523E-6	3,0000E+0	2,2084E+0	2,2076E+0	-1,7461E-6
326,4279E+0	1,7512E-6	3,0000E+0	2,2080E+0	2,2075E+0	-1,7504E-6
326,9406E+0	1,7495E-6	3,0000E+0	2,2081E+0	2,2075E+0	-1,7502E-6
327,4534E+0	1,7490E-6	3,0000E+0	2,2081E+0	2,2078E+0	-1,7473E-6
327,9661E+0	1,7470E-6	3,0000E+0	2,2080E+0	2,2077E+0	-1,7518E-6
328,4788E+0	1,7462E-6	3,0000E+0	2,2081E+0	2,2079E+0	-1,7497E-6
328,9915E+0	1,7456E-6	3,0000E+0	2,2084E+0	2,2077E+0	-1,7480E-6
329,5042E+0	1,7455E-6	3,0000E+0	2,2079E+0	2,2071E+0	-1,7462E-6
330,0168E+0	1,7459E-6	3,0000E+0	2,2080E+0	2,2074E+0	-1,7422E-6
330,5295E+0	1,7441E-6	3,0000E+0	2,2078E+0	2,2075E+0	-1,7436E-6
331,0423E+0	1,7433E-6	3,0000E+0	2,2077E+0	2,2072E+0	-1,7451E-6
331,5550E+0	1,7413E-6	3,0000E+0	2,2078E+0	2,2071E+0	-1,7437E-6
332,0677E+0	1,7406E-6	3,0000E+0	2,2076E+0	2,2074E+0	-1,7439E-6
332,5804E+0	1,7390E-6	3,0000E+0	2,2076E+0	2,2070E+0	-1,7456E-6
333,0930E+0	1,7390E-6	3,0000E+0	2,2073E+0	2,2070E+0	-1,7393E-6
333,6057E+0	1,7386E-6	3,0000E+0	2,2072E+0	2,2070E+0	-1,7409E-6
334,1184E+0	1,7367E-6	3,0000E+0	2,2070E+0	2,2072E+0	-1,7429E-6
334,6311E+0	1,7384E-6	3,0000E+0	2,2076E+0	2,2066E+0	-1,7331E-6
335,1438E+0	1,7364E-6	3,0000E+0	2,2067E+0	2,2068E+0	-1,7337E-6
335,6566E+0	1,7338E-6	3,0000E+0	2,2069E+0	2,2064E+0	-1,7366E-6
336,1693E+0	1,7341E-6	3,0000E+0	2,2071E+0	2,2065E+0	-1,7285E-6
336,6820E+0	1,7321E-6	3,0000E+0	2,2064E+0	2,2063E+0	-1,7297E-6
337,1947E+0	1,7306E-6	3,0000E+0	2,2068E+0	2,2063E+0	-1,7320E-6
337,7074E+0	1,7297E-6	3,0000E+0	2,2070E+0	2,2064E+0	-1,7288E-6
338,2201E+0	1,7296E-6	3,0000E+0	2,2067E+0	2,2060E+0	-1,7277E-6
338,7328E+0	1,7292E-6	3,0000E+0	2,2067E+0	2,2060E+0	-1,7262E-6
339,2455E+0	1,7259E-6	3,0000E+0	2,2068E+0	2,2064E+0	-1,7267E-6
339,7582E+0	1,7265E-6	3,0000E+0	2,2064E+0	2,2060E+0	-1,7260E-6
340,2709E+0	1,7249E-6	3,0000E+0	2,2069E+0	2,2064E+0	-1,7264E-6
340,7836E+0	1,7234E-6	3,0000E+0	2,2064E+0	2,2061E+0	-1,7225E-6
341,2963E+0	1,7208E-6	3,0000E+0	2,2066E+0	2,2060E+0	-1,7265E-6
341,8090E+0	1,7198E-6	3,0000E+0	2,2062E+0	2,2056E+0	-1,7210E-6
342,3217E+0	1,7181E-6	3,0000E+0	2,2063E+0	2,2057E+0	-1,7198E-6
342,8344E+0	1,7185E-6	3,0000E+0	2,2059E+0	2,2055E+0	-1,7182E-6
343,3471E+0	1,7159E-6	3,0000E+0	2,2064E+0	2,2057E+0	-1,7179E-6
343,8598E+0	1,7166E-6	3,0000E+0	2,2056E+0	2,2055E+0	-1,7124E-6
344,3725E+0	1,7127E-6	3,0000E+0	2,2060E+0	2,2056E+0	-1,7193E-6
344,8852E+0	1,7125E-6	3,0000E+0	2,2061E+0	2,2055E+0	-1,7115E-6
345,3979E+0	1,7124E-6	3,0000E+0	2,2054E+0	2,2052E+0	-1,7087E-6
345,9106E+0	1,7095E-6	3,0000E+0	2,2057E+0	2,2054E+0	-1,7136E-6
346,4233E+0	1,7100E-6	3,0000E+0	2,2054E+0	2,2050E+0	-1,7068E-6
346,9360E+0	1,7076E-6	3,0000E+0	2,2057E+0	2,2053E+0	-1,7112E-6
347,4487E+0	1,7064E-6	3,0000E+0	2,2052E+0	2,2053E+0	-1,7091E-6
347,9614E+0	1,7051E-6	3,0000E+0	2,2056E+0	2,2050E+0	-1,7052E-6
348,4741E+0	1,7058E-6	3,0000E+0	2,2051E+0	2,2048E+0	-1,7036E-6
348,9868E+0	1,7027E-6	3,0000E+0	2,2052E+0	2,2048E+0	-1,7032E-6
349,4995E+0	1,7042E-6	3,0000E+0	2,2046E+0	2,2045E+0	-1,6973E-6
350,0122E+0	1,7003E-6	3,0000E+0	2,2052E+0	2,2049E+0	-1,7051E-6
350,5249E+0	1,7015E-6	3,0000E+0	2,2048E+0	2,2045E+0	-1,6985E-6
351,0375E+0	1,6987E-6	3,0000E+0	2,2044E+0	2,2046E+0	-1,7001E-6
351,5502E+0	1,6976E-6	3,0000E+0	2,2049E+0	2,2045E+0	-1,7020E-6
352,0629E+0	1,6966E-6	3,0000E+0	2,2048E+0	2,2046E+0	-1,6971E-6
352,5756E+0	1,6946E-6	3,0000E+0	2,2052E+0	2,2045E+0	-1,6960E-6
353,0883E+0	1,6930E-6	3,0000E+0	2,2049E+0	2,2045E+0	-1,6952E-6
353,6010E+0	1,6927E-6	3,0000E+0	2,2046E+0	2,2044E+0	-1,6900E-6
354,1136E+0	1,6907E-6	3,0000E+0	2,2047E+0	2,2042E+0	-1,6884E-6
354,6263E+0	1,6886E-6	3,0000E+0	2,2044E+0	2,2038E+0	-1,6878E-6
355,1390E+0	1,6874E-6	3,0000E+0	2,2042E+0	2,2038E+0	-1,6862E-6
355,6517E+0	1,6873E-6	3,0000E+0	2,2041E+0	2,2038E+0	-1,6834E-6
356,1644E+0	1,6837E-6	3,0000E+0	2,2044E+0	2,2038E+0	-1,6889E-6
356,6771E+0	1,6838E-6	3,0000E+0	2,2037E+0	2,2038E+0	-1,6829E-6
357,1898E+0	1,6818E-6	3,0000E+0	2,2042E+0	2,2040E+0	-1,6838E-6
357,7024E+0	1,6806E-6	3,0000E+0	2,2042E+0	2,2036E+0	-1,6855E-6
358,2151E+0	1,6809E-6	3,0000E+0	2,2041E+0	2,2035E+0	-1,6783E-6
358,7278E+0	1,6807E-6	3,0000E+0	2,2034E+0	2,2031E+0	-1,6782E-6
359,2405E+0	1,6802E-6	3,0000E+0	2,2038E+0	2,2031E+0	-1,6775E-6
359,7532E+0	1,6798E-6	3,0000E+0	2,2037E+0	2,2033E+0	-1,6736E-6
360,2659E+0	1,6762E-6	3,0000E+0	2,2032E+0	2,2035E+0	-1,6792E-6
360,7786E+0	1,6774E-6	3,0000E+0	2,2035E+0	2,2030E+0	-1,6761E-6
361,2913E+0	1,6749E-6	3,0000E+0	2,2041E+0	2,2033E+0	-1,6751E-6
361,8040E+0	1,6763E-6	3,0000E+0	2,2027E+0	2,2027E+0	-1,6732E-6
362,3167E+0	1,6724E-6	3,0000E+0	2,2032E+0	2,2031E+0	-1,6764E-6
362,8294E+0	1,6741E-6	3,0000E+0	2,2032E+0	2,2028E+0	-1,6680E-6
363,3421E+0	1,6699E-6	3,0000E+0	2,2032E+0	2,2029E+0	-1,6748E-6
363,8548E+0	1,6695E-6	3,0000E+0	2,2035E+0	2,2031E+0	-1,6711E-6
364,3675E+0	1,6708E-6	3,0000E+0	2,2024E+0	2,2026E+0	-1,6642E-6
364,8802E+0	1,6688E-6	3,0000E+0	2,2031E+0	2,2026E+0	-1,6689E-6
365,3929E+0	1,6683E-6	3,0000E+0	2,2028E+0	2,2029E+0	-1,6671E-6
365,9056E+0	1,6677E-6	3,0000E+0	2,2031E+0	2,2026E+0	-1,6631E-6
366,4183E+0	1,6665E-6	3,0000E+0	2,2030E+0	2,2022E+0	-1,6680E-6
366,9310E+0	1,6659E-6	3,0000E+0	2,2027E+0	2,2024E+0	-1,6635E-6
367,4437E+0	1,6651E-6	3,0000E+0	2,2027E+0	2,2025E+0	-1,6610E-6
367,9564E+0	1,6629E-6	3,0000E+0	2,2027E+0	2,2023E+0	-1,6681E-6
368,4690E+0	1,6639E-6	3,0000E+0	2,2027E+0	2,2023E+0	-1,6607E-6
368,9818E+0	1,6629E-6	3,0000E+0	2,2022E+0	2,2020E+0	-1,6592E-6
369,4945E+0	1,6608E-6	3,0000E+0	2,2024E+0	2,2021E+0	-1,6620E-6
370,0072E+0	1,6589E-6	3,0000E+0	2,2024E+0	2,2020E+0	-1,6611E-6
370,5198E+0	1,6592E-6	3,0000E+0	2,2021E+0	2,2020E+0	-1,6596E-6
371,0326E+0	1,6568E-6	3,0000E+0	2,2022E+0	2,2018E+0	-1,6636E-6
371,5453E+0	1,6590E-6	3,0000E+0	2,2022E+0	2,2018E+0	-1,6541E-6
372,0579E+0	1,6579E-6	3,0000E+0	2,2018E+0	2,2013E+0	-1,6528E-6
372,5706E+0	1,6561E-6	3,0000E+0	2,2017E+0	2,2014E+0	-1,6573E-6
373,0833E+0	1,6565E-6	3,0000E+0	2,2020E+0	2,2015E+0	-1,6502E-6
373,5960E+0	1,6535E-6	3,0000E+0	2,2018E+0	2,2015E+0	-1,6565E-6
374,1087E+0	1,6543E-6	3,0000E+0	2,2017E+0	2,2010E+0	-1,6527E-6
374,6214E+0	1,6532E-6	3,0000E+0	2,2012E+0	2,2014E+0	-1,6468E-6
375,1342E+0	1,6481E-6	3,0000E+0	2,2016E+0	2,2014E+0	-1,6532E-6
375,6468E+0	1,6457E-6	3,0000E+0	2,2017E+0	2,2012E+0	-1,6512E-6
376,1595E+0	1,6465E-6	3,0000E+0	2,2013E+0	2,2008E+0	-1,6401E-6
376,6722E+0	1,6424E-6	3,0000E+0	2,2015E+0	2,2009E+0	-1,6480E-6
377,1849E+0	1,6423E-6	3,0000E+0	2,2007E+0	2,2010E+0	-1,6432E-6
377,6976E+0	1,6425E-6	3,0000E+0	2,2011E+0	2,2006E+0	-1,6361E-6
378,2104E+0	1,6390E-6	3,0000E+0	2,2009E+0	2,2007E+0	-1,6434E-6
378,7231E+0	1,6375E-6	3,0000E+0	2,2016E+0	2,2009E+0	-1,6416E-6
379,2357E+0	1,6390E-6	3,0000E+0	2,2014E+0	2,2007E+0	-1,6350E-6
379,7485E+0	1,6361E-6	3,0000E+0	2,2014E+0	2,2007E+0	-1,6430E-6
380,2611E+0	1,6353E-6	3,0000E+0	2,2011E+0	2,2009E+0	-1,6382E-6
380,7738E+0	1,6341E-6	3,0000E+0	2,2009E+0	2,2002E+0	-1,6374E-6
381,2865E+0	1,6333E-6	3,0000E+0	2,2009E+0	2,2003E+0	-1,6380E-6
381,7992E+0	1,6351E-6	3,0000E+0	2,2006E+0	2,2001E+0	-1,6302E-6
382,3119E+0	1,6343E-6	3,0000E+0	2,2002E+0	2,2000E+0	-1,6312E-6
382,8246E+0	1,6334E-6	3,0000E+0	2,2005E+0	2,2000E+0	-1,6334E-6
383,3373E+0	1,6306E-6	3,0000E+0	2,2007E+0	2,2004E+0	-1,6305E-6
383,8500E+0	1,6289E-6	3,0000E+0	2,2002E+0	2,2001E+0	-1,6317E-6
384,3627E+0	1,6288E-6	3,0000E+0	2,2000E+0	2,1998E+0	-1,6302E-6
384,8754E+0	1,6287E-6	3,0000E+0	2,2000E+0	2,1997E+0	-1,6262E-6
385,3881E+0	1,6283E-6	3,0000E+0	2,1999E+0	2,1995E+0	-1,6265E-6
385,9008E+0	1,6255E-6	3,0000E+0	2,1998E+0	2,1998E+0	-1,6306E-6
386,4135E+0	1,6281E-6	3,0000E+0	2,1992E+0	2,1993E+0	-1,6210E-6
386,9262E+0	1,6247E-6	3,0000E+0	2,1999E+0	2,1996E+0	-1,6297E-6
387,4389E+0	1,6269E-6	3,0000E+0	2,1998E+0	2,1991E+0	-1,6223E-6
387,9515E+0	1,6260E-6	3,0000E+0	2,1999E+0	2,1991E+0	-1,6214E-6
388,4642E+0	1,6236E-6	3,0000E+0	2,1994E+0	2,1991E+0	-1,6281E-6
388,9770E+0	1,6248E-6	3,0000E+0	2,1995E+0	2,1996E+0	-1,6214E-6
389,4897E+0	1,6252E-6	3,0000E+0	2,1992E+0	2,1988E+0	-1,6200E-6
390,0024E+0	1,6241E-6	3,0000E+0	2,1987E+0	2,1984E+0	-1,6236E-6
390,5150E+0	1,6228E-6	3,0000E+0	2,1997E+0	2,1989E+0	-1,6214E-6
391,0278E+0	1,6225E-6	3,0000E+0	2,1995E+0	2,1989E+0	-1,6224E-6
391,5405E+0	1,6196E-6	3,0000E+0	2,1997E+0	2,1986E+0	-1,6263E-6
392,0532E+0	1,6209E-6	3,0000E+0	2,1990E+0	2,1988E+0	-1,6178E-6
392,5659E+0	1,6200E-6	3,0000E+0	2,1995E+0	2,1986E+0	-1,6210E-6
393,0786E+0	1,6198E-6	3,0000E+0	2,1990E+0	2,1988E+0	-1,6188E-6
393,5913E+0	1,6175E-6	3,0000E+0	2,1994E+0	2,1986E+0	-1,6183E-6
394,1040E+0	1,6178E-6	3,0000E+0	2,1988E+0	2,1982E+0	-1,6171E-6
394,6167E+0	1,6143E-6	3,0000E+0	2,1989E+0	2,1984E+0	-1,6197E-6
395,1294E+0	1,6140E-6	3,0000E+0	2,1988E+0	2,1984E+0	-1,6166E-6
395,6421E+0	1,6140E-6	3,0000E+0	2,1986E+0	2,1983E+0	-1,6168E-6
396,1548E+0	1,6148E-6	3,0000E+0	2,1987E+0	2,1982E+0	-1,6111E-6
396,6674E+0	1,6128E-6	3,0000E+0	2,1986E+0	2,1980E+0	-1,6137E-6
397,1801E+0	1,6111E-6	3,0000E+0	2,1985E+0	2,1979E+0	-1,6173E-6
397,6928E+0	1,6133E-6	3,0000E+0	2,1986E+0	2,1978E+0	-1,6091E-6
398,2055E+0	1,6130E-6	3,0000E+0	2,1981E+0	2,1980E+0	-1,6106E-6
398,7181E+0	1,6106E-6	3,0000E+0	2,1981E+0	2,1977E+0	-1,6150E-6
399,2308E+0	1,6119E-6	3,0000E+0	2,1979E+0	2,1977E+0	-1,6084E-6
399,7435E+0	1,6119E-6	3,0000E+0	2,1981E+0	2,1975E+0	-1,6101E-6
400,2563E+0	1,6119E-6	3,0000E+0	2,1977E+0	2,1974E+0	-1,6105E-6
400,7689E+0	1,6121E-6	3,0000E+0	2,1979E+0	2,1973E+0	-1,6075E-6
401,2816E+0	1,6100E-6	3,0000E+0	2,1979E+0	2,1971E+0	-1,6139E-6
401,7943E+0	1,6107E-6	3,0000E+0	2,1979E+0	2,1971E+0	-1,6106E-6
402,3070E+0	1,6113E-6	3,0000E+0	2,1976E+0	2,1969E+0	-1,6069E-6
402,8197E+0	1,6099E-6	3,0000E+0	2,1976E+0	2,1969E+0	-1,6113E-6
403,3324E+0	1,6083E-6	3,0000E+0	2,1972E+0	2,1971E+0	-1,6102E-6
403,8451E+0	1,6102E-6	3,0000E+0	2,1975E+0	2,1968E+0	-1,6056E-6
404,3578E+0	1,6071E-6	3,0000E+0	2,1976E+0	2,1970E+0	-1,6122E-6
404,8705E+0	1,6091E-6	3,0000E+0	2,1972E+0	2,1971E+0	-1,6040E-6
405,3832E+0	1,6058E-6	3,0000E+0	2,1975E+0	2,1966E+0	-1,6099E-6
405,8959E+0	1,6058E-6	3,0000E+0	2,1976E+0	2,1966E+0	-1,6091E-6
406,4086E+0	1,6075E-6	3,0000E+0	2,1969E+0	2,1965E+0	-1,6006E-6
406,9213E+0	1,6039E-6	3,0000E+0	2,1966E+0	2,1969E+0	-1,6067E-6
407,4340E+0	1,6057E-6	3,0000E+0	2,1971E+0	2,1964E+0	-1,6034E-6
407,9467E+0	1,6059E-6	3,0000E+0	2,1967E+0	2,1965E+0	-1,5990E-6
408,4594E+0	1,6029E-6	3,0000E+0	2,1969E+0	2,1963E+0	-1,6066E-6
408,9721E+0	1,6023E-6	3,0000E+0	2,1961E+0	2,1961E+0	-1,6016E-6
409,4848E+0	1,6036E-6	3,0000E+0	2,1962E+0	2,1959E+0	-1,6007E-6
409,9975E+0	1,6032E-6	3,0000E+0	2,1962E+0	2,1959E+0	-1,6023E-6
410,5102E+0	1,6031E-6	3,0000E+0	2,1965E+0	2,1958E+0	-1,5990E-6
411,0229E+0	1,6028E-6	3,0000E+0	2,1967E+0	2,1962E+0	-1,6020E-6
411,5356E+0	1,6028E-6	3,0000E+0	2,1964E+0	2,1957E+0	-1,6031E-6
412,0483E+0	1,6020E-6	3,0000E+0	2,1961E+0	2,1958E+0	-1,6017E-6
412,5610E+0	1,6016E-6	3,0000E+0	2,1961E+0	2,1957E+0	-1,6038E-6
413,0737E+0	1,6014E-6	3,0000E+0	2,1956E+0	2,1959E+0	-1,6057E-6
413,5864E+0	1,6040E-6	3,0000E+0	2,1954E+0	2,1957E+0	-1,5982E-6
414,0991E+0	1,6035E-6	3,0000E+0	2,1959E+0	2,1954E+0	-1,6015E-6
414,6118E+0	1,6026E-6	3,0000E+0	2,1957E+0	2,1950E+0	-1,6020E-6
415,1245E+0	1,6048E-6	3,0000E+0	2,1956E+0	2,1952E+0	-1,5963E-6
415,6372E+0	1,6012E-6	3,0000E+0	2,1960E+0	2,1956E+0	-1,6063E-6
416,1499E+0	1,6012E-6	3,0000E+0	2,1956E+0	2,1954E+0	-1,6047E-6
416,6626E+0	1,6043E-6	3,0000E+0	2,1955E+0	2,1949E+0	-1,5979E-6
417,1753E+0	1,6011E-6	3,0000E+0	2,1956E+0	2,1951E+0	-1,6069E-6
417,6880E+0	1,6010E-6	3,0000E+0	2,1956E+0	2,1950E+0	-1,6030E-6
418,2007E+0	1,6025E-6	3,0000E+0	2,1953E+0	2,1946E+0	-1,5987E-6
418,7134E+0	1,6012E-6	3,0000E+0	2,1946E+0	2,1946E+0	-1,6030E-6
419,2260E+0	1,6023E-6	3,0000E+0	2,1951E+0	2,1948E+0	-1,5964E-6
419,7387E+0	1,6012E-6	3,0000E+0	2,1952E+0	2,1948E+0	-1,5997E-6
420,2514E+0	1,6009E-6	3,0000E+0	2,1949E+0	2,1948E+0	-1,6003E-6
420,7641E+0	1,6018E-6	3,0000E+0	2,1949E+0	2,1944E+0	-1,5947E-6
421,2768E+0	1,6010E-6	3,0000E+0	2,1948E+0	2,1943E+0	-1,5992E-6
421,7895E+0	1,6011E-6	3,0000E+0	2,1945E+0	2,1944E+0	-1,5981E-6
422,3022E+0	1,6013E-6	3,0000E+0	2,1946E+0	2,1940E+0	-1,5947E-6
422,8149E+0	1,5996E-6	3,0000E+0	2,1945E+0	2,1943E+0	-1,6011E-6
423,3276E+0	1,5989E-6	3,0000E+0	2,1946E+0	2,1939E+0	-1,6007E-6
423,8403E+0	1,6015E-6	3,0000E+0	2,1943E+0	2,1939E+0	-1,5953E-6
424,3530E+0	1,6007E-6	3,0000E+0	2,1942E+0	2,1937E+0	-1,6007E-6
424,8657E+0	1,6000E-6	3,0000E+0	2,1940E+0	2,1942E+0	-1,6014E-6
425,3784E+0	1,5997E-6	3,0000E+0	2,1945E+0	2,1939E+0	-1,6019E-6
425,8911E+0	1,6019E-6	3,0000E+0	2,1941E+0	2,1937E+0	-1,6005E-6
426,4038E+0	1,6023E-6	3,0000E+0	2,1933E+0	2,1937E+0	-1,5991E-6
426,9165E+0	1,6008E-6	3,0000E+0	2,1942E+0	2,1936E+0	-1,6025E-6
427,4292E+0	1,6012E-6	3,0000E+0	2,1943E+0	2,1936E+0	-1,6034E-6
427,9419E+0	1,6009E-6	3,0000E+0	2,1941E+0	2,1936E+0	-1,6008E-6
428,4546E+0	1,5998E-6	3,0000E+0	2,1936E+0	2,1931E+0	-1,6039E-6
428,9673E+0	1,6008E-6	3,0000E+0	2,1940E+0	2,1934E+0	-1,6022E-6
429,4800E+0	1,6002E-6	3,0000E+0	2,1936E+0	2,1931E+0	-1,5983E-6
429,9927E+0	1,5982E-6	3,0000E+0	2,1936E+0	2,1929E+0	-1,6015E-6
430,5054E+0	1,5972E-6	3,0000E+0	2,1935E+0	2,1929E+0	-1,5999E-6
431,0181E+0	1,5990E-6	3,0000E+0	2,1932E+0	2,1926E+0	-1,5929E-6
431,5308E+0	1,5967E-6	3,0000E+0	2,1936E+0	2,1930E+0	-1,5990E-6
432,0435E+0	1,5953E-6	3,0000E+0	2,1936E+0	2,1931E+0	-1,5983E-6
432,5562E+0	1,5961E-6	3,0000E+0	2,1931E+0	2,1926E+0	-1,5940E-6
433,0688E+0	1,5969E-6	3,0000E+0	2,1931E+0	2,1921E+0	-1,5954E-6
433,5815E+0	1,5963E-6	3,0000E+0	2,1931E+0	2,1924E+0	-1,5927E-6
434,0942E+0	1,5962E-6	3,0000E+0	2,1922E+0	2,1926E+0	-1,5912E-6
434,6069E+0	1,5936E-6	3,0000E+0	2,1923E+0	2,1923E+0	-1,5963E-6
435,1196E+0	1,5921E-6	3,0000E+0	2,1931E+0	2,1925E+0	-1,5932E-6
435,6323E+0	1,5936E-6	3,0000E+0	2,1924E+0	2,1919E+0	-1,5904E-6
436,1449E+0	1,5900E-6	3,0000E+0	2,1931E+0	2,1921E+0	-1,5960E-6
436,6576E+0	1,5914E-6	3,0000E+0	2,1924E+0	2,1920E+0	-1,5883E-6
437,1703E+0	1,5894E-6	3,0000E+0	2,1927E+0	2,1923E+0	-1,5919E-6
437,6830E+0	1,5904E-6	3,0000E+0	2,1921E+0	2,1919E+0	-1,5888E-6
438,1957E+0	1,5891E-6	3,0000E+0	2,1924E+0	2,1920E+0	-1,5838E-6
438,7084E+0	1,5863E-6	3,0000E+0	2,1922E+0	2,1918E+0	-1,5881E-6
439,2211E+0	1,5840E-6	3,0000E+0	2,1918E+0	2,1915E+0	-1,5865E-6
439,7339E+0	1,5833E-6	3,0000E+0	2,1921E+0	2,1920E+0	-1,5789E-6
440,2466E+0	1,5783E-6	3,0000E+0	2,1922E+0	2,1916E+0	-1,5836E-6
440,7592E+0	1,5779E-6	3,0000E+0	2,1916E+0	2,1913E+0	-1,5761E-6
441,2719E+0	1,5779E-6	3,0000E+0	2,1911E+0	2,1913E+0	-1,5710E-6
441,7846E+0	1,5740E-6	3,0000E+0	2,1920E+0	2,1916E+0	-1,5775E-6
442,2973E+0	1,5726E-6	3,0000E+0	2,1917E+0	2,1912E+0	-1,5754E-6
442,8100E+0	1,5743E-6	3,0000E+0	2,1916E+0	2,1910E+0	-1,5700E-6
443,3227E+0	1,5712E-6	3,0000E+0	2,1916E+0	2,1910E+0	-1,5742E-6
443,8353E+0	1,5709E-6	3,0000E+0	2,1915E+0	2,1910E+0	-1,5707E-6
444,3480E+0	1,5698E-6	3,0000E+0	2,1915E+0	2,1909E+0	-1,5719E-6
444,8607E+0	1,5681E-6	3,0000E+0	2,1912E+0	2,1911E+0	-1,5733E-6
445,3734E+0	1,5695E-6	3,0000E+0	2,1912E+0	2,1906E+0	-1,5643E-6
445,8861E+0	1,5654E-6	3,0000E+0	2,1912E+0	2,1909E+0	-1,5666E-6
446,3988E+0	1,5650E-6	3,0000E+0	2,1910E+0	2,1909E+0	-1,5657E-6
446,9115E+0	1,5653E-6	3,0000E+0	2,1910E+0	2,1907E+0	-1,5600E-6
447,4242E+0	1,5616E-6	3,0000E+0	2,1914E+0	2,1906E+0	-1,5649E-6
447,9369E+0	1,5614E-6	3,0000E+0	2,1903E+0	2,1904E+0	-1,5645E-6
448,4496E+0	1,5617E-6	3,0000E+0	2,1906E+0	2,1902E+0	-1,5608E-6
448,9623E+0	1,5606E-6	3,0000E+0	2,1904E+0	2,1901E+0	-1,5622E-6
449,4750E+0	1,5585E-6	3,0000E+0	2,1903E+0	2,1903E+0	-1,5650E-6
449,9877E+0	1,5587E-6	3,0000E+0	2,1907E+0	2,1901E+0	-1,5584E-6
450,5004E+0	1,5574E-6	3,0000E+0	2,1904E+0	2,1902E+0	-1,5619E-6
451,0131E+0	1,5559E-6	3,0000E+0	2,1908E+0	2,1900E+0	-1,5631E-6
451,5258E+0	1,5566E-6	3,0000E+0	2,1906E+0	2,1903E+0	-1,5570E-6
452,0385E+0	1,5545E-6	3,0000E+0	2,1905E+0	2,1899E+0	-1,5613E-6
452,5512E+0	1,5551E-6	3,0000E+0	2,1906E+0	2,1900E+0	-1,5585E-6
453,0639E+0	1,5558E-6	3,0000E+0	2,1902E+0	2,1897E+0	-1,5507E-6
453,5766E+0	1,5534E-6	3,0000E+0	2,1901E+0	2,1894E+0	-1,5547E-6
454,0893E+0	1,5497E-6	3,0000E+0	2,1901E+0	2,1896E+0	-1,5539E-6
454,6020E+0	1,5500E-6	3,0000E+0	2,1898E+0	2,1896E+0	-1,5449E-6
455,1147E+0	1,5467E-6	3,0000E+0	2,1896E+0	2,1894E+0	-1,5483E-6
455,6274E+0	1,5457E-6	3,0000E+0	2,1897E+0	2,1894E+0	-1,5417E-6
456,1401E+0	1,5425E-6	3,0000E+0	2,1897E+0	2,1894E+0	-1,5417E-6
456,6528E+0	1,5416E-6	3,0000E+0	2,1886E+0	2,1889E+0	-1,5414E-6
457,1655E+0	1,5396E-6	3,0000E+0	2,1896E+0	2,1889E+0	-1,5372E-6
457,6782E+0	1,5392E-6	3,0000E+0	2,1896E+0	2,1887E+0	-1,5337E-6
458,1909E+0	1,5371E-6	3,0000E+0	2,1890E+0	2,1886E+0	-1,5370E-6
458,7036E+0	1,5359E-6	3,0000E+0	2,1891E+0	2,1885E+0	-1,5328E-6
459,2162E+0	1,5340E-6	3,0000E+0	2,1893E+0	2,1886E+0	-1,5348E-6
459,7289E+0	1,5320E-6	3,0000E+0	2,1887E+0	2,1888E+0	-1,5383E-6
460,2417E+0	1,5345E-6	3,0000E+0	2,1891E+0	2,1882E+0	-1,5283E-6
460,7544E+0	1,5327E-6	3,0000E+0	2,1888E+0	2,1882E+0	-1,5330E-6
461,2671E+0	1,5312E-6	3,0000E+0	2,1887E+0	2,1880E+0	-1,5344E-6
461,7798E+0	1,5322E-6	3,0000E+0	2,1886E+0	2,1882E+0	-1,5297E-6
462,2925E+0	1,5307E-6	3,0000E+0	2,1886E+0	2,1883E+0	-1,5334E-6
462,8053E+0	1,5317E-6	3,0000E+0	2,1886E+0	2,1883E+0	-1,5331E-6
463,3180E+0	1,5305E-6	3,0000E+0	2,1886E+0	2,1883E+0	-1,5290E-6
463,8307E+0	1,5299E-6	3,0000E+0	2,1883E+0	2,1878E+0	-1,5310E-6
464,3433E+0	1,5300E-6	3,0000E+0	2,1887E+0	2,1876E+0	-1,5275E-6
464,8560E+0	1,5298E-6	3,0000E+0	2,1881E+0	2,1877E+0	-1,5232E-6
465,3688E+0	1,5281E-6	3,0000E+0	2,1881E+0	2,1876E+0	-1,5279E-6
465,8814E+0	1,5250E-6	3,0000E+0	2,1879E+0	2,1877E+0	-1,5298E-6
466,3941E+0	1,5256E-6	3,0000E+0	2,1881E+0	2,1875E+0	-1,5269E-6
466,9068E+0	1,5267E-6	3,0000E+0	2,1877E+0	2,1874E+0	-1,5262E-6
467,4195E+0	1,5272E-6	3,0000E+0	2,1878E+0	2,1873E+0	-1,5217E-6
467,9322E+0	1,5247E-6	3,0000E+0	2,1879E+0	2,1874E+0	-1,5249E-6
468,4449E+0	1,5254E-6	3,0000E+0	2,1876E+0	2,1872E+0	-1,5250E-6
468,9576E+0	1,5238E-6	3,0000E+0	2,1877E+0	2,1872E+0	-1,5248E-6
469,4703E+0	1,5228E-6	3,0000E+0	2,1876E+0	2,1872E+0	-1,5253E-6
469,9830E+0	1,5218E-6	3,0000E+0	2,1871E+0	2,1870E+0	-1,5269E-6
470,4957E+0	1,5236E-6	3,0000E+0	2,1875E+0	2,1871E+0	-1,5187E-6
471,0084E+0	1,5210E-6	3,0000E+0	2,1873E+0	2,1870E+0	-1,5213E-6
471,5211E+0	1,5208E-6	3,0000E+0	2,1866E+0	2,1866E+0	-1,5191E-6
472,0338E+0	1,5182E-6	3,0000E+0	2,1873E+0	2,1869E+0	-1,5175E-6
472,5465E+0	1,5179E-6	3,0000E+0	2,1870E+0	2,1866E+0	-1,5172E-6
473,0592E+0	1,5168E-6	3,0000E+0	2,1868E+0	2,1864E+0	-1,5186E-6
473,5720E+0	1,5154E-6	3,0000E+0	2,1868E+0	2,1866E+0	-1,5150E-6
474,0846E+0	1,5146E-6	3,0000E+0	2,1870E+0	2,1866E+0	-1,5177E-6
474,5973E+0	1,5131E-6	3,0000E+0	2,1865E+0	2,1867E+0	-1,5174E-6
475,1100E+0	1,5135E-6	3,0000E+0	2,1867E+0	2,1864E+0	-1,5139E-6
475,6227E+0	1,5116E-6	3,0000E+0	2,1867E+0	2,1864E+0	-1,5161E-6
476,1354E+0	1,5126E-6	3,0000E+0	2,1863E+0	2,1857E+0	-1,5093E-6
476,6481E+0	1,5111E-6	3,0000E+0	2,1860E+0	2,1857E+0	-1,5088E-6
477,1609E+0	1,5083E-6	3,0000E+0	2,1858E+0	2,1859E+0	-1,5141E-6
477,6736E+0	1,5094E-6	3,0000E+0	2,1860E+0	2,1859E+0	-1,5064E-6
478,1862E+0	1,5099E-6	3,0000E+0	2,1856E+0	2,1855E+0	-1,5047E-6
478,6989E+0	1,5086E-6	3,0000E+0	2,1861E+0	2,1853E+0	-1,5084E-6
479,2116E+0	1,5087E-6	3,0000E+0	2,1861E+0	2,1854E+0	-1,5045E-6
479,7243E+0	1,5064E-6	3,0000E+0	2,1862E+0	2,1854E+0	-1,5082E-6
480,2370E+0	1,5052E-6	3,0000E+0	2,1860E+0	2,1857E+0	-1,5108E-6
480,7498E+0	1,5072E-6	3,0000E+0	2,1859E+0	2,1857E+0	-1,5054E-6
481,2625E+0	1,5066E-6	3,0000E+0	2,1856E+0	2,1854E+0	-1,5052E-6
481,7751E+0	1,5048E-6	3,0000E+0	2,1857E+0	2,1852E+0	-1,5102E-6
482,2878E+0	1,5063E-6	3,0000E+0	2,1852E+0	2,1850E+0	-1,5023E-6
482,8005E+0	1,5050E-6	3,0000E+0	2,1857E+0	2,1851E+0	-1,5063E-6
483,3132E+0	1,5058E-6	3,0000E+0	2,1853E+0	2,1849E+0	-1,5027E-6
483,8259E+0	1,5045E-6	3,0000E+0	2,1857E+0	2,1849E+0	-1,5015E-6
484,3386E+0	1,5034E-6	3,0000E+0	2,1851E+0	2,1847E+0	-1,5049E-6
484,8513E+0	1,5025E-6	3,0000E+0	2,1853E+0	2,1847E+0	-1,5064E-6
485,3640E+0	1,5053E-6	3,0000E+0	2,1853E+0	2,1844E+0	-1,4981E-6
485,8767E+0	1,5021E-6	3,0000E+0	2,1848E+0	2,1845E+0	-1,5072E-6
486,3894E+0	1,5042E-6	3,0000E+0	2,1850E+0	2,1845E+0	-1,5002E-6
486,9021E+0	1,5040E-6	3,0000E+0	2,1847E+0	2,1843E+0	-1,4974E-6
487,4148E+0	1,5006E-6	3,0000E+0	2,1844E+0	2,1845E+0	-1,5051E-6
487,9275E+0	1,4999E-6	3,0000E+0	2,1850E+0	2,1845E+0	-1,5007E-6
488,4402E+0	1,4995E-6	3,0000E+0	2,1842E+0	2,1844E+0	-1,4988E-6
488,9529E+0	1,4994E-6	3,0000E+0	2,1845E+0	2,1837E+0	-1,4979E-6
489,4656E+0	1,4986E-6	3,0000E+0	2,1845E+0	2,1839E+0	-1,4947E-6
489,9783E+0	1,4974E-6	3,0000E+0	2,1845E+0	2,1839E+0	-1,4994E-6
490,4910E+0	1,4984E-6	3,0000E+0	2,1841E+0	2,1837E+0	-1,4990E-6
491,0037E+0	1,4976E-6	3,0000E+0	2,1842E+0	2,1839E+0	-1,4978E-6
491,5164E+0	1,4988E-6	3,0000E+0	2,1844E+0	2,1837E+0	-1,4984E-6
492,0291E+0	1,4982E-6	3,0000E+0	2,1841E+0	2,1834E+0	-1,4972E-6
492,5418E+0	1,4968E-6	3,0000E+0	2,1835E+0	2,1839E+0	-1,4971E-6
493,0545E+0	1,4969E-6	3,0000E+0	2,1842E+0	2,1835E+0	-1,5012E-6
493,5672E+0	1,4959E-6	3,0000E+0	2,1843E+0	2,1836E+0	-1,4986E-6
494,0799E+0	1,4956E-6	3,0000E+0	2,1834E+0	2,1835E+0	-1,4927E-6
494,5926E+0	1,4939E-6	3,0000E+0	2,1836E+0	2,1832E+0	-1,4978E-6
495,1053E+0	1,4935E-6	3,0000E+0	2,1835E+0	2,1834E+0	-1,4945E-6
495,6180E+0	1,4933E-6	3,0000E+0	2,1838E+0	2,1834E+0	-1,4917E-6
496,1307E+0	1,4926E-6	3,0000E+0	2,1832E+0	2,1824E+0	-1,4950E-6
496,6434E+0	1,4929E-6	3,0000E+0	2,1827E+0	2,1829E+0	-1,4901E-6
497,1561E+0	1,4905E-6	3,0000E+0	2,1834E+0	2,1827E+0	-1,4920E-6
497,6688E+0	1,4912E-6	3,0000E+0	2,1831E+0	2,1824E+0	-1,4930E-6
498,1815E+0	1,4907E-6	3,0000E+0	2,1828E+0	2,1824E+0	-1,4865E-6
498,6942E+0	1,4898E-6	3,0000E+0	2,1827E+0	2,1824E+0	-1,4868E-6
499,2069E+0	1,4880E-6	3,0000E+0	2,1828E+0	2,1826E+0	-1,4893E-6
499,7196E+0	1,4868E-6	3,0000E+0	2,1830E+0	2,1826E+0	-1,4870E-6
500,2323E+0	1,4880E-6	3,0000E+0	2,1826E+0	2,1823E+0	-1,4858E-6
500,7450E+0	1,4868E-6	3,0000E+0	2,1825E+0	2,1820E+0	-1,4847E-6
501,2577E+0	1,4858E-6	3,0000E+0	2,1828E+0	2,1823E+0	-1,4829E-6
501,7704E+0	1,4849E-6	3,0000E+0	2,1820E+0	2,1819E+0	-1,4890E-6
502,2831E+0	1,4864E-6	3,0000E+0	2,1816E+0	2,1819E+0	-1,4818E-6
502,7958E+0	1,4859E-6	3,0000E+0	2,1823E+0	2,1819E+0	-1,4806E-6
503,3085E+0	1,4829E-6	3,0000E+0	2,1824E+0	2,1819E+0	-1,4870E-6
503,8212E+0	1,4811E-6	3,0000E+0	2,1819E+0	2,1818E+0	-1,4819E-6
504,3339E+0	1,4808E-6	3,0000E+0	2,1820E+0	2,1817E+0	-1,4818E-6
504,8466E+0	1,4778E-6	3,0000E+0	2,1826E+0	2,1819E+0	-1,4838E-6
505,3593E+0	1,4768E-6	3,0000E+0	2,1825E+0	2,1818E+0	-1,4783E-6
505,8720E+0	1,4759E-6	3,0000E+0	2,1821E+0	2,1817E+0	-1,4783E-6
506,3847E+0	1,4736E-6	3,0000E+0	2,1823E+0	2,1815E+0	-1,4802E-6
506,8974E+0	1,4751E-6	3,0000E+0	2,1815E+0	2,1809E+0	-1,4701E-6
507,4101E+0	1,4734E-6	3,0000E+0	2,1815E+0	2,1814E+0	-1,4729E-6
507,9228E+0	1,4717E-6	3,0000E+0	2,1817E+0	2,1810E+0	-1,4728E-6
508,4355E+0	1,4707E-6	3,0000E+0	2,1820E+0	2,1811E+0	-1,4686E-6
508,9482E+0	1,4702E-6	3,0000E+0	2,1815E+0	2,1808E+0	-1,4698E-6
509,4609E+0	1,4671E-6	3,0000E+0	2,1815E+0	2,1811E+0	-1,4738E-6
509,9737E+0	1,4699E-6	3,0000E+0	2,1810E+0	2,1808E+0	-1,4647E-6
510,4864E+0	1,4667E-6	3,0000E+0	2,1813E+0	2,1808E+0	-1,4703E-6
510,9991E+0	1,4679E-6	3,0000E+0	2,1811E+0	2,1805E+0	-1,4651E-6
511,5117E+0	1,4651E-6	3,0000E+0	2,1811E+0	2,1806E+0	-1,4657E-6
512,0244E+0	1,4659E-6	3,0000E+0	2,1807E+0	2,1804E+0	-1,4658E-6
512,5371E+0	1,4657E-6	3,0000E+0	2,1810E+0	2,1804E+0	-1,4631E-6
513,0498E+0	1,4657E-6	3,0000E+0	2,1805E+0	2,1801E+0	-1,4594E-6
513,5626E+0	1,4643E-6	3,0000E+0	2,1800E+0	2,1800E+0	-1,4644E-6
514,0752E+0	1,4628E-6	3,0000E+0	2,1805E+0	2,1801E+0	-1,4626E-6
514,5880E+0	1,4624E-6	3,0000E+0	2,1806E+0	2,1804E+0	-1,4618E-6
515,1006E+0	1,4615E-6	3,0000E+0	2,1801E+0	2,1797E+0	-1,4615E-6
515,6133E+0	1,4608E-6	3,0000E+0	2,1808E+0	2,1799E+0	-1,4569E-6
