Time	Cur1	Volt1	Volt2	Volt3	Cur4
640,6894E-3	7,8097E-6	3,0000E+0	23,4189E-3	23,5273E-3	-7,8065E-6
1,1534E+0	7,6944E-6	3,0000E+0	26,3130E-3	26,5374E-3	-7,6984E-6
1,6660E+0	7,6725E-6	3,0000E+0	29,8931E-3	29,9572E-3	-7,6769E-6
2,1787E+0	7,6603E-6	3,0000E+0	33,1637E-3	33,2851E-3	-7,6618E-6
2,6914E+0	7,6426E-6	3,0000E+0	36,4677E-3	36,5795E-3	-7,6509E-6
3,2041E+0	7,6321E-6	3,0000E+0	39,5208E-3	39,6649E-3	-7,6260E-6
3,7168E+0	7,6178E-6	3,0000E+0	42,6324E-3	42,7920E-3	-7,6151E-6
4,2295E+0	7,6043E-6	3,0000E+0	45,6103E-3	45,6935E-3	-7,6050E-6
4,7422E+0	7,5908E-6	3,0000E+0	48,4710E-3	48,6283E-3	-7,5928E-6
5,2549E+0	7,5732E-6	3,0000E+0	51,3066E-3	51,4461E-3	-7,5777E-6
5,7676E+0	7,5601E-6	3,0000E+0	54,0920E-3	54,2305E-3	-7,5571E-6
6,2803E+0	7,5445E-6	3,0000E+0	56,6767E-3	56,8560E-3	-7,5440E-6
7,1278E+0	99,9633E-3	3,0000E+0	1,1321E+0	1,1313E+0	-99,9634E-3
7,2380E+0	99,9262E-3	3,0000E+0	2,8374E+0	2,8370E+0	-99,9285E-3
7,7508E+0	99,9262E-3	3,0000E+0	2,8366E+0	2,8363E+0	-99,9306E-3
8,2636E+0	25,9156E-3	3,0000E+0	2,9589E+0	2,9582E+0	-25,9188E-3
8,7763E+0	9,3192E-3	3,0000E+0	2,9854E+0	2,9850E+0	-9,3212E-3
9,4026E+0	2,2690E-3	3,0000E+0	2,9944E+0	2,9945E+0	-2,2699E-3
9,9153E+0	1,9539E-3	3,0000E+0	2,9971E+0	2,9970E+0	-1,9544E-3
10,4280E+0	1,5891E-3	3,0000E+0	2,9979E+0	2,9975E+0	-1,5894E-3
10,9407E+0	1,1899E-3	3,0000E+0	2,9986E+0	2,9983E+0	-1,1901E-3
11,4534E+0	1,0584E-3	3,0000E+0	2,9991E+0	2,9984E+0	-1,0584E-3
11,9661E+0	944,2413E-6	3,0000E+0	2,9986E+0	2,9985E+0	-944,3915E-6
12,4788E+0	891,8243E-6	3,0000E+0	2,9991E+0	2,9989E+0	-892,5770E-6
12,9915E+0	871,1853E-6	3,0000E+0	2,9990E+0	2,9987E+0	-871,3133E-6
13,5042E+0	827,0912E-6	3,0000E+0	2,9992E+0	2,9989E+0	-827,3990E-6
14,0170E+0	790,1008E-6	3,0000E+0	2,9987E+0	2,9989E+0	-790,1245E-6
14,5296E+0	745,4181E-6	3,0000E+0	2,9992E+0	2,9989E+0	-745,4959E-6
15,0423E+0	564,1655E-6	3,0000E+0	2,9997E+0	2,9993E+0	-564,5021E-6
15,5550E+0	566,0150E-6	3,0000E+0	2,9997E+0	2,9992E+0	-566,3511E-6
16,0677E+0	1,0099E-3	3,0000E+0	2,9978E+0	2,9978E+0	-1,0109E-3
16,5804E+0	542,0553E-6	3,0000E+0	2,9999E+0	2,9993E+0	-542,2299E-6
17,0931E+0	1,2688E-3	3,0000E+0	2,9983E+0	2,9977E+0	-1,2690E-3
17,6058E+0	540,6262E-6	3,0000E+0	2,9996E+0	2,9992E+0	-540,8851E-6
18,1185E+0	1,1253E-3	3,0000E+0	2,9989E+0	2,9986E+0	-1,1254E-3
18,6312E+0	529,7392E-6	3,0000E+0	2,9997E+0	2,9992E+0	-530,3793E-6
19,1439E+0	985,0989E-6	3,0000E+0	2,9990E+0	2,9986E+0	-985,3222E-6
19,6566E+0	529,8233E-6	3,0000E+0	2,9997E+0	2,9992E+0	-530,0852E-6
20,1693E+0	801,1559E-6	3,0000E+0	2,9993E+0	2,9990E+0	-801,3446E-6
20,7956E+0	239,9469E-6	3,0000E+0	2,9993E+0	2,9990E+0	-240,0941E-6
21,4214E+0	452,6059E-6	3,0000E+0	2,9997E+0	2,9991E+0	-452,8886E-6
22,0478E+0	212,5285E-6	3,0000E+0	2,9991E+0	2,9994E+0	-212,5569E-6
22,5604E+0	267,9245E-6	3,0000E+0	3,0001E+0	3,0000E+0	-267,9466E-6
23,1862E+0	530,3277E-6	3,0000E+0	2,9986E+0	2,9983E+0	-530,3373E-6
23,8125E+0	207,8775E-6	3,0000E+0	2,9997E+0	2,9992E+0	-207,9414E-6
24,4383E+0	366,7715E-6	3,0000E+0	3,0000E+0	2,9997E+0	-367,2454E-6
24,9510E+0	402,0384E-6	3,0000E+0	3,0001E+0	2,9994E+0	-402,7130E-6
25,4637E+0	433,6063E-6	3,0000E+0	2,9999E+0	2,9996E+0	-433,9362E-6
25,9764E+0	408,5958E-6	3,0000E+0	2,9997E+0	2,9996E+0	-409,0584E-6
26,6027E+0	192,9025E-6	3,0000E+0	2,9992E+0	2,9991E+0	-192,8802E-6
27,2286E+0	583,6274E-6	3,0000E+0	2,9990E+0	2,9984E+0	-583,5386E-6
27,8548E+0	183,8948E-6	3,0000E+0	2,9997E+0	2,9994E+0	-183,9478E-6
28,3675E+0	447,1911E-6	3,0000E+0	3,0006E+0	3,0004E+0	-447,2096E-6
28,8802E+0	373,8007E-6	3,0000E+0	3,0000E+0	2,9994E+0	-373,8457E-6
29,3929E+0	404,5791E-6	3,0000E+0	2,9995E+0	2,9999E+0	-404,6239E-6
29,9056E+0	349,2671E-6	3,0000E+0	2,9997E+0	2,9993E+0	-349,2762E-6
30,4183E+0	329,5991E-6	3,0000E+0	3,0003E+0	3,0001E+0	-329,6373E-6
30,9310E+0	350,0031E-6	3,0000E+0	3,0001E+0	2,9997E+0	-350,0118E-6
31,4436E+0	312,4500E-6	3,0000E+0	3,0004E+0	3,0001E+0	-312,4408E-6
31,9563E+0	353,2706E-6	3,0000E+0	2,9994E+0	2,9996E+0	-353,2779E-6
32,4690E+0	278,4588E-6	3,0000E+0	3,0006E+0	2,9999E+0	-278,4722E-6
32,9818E+0	348,1065E-6	3,0000E+0	2,9993E+0	2,9997E+0	-348,1455E-6
33,4944E+0	241,4692E-6	3,0000E+0	3,0005E+0	3,0000E+0	-241,4981E-6
34,0071E+0	311,3734E-6	3,0000E+0	2,9991E+0	2,9989E+0	-311,3815E-6
34,5198E+0	208,2644E-6	3,0000E+0	3,0005E+0	3,0002E+0	-208,3281E-6
35,0325E+0	322,0380E-6	3,0000E+0	3,0003E+0	2,9998E+0	-322,0416E-6
35,5452E+0	206,4561E-6	3,0000E+0	3,0006E+0	3,0000E+0	-206,5164E-6
36,0579E+0	391,0255E-6	3,0000E+0	2,9986E+0	2,9980E+0	-391,0928E-6
36,5706E+0	212,1584E-6	3,0000E+0	3,0001E+0	2,9998E+0	-212,2164E-6
37,1964E+0	499,2642E-6	3,0000E+0	2,9987E+0	2,9986E+0	-499,4923E-6
37,8227E+0	187,8478E-6	3,0000E+0	2,9998E+0	2,9993E+0	-187,8738E-6
38,3354E+0	482,6920E-6	3,0000E+0	2,9997E+0	3,0000E+0	-482,7209E-6
38,8481E+0	320,4526E-6	3,0000E+0	3,0000E+0	2,9992E+0	-320,4737E-6
39,3608E+0	413,0905E-6	3,0000E+0	3,0001E+0	2,9998E+0	-413,1149E-6
39,8735E+0	292,7693E-6	3,0000E+0	3,0006E+0	2,9998E+0	-292,7810E-6
40,3862E+0	357,6693E-6	3,0000E+0	3,0007E+0	3,0001E+0	-357,7168E-6
40,8989E+0	307,5971E-6	3,0000E+0	3,0001E+0	2,9999E+0	-307,6446E-6
41,4116E+0	307,5845E-6	3,0000E+0	3,0009E+0	3,0001E+0	-307,6151E-6
41,9243E+0	328,4721E-6	3,0000E+0	3,0001E+0	2,9998E+0	-328,5150E-6
42,4370E+0	284,7456E-6	3,0000E+0	3,0004E+0	3,0003E+0	-284,7690E-6
42,9497E+0	325,7723E-6	3,0000E+0	3,0001E+0	2,9997E+0	-325,7954E-6
43,4624E+0	236,7467E-6	3,0000E+0	3,0005E+0	2,9997E+0	-236,7901E-6
43,9751E+0	322,3366E-6	3,0000E+0	3,0001E+0	2,9996E+0	-322,3359E-6
44,4878E+0	189,3196E-6	3,0000E+0	2,9988E+0	2,9992E+0	-189,3787E-6
45,0005E+0	297,1806E-6	3,0000E+0	2,9999E+0	2,9999E+0	-297,2325E-6
45,5132E+0	176,4347E-6	3,0000E+0	2,9993E+0	3,0002E+0	-176,4613E-6
46,0259E+0	311,7140E-6	3,0000E+0	3,0001E+0	2,9999E+0	-311,7514E-6
46,5386E+0	185,8797E-6	3,0000E+0	3,0005E+0	2,9992E+0	-185,9024E-6
47,0513E+0	357,0553E-6	3,0000E+0	2,9984E+0	2,9984E+0	-357,0779E-6
47,5640E+0	183,9621E-6	3,0000E+0	3,0001E+0	2,9996E+0	-183,9940E-6
48,1898E+0	487,7468E-6	3,0000E+0	2,9988E+0	2,9985E+0	-488,0620E-6
48,8161E+0	171,7752E-6	3,0000E+0	3,0000E+0	2,9994E+0	-171,8038E-6
49,3288E+0	469,2267E-6	3,0000E+0	2,9996E+0	3,0000E+0	-469,2655E-6
49,8415E+0	298,7576E-6	3,0000E+0	2,9997E+0	2,9996E+0	-298,7667E-6
50,3542E+0	397,3839E-6	3,0000E+0	3,0002E+0	2,9999E+0	-397,4316E-6
50,8670E+0	277,6808E-6	3,0000E+0	2,9986E+0	2,9987E+0	-277,6567E-6
51,3796E+0	332,9633E-6	3,0000E+0	3,0006E+0	3,0003E+0	-332,9834E-6
51,8923E+0	286,0955E-6	3,0000E+0	3,0001E+0	2,9999E+0	-286,1100E-6
52,4051E+0	288,1898E-6	3,0000E+0	3,0004E+0	3,0002E+0	-288,2412E-6
52,9178E+0	301,7686E-6	3,0000E+0	3,0001E+0	2,9999E+0	-301,7639E-6
53,4305E+0	254,0177E-6	3,0000E+0	3,0006E+0	3,0000E+0	-254,0624E-6
53,9431E+0	295,7508E-6	3,0000E+0	3,0002E+0	2,9994E+0	-295,7655E-6
54,4558E+0	217,5875E-6	3,0000E+0	2,9996E+0	2,9998E+0	-217,6221E-6
54,9685E+0	275,7127E-6	3,0000E+0	3,0002E+0	2,9997E+0	-275,7399E-6
55,4812E+0	180,6694E-6	3,0000E+0	3,0010E+0	3,0001E+0	-180,7153E-6
55,9939E+0	283,7700E-6	3,0000E+0	3,0003E+0	2,9997E+0	-283,7686E-6
56,5066E+0	176,3926E-6	3,0000E+0	3,0006E+0	3,0003E+0	-176,4151E-6
57,0193E+0	290,2167E-6	3,0000E+0	3,0001E+0	2,9997E+0	-290,2462E-6
57,5320E+0	162,3638E-6	3,0000E+0	3,0004E+0	3,0002E+0	-162,4132E-6
58,0447E+0	331,9162E-6	3,0000E+0	2,9984E+0	2,9983E+0	-331,8736E-6
58,5574E+0	161,0518E-6	3,0000E+0	3,0003E+0	2,9997E+0	-161,0723E-6
59,0701E+0	486,1403E-6	3,0000E+0	2,9981E+0	2,9982E+0	-486,1678E-6
59,5828E+0	170,4295E-6	3,0000E+0	3,0001E+0	2,9998E+0	-170,4629E-6
60,2086E+0	514,4807E-6	3,0000E+0	2,9991E+0	2,9988E+0	-514,2424E-6
60,8349E+0	157,1114E-6	3,0000E+0	2,9996E+0	2,9994E+0	-157,1672E-6
61,3476E+0	393,3005E-6	3,0000E+0	3,0005E+0	2,9999E+0	-393,3752E-6
61,8604E+0	261,8143E-6	3,0000E+0	3,0003E+0	2,9999E+0	-261,8557E-6
62,3730E+0	341,4748E-6	3,0000E+0	3,0008E+0	3,0002E+0	-341,4997E-6
62,8857E+0	290,3386E-6	3,0000E+0	3,0000E+0	2,9998E+0	-290,3471E-6
63,3984E+0	296,2681E-6	3,0000E+0	3,0003E+0	3,0002E+0	-296,2993E-6
63,9111E+0	286,6002E-6	3,0000E+0	2,9997E+0	2,9997E+0	-286,6060E-6
64,4238E+0	242,7896E-6	3,0000E+0	3,0002E+0	3,0002E+0	-242,8054E-6
64,9365E+0	295,2126E-6	3,0000E+0	3,0001E+0	2,9994E+0	-295,2358E-6
65,4492E+0	194,9505E-6	3,0000E+0	3,0008E+0	3,0002E+0	-194,9358E-6
65,9620E+0	276,0113E-6	3,0000E+0	2,9993E+0	2,9999E+0	-276,0131E-6
66,4746E+0	180,5474E-6	3,0000E+0	3,0001E+0	3,0002E+0	-180,6018E-6
66,9873E+0	292,9291E-6	3,0000E+0	3,0002E+0	2,9999E+0	-292,9239E-6
67,5000E+0	166,3798E-6	3,0000E+0	3,0005E+0	3,0001E+0	-166,4023E-6
68,0127E+0	283,6901E-6	3,0000E+0	3,0001E+0	2,9999E+0	-283,7308E-6
68,5254E+0	161,1653E-6	3,0000E+0	3,0003E+0	2,9998E+0	-161,1899E-6
69,0381E+0	320,8858E-6	3,0000E+0	2,9986E+0	2,9987E+0	-320,9235E-6
69,5508E+0	150,2064E-6	3,0000E+0	2,9996E+0	2,9998E+0	-150,2566E-6
70,0634E+0	443,5199E-6	3,0000E+0	2,9990E+0	2,9984E+0	-443,5526E-6
70,5761E+0	134,2095E-6	3,0000E+0	3,0005E+0	3,0001E+0	-134,2370E-6
71,2020E+0	478,0368E-6	3,0000E+0	2,9987E+0	2,9988E+0	-478,2706E-6
71,8282E+0	146,0221E-6	3,0000E+0	3,0001E+0	2,9996E+0	-146,0531E-6
72,3409E+0	395,2728E-6	3,0000E+0	3,0008E+0	3,0003E+0	-395,2710E-6
72,8536E+0	273,7194E-6	3,0000E+0	3,0001E+0	2,9998E+0	-273,7348E-6
73,3663E+0	345,2469E-6	3,0000E+0	3,0006E+0	2,9999E+0	-345,2450E-6
73,8790E+0	279,2367E-6	3,0000E+0	2,9996E+0	2,9997E+0	-279,2456E-6
74,3917E+0	282,9500E-6	3,0000E+0	3,0003E+0	3,0001E+0	-283,0204E-6
74,9044E+0	277,5462E-6	3,0000E+0	3,0001E+0	2,9994E+0	-277,5558E-6
75,4171E+0	255,5737E-6	3,0000E+0	3,0003E+0	2,9999E+0	-255,5883E-6
75,9298E+0	261,3896E-6	3,0000E+0	2,9991E+0	2,9990E+0	-261,4270E-6
76,4425E+0	192,0152E-6	3,0000E+0	3,0008E+0	3,0004E+0	-192,0227E-6
76,9551E+0	280,1997E-6	3,0000E+0	3,0006E+0	2,9997E+0	-280,2251E-6
77,4678E+0	178,6719E-6	3,0000E+0	3,0006E+0	2,9999E+0	-178,7018E-6
77,9805E+0	278,9255E-6	3,0000E+0	2,9996E+0	2,9994E+0	-278,9346E-6
78,4932E+0	171,5523E-6	3,0000E+0	3,0004E+0	3,0001E+0	-171,5600E-6
79,1294E+0	-286,7955E-9	3,0000E+0	2,9951E+0	2,9947E+0	283,3588E-9
79,6420E+0	-268,4179E-9	3,0000E+0	2,9899E+0	2,9895E+0	271,9341E-9
80,1547E+0	-251,3659E-9	3,0000E+0	2,9835E+0	2,9836E+0	249,5854E-9
80,6674E+0	-241,5985E-9	3,0000E+0	2,9799E+0	2,9801E+0	240,5752E-9
81,1801E+0	-223,2167E-9	3,0000E+0	2,9746E+0	2,9744E+0	226,3071E-9
81,6928E+0	-216,1720E-9	3,0000E+0	2,9719E+0	2,9712E+0	214,0579E-9
82,2055E+0	-199,1369E-9	3,0000E+0	2,9665E+0	2,9661E+0	198,8349E-9
82,7182E+0	-188,6877E-9	3,0000E+0	2,9629E+0	2,9626E+0	190,9605E-9
83,2309E+0	-173,2054E-9	3,0000E+0	2,9574E+0	2,9570E+0	169,9410E-9
83,7435E+0	-163,5474E-9	3,0000E+0	2,9544E+0	2,9540E+0	164,4011E-9
84,2562E+0	-146,0914E-9	3,0000E+0	2,9482E+0	2,9480E+0	148,1349E-9
84,7689E+0	-137,9442E-9	3,0000E+0	2,9447E+0	2,9445E+0	135,6376E-9
85,2816E+0	-121,3004E-9	3,0000E+0	2,9394E+0	2,9389E+0	123,7881E-9
85,7943E+0	-112,4883E-9	3,0000E+0	2,9358E+0	2,9358E+0	113,2468E-9
86,3070E+0	-97,4310E-9	3,0000E+0	2,9307E+0	2,9304E+0	95,1886E-9
86,8197E+0	-90,0539E-9	3,0000E+0	2,9279E+0	2,9283E+0	92,5133E-9
87,3324E+0	-74,3065E-9	3,0000E+0	2,9225E+0	2,9222E+0	73,7148E-9
87,8451E+0	-66,4033E-9	3,0000E+0	2,9195E+0	2,9191E+0	64,6373E-9
88,3578E+0	-49,1830E-9	3,0000E+0	2,9139E+0	2,9135E+0	52,7668E-9
89,3530E+0	-26,1931E-9	3,0000E+0	2,9060E+0	2,9052E+0	27,1875E-9
90,1070E+0	-15,1464E-9	3,0000E+0	2,8999E+0	2,8999E+0	12,1538E-9
90,8618E+0	-44,9543E-9	3,0000E+0	2,9028E+0	2,9023E+0	44,3098E-9
91,3745E+0	22,8143E-9	3,0000E+0	2,8884E+0	2,8875E+0	-19,9215E-9
91,8872E+0	28,8578E-9	3,0000E+0	2,8858E+0	2,8857E+0	-31,6213E-9
92,3999E+0	45,0783E-9	3,0000E+0	2,8813E+0	2,8805E+0	-44,3433E-9
93,0326E+0	51,5284E-9	3,0000E+0	2,8754E+0	2,8758E+0	-49,3326E-9
93,5453E+0	67,6765E-9	3,0000E+0	2,8724E+0	2,8719E+0	-70,9396E-9
94,0580E+0	83,8920E-9	3,0000E+0	2,8667E+0	2,8664E+0	-82,1238E-9
94,5706E+0	92,1870E-9	3,0000E+0	2,8635E+0	2,8634E+0	-91,1796E-9
95,0833E+0	106,4245E-9	3,0000E+0	2,8581E+0	2,8580E+0	-109,0853E-9
95,5960E+0	114,9678E-9	3,0000E+0	2,8555E+0	2,8553E+0	-112,4964E-9
96,1087E+0	130,3499E-9	3,0000E+0	2,8499E+0	2,8495E+0	-130,3979E-9
96,6214E+0	137,2267E-9	3,0000E+0	2,8470E+0	2,8468E+0	-139,3738E-9
97,1341E+0	151,2789E-9	3,0000E+0	2,8425E+0	2,8425E+0	-148,7746E-9
97,6468E+0	158,8459E-9	3,0000E+0	2,8391E+0	2,8390E+0	-160,1985E-9
98,1595E+0	173,1254E-9	3,0000E+0	2,8344E+0	2,8344E+0	-175,0294E-9
98,6721E+0	182,3757E-9	3,0000E+0	2,8310E+0	2,8309E+0	-179,5216E-9
99,1848E+0	196,6258E-9	3,0000E+0	2,8254E+0	2,8254E+0	-198,6554E-9
99,6975E+0	204,1296E-9	3,0000E+0	2,8233E+0	2,8228E+0	-204,6155E-9
100,2102E+0	219,9495E-9	3,0000E+0	2,8176E+0	2,8169E+0	-217,5789E-9
100,7229E+0	227,4238E-9	3,0000E+0	2,8139E+0	2,8135E+0	-230,2057E-9
101,2356E+0	238,7995E-9	3,0000E+0	2,8107E+0	2,8101E+0	-238,2227E-9
101,7483E+0	247,2502E-9	3,0000E+0	2,8067E+0	2,8067E+0	-245,4993E-9
102,2610E+0	260,4060E-9	3,0000E+0	2,8026E+0	2,8019E+0	-263,5522E-9
102,7737E+0	268,9830E-9	3,0000E+0	2,7983E+0	2,7986E+0	-266,9549E-9
103,2864E+0	283,1616E-9	3,0000E+0	2,7940E+0	2,7936E+0	-282,6313E-9
103,7991E+0	290,0636E-9	3,0000E+0	2,7905E+0	2,7905E+0	-292,6083E-9
104,3118E+0	304,9954E-9	3,0000E+0	2,7857E+0	2,7857E+0	-302,0890E-9
104,8245E+0	312,5707E-9	3,0000E+0	2,7831E+0	2,7825E+0	-312,9535E-9
105,3372E+0	323,4624E-9	3,0000E+0	2,7786E+0	2,7782E+0	-326,2323E-9
105,8498E+0	332,4771E-9	3,0000E+0	2,7756E+0	2,7750E+0	-329,3112E-9
106,3625E+0	345,7844E-9	3,0000E+0	2,7706E+0	2,7701E+0	-347,4313E-9
106,8752E+0	353,2293E-9	3,0000E+0	2,7670E+0	2,7670E+0	-354,3925E-9
107,3879E+0	368,1654E-9	3,0000E+0	2,7621E+0	2,7616E+0	-364,6934E-9
107,9006E+0	374,9285E-9	3,0000E+0	2,7594E+0	2,7591E+0	-377,0974E-9
108,4133E+0	389,4100E-9	3,0000E+0	2,7540E+0	2,7537E+0	-389,2405E-9
108,9260E+0	400,2849E-9	3,0000E+0	2,7501E+0	2,7496E+0	-398,5656E-9
109,4387E+0	409,4595E-9	3,0000E+0	2,7459E+0	2,7450E+0	-411,9117E-9
109,9514E+0	416,1468E-9	3,0000E+0	2,7437E+0	2,7435E+0	-414,8056E-9
110,4641E+0	430,4937E-9	3,0000E+0	2,7389E+0	2,7380E+0	-429,1654E-9
110,9768E+0	436,7265E-9	3,0000E+0	2,7355E+0	2,7351E+0	-439,4368E-9
111,4895E+0	450,9555E-9	3,0000E+0	2,7299E+0	2,7300E+0	-448,9595E-9
112,0022E+0	458,1058E-9	3,0000E+0	2,7276E+0	2,7269E+0	-458,3393E-9
112,5149E+0	470,5041E-9	3,0000E+0	2,7227E+0	2,7218E+0	-473,6665E-9
113,0276E+0	485,4318E-9	3,0000E+0	2,7166E+0	2,7167E+0	-482,3859E-9
113,5403E+0	494,1476E-9	3,0000E+0	2,7130E+0	2,7127E+0	-494,8656E-9
114,1730E+0	508,5927E-9	3,0000E+0	2,7080E+0	2,7080E+0	-511,4124E-9
114,6857E+0	516,2522E-9	3,0000E+0	2,7049E+0	2,7044E+0	-513,2210E-9
115,1984E+0	524,1221E-9	3,0000E+0	2,7011E+0	2,7007E+0	-523,3999E-9
115,7110E+0	528,7936E-9	3,0000E+0	2,6978E+0	2,6979E+0	-529,2464E-9
116,2237E+0	543,3130E-9	3,0000E+0	2,6933E+0	2,6927E+0	-537,7429E-9
116,7364E+0	546,8061E-9	3,0000E+0	2,6906E+0	2,6903E+0	-552,1700E-9
117,2491E+0	560,9467E-9	3,0000E+0	2,6853E+0	2,6852E+0	-559,1102E-9
117,7618E+0	565,3657E-9	3,0000E+0	2,6824E+0	2,6817E+0	-565,5877E-9
118,2745E+0	575,9712E-9	3,0000E+0	2,6775E+0	2,6772E+0	-583,0853E-9
118,7872E+0	583,4203E-9	3,0000E+0	2,6750E+0	2,6740E+0	-581,5710E-9
119,2999E+0	596,2142E-9	3,0000E+0	2,6695E+0	2,6690E+0	-592,8435E-9
119,8125E+0	600,5069E-9	3,0000E+0	2,6666E+0	2,6662E+0	-601,3400E-9
120,3252E+0	612,6696E-9	3,0000E+0	2,6612E+0	2,6608E+0	-610,7618E-9
120,8379E+0	615,1105E-9	3,0000E+0	2,6596E+0	2,6591E+0	-613,0331E-9
121,3506E+0	626,7681E-9	3,0000E+0	2,6545E+0	2,6536E+0	-624,6421E-9
121,8633E+0	632,1971E-9	3,0000E+0	2,6514E+0	2,6509E+0	-626,5349E-9
122,3760E+0	640,6984E-9	3,0000E+0	2,6463E+0	2,6462E+0	-645,1261E-9
122,8887E+0	645,4119E-9	3,0000E+0	2,6442E+0	2,6431E+0	-648,8696E-9
123,4013E+0	657,7429E-9	3,0000E+0	2,6385E+0	2,6386E+0	-654,9685E-9
123,9140E+0	662,7089E-9	3,0000E+0	2,6358E+0	2,6351E+0	-661,6984E-9
124,4267E+0	670,8314E-9	3,0000E+0	2,6316E+0	2,6312E+0	-666,3251E-9
124,9393E+0	674,8295E-9	3,0000E+0	2,6283E+0	2,6283E+0	-673,0970E-9
125,4520E+0	683,9620E-9	3,0000E+0	2,6240E+0	2,6235E+0	-686,4726E-9
125,9647E+0	690,0223E-9	3,0000E+0	2,6211E+0	2,6206E+0	-684,2855E-9
126,4773E+0	699,0706E-9	3,0000E+0	2,6160E+0	2,6154E+0	-697,1562E-9
126,9900E+0	701,4694E-9	3,0000E+0	2,6132E+0	2,6128E+0	-705,8209E-9
127,5027E+0	712,9588E-9	3,0000E+0	2,6081E+0	2,6075E+0	-707,5875E-9
128,0154E+0	719,3557E-9	3,0000E+0	2,6039E+0	2,6034E+0	-724,1177E-9
128,5280E+0	726,3419E-9	3,0000E+0	2,6002E+0	2,5998E+0	-722,8138E-9
129,0407E+0	734,0855E-9	3,0000E+0	2,5962E+0	2,5955E+0	-728,2397E-9
129,5534E+0	736,2740E-9	3,0000E+0	2,5930E+0	2,5930E+0	-738,0822E-9
130,0661E+0	744,5648E-9	3,0000E+0	2,5885E+0	2,5880E+0	-748,2190E-9
130,5788E+0	748,3945E-9	3,0000E+0	2,5853E+0	2,5853E+0	-749,6071E-9
131,0914E+0	757,5270E-9	3,0000E+0	2,5808E+0	2,5801E+0	-762,7302E-9
131,6042E+0	762,5773E-9	3,0000E+0	2,5775E+0	2,5772E+0	-763,9080E-9
132,1169E+0	768,9742E-9	3,0000E+0	2,5734E+0	2,5732E+0	-768,1982E-9
132,6295E+0	773,6036E-9	3,0000E+0	2,5709E+0	2,5706E+0	-772,6147E-9
133,1422E+0	781,7682E-9	3,0000E+0	2,5663E+0	2,5657E+0	-780,3540E-9
133,6549E+0	784,2511E-9	3,0000E+0	2,5628E+0	2,5627E+0	-788,2195E-9
134,1676E+0	794,5621E-9	3,0000E+0	2,5576E+0	2,5577E+0	-792,6360E-9
134,6803E+0	798,7707E-9	3,0000E+0	2,5555E+0	2,5548E+0	-796,0430E-9
135,1930E+0	807,4401E-9	3,0000E+0	2,5500E+0	2,5499E+0	-806,7267E-9
135,7057E+0	811,8591E-9	3,0000E+0	2,5474E+0	2,5473E+0	-809,7551E-9
136,2184E+0	818,7611E-9	3,0000E+0	2,5430E+0	2,5421E+0	-819,4292E-9
136,7310E+0	827,0940E-9	3,0000E+0	2,5387E+0	2,5384E+0	-826,2011E-9
137,2437E+0	834,7114E-9	3,0000E+0	2,5348E+0	2,5344E+0	-830,5755E-9
137,7564E+0	839,9721E-9	3,0000E+0	2,5313E+0	2,5308E+0	-836,4642E-9
138,2691E+0	848,0945E-9	3,0000E+0	2,5264E+0	2,5260E+0	-853,6253E-9
138,7818E+0	853,3973E-9	3,0000E+0	2,5233E+0	2,5230E+0	-852,5737E-9
139,2945E+0	863,2873E-9	3,0000E+0	2,5179E+0	2,5178E+0	-858,5465E-9
139,8072E+0	867,2854E-9	3,0000E+0	2,5160E+0	2,5154E+0	-865,8652E-9
140,3199E+0	876,2917E-9	3,0000E+0	2,5105E+0	2,5106E+0	-872,7212E-9
140,8326E+0	879,8268E-9	3,0000E+0	2,5085E+0	2,5076E+0	-879,2408E-9
141,3453E+0	888,9594E-9	3,0000E+0	2,5032E+0	2,5032E+0	-888,7887E-9
141,8579E+0	892,9995E-9	3,0000E+0	2,5001E+0	2,5003E+0	-893,6679E-9
142,3706E+0	898,9756E-9	3,0000E+0	2,4964E+0	2,4966E+0	-903,4682E-9
142,8833E+0	903,2262E-9	3,0000E+0	2,4940E+0	2,4938E+0	-908,3053E-9
143,3960E+0	914,7575E-9	3,0000E+0	2,4888E+0	2,4883E+0	-910,6607E-9
143,9087E+0	917,4090E-9	3,0000E+0	2,4861E+0	2,4861E+0	-919,6619E-9
144,4214E+0	926,9203E-9	3,0000E+0	2,4811E+0	2,4813E+0	-926,5601E-9
144,9341E+0	933,5277E-9	3,0000E+0	2,4784E+0	2,4778E+0	-926,8966E-9
145,4468E+0	940,5138E-9	3,0000E+0	2,4740E+0	2,4733E+0	-941,7442E-9
145,9595E+0	947,3316E-9	3,0000E+0	2,4712E+0	2,4705E+0	-941,9546E-9
146,4722E+0	956,4220E-9	3,0000E+0	2,4660E+0	2,4660E+0	-951,9231E-9
146,9848E+0	958,6105E-9	3,0000E+0	2,4645E+0	2,4639E+0	-957,8538E-9
147,4975E+0	967,2381E-9	3,0000E+0	2,4597E+0	2,4593E+0	-963,7844E-9
148,0102E+0	976,1180E-9	3,0000E+0	2,4550E+0	2,4550E+0	-976,7815E-9
148,5229E+0	981,0841E-9	3,0000E+0	2,4522E+0	2,4520E+0	-981,5765E-9
149,0356E+0	990,5533E-9	3,0000E+0	2,4476E+0	2,4475E+0	-985,1517E-9
149,5483E+0	993,0363E-9	3,0000E+0	2,4449E+0	2,4446E+0	-994,4473E-9
150,0610E+0	1,0033E-6	3,0000E+0	2,4401E+0	2,4395E+0	-1,0011E-6
150,5737E+0	1,0052E-6	3,0000E+0	2,4381E+0	2,4380E+0	-998,4432E-9
151,0864E+0	1,0113E-6	3,0000E+0	2,4337E+0	2,4333E+0	-1,0138E-6
151,5991E+0	1,0142E-6	3,0000E+0	2,4309E+0	2,4304E+0	-1,0162E-6
152,1118E+0	1,0244E-6	3,0000E+0	2,4256E+0	2,4258E+0	-1,0182E-6
152,6245E+0	1,0254E-6	3,0000E+0	2,4234E+0	2,4229E+0	-1,0305E-6
153,1372E+0	1,0363E-6	3,0000E+0	2,4186E+0	2,4184E+0	-1,0318E-6
153,6498E+0	1,0405E-6	3,0000E+0	2,4155E+0	2,4150E+0	-1,0355E-6
154,1625E+0	1,0486E-6	3,0000E+0	2,4106E+0	2,4100E+0	-1,0479E-6
154,6752E+0	1,0501E-6	3,0000E+0	2,4094E+0	2,4086E+0	-1,0464E-6
155,1879E+0	1,0585E-6	3,0000E+0	2,4041E+0	2,4041E+0	-1,0545E-6
155,7005E+0	1,0613E-6	3,0000E+0	2,4017E+0	2,4013E+0	-1,0633E-6
156,2132E+0	1,0692E-6	3,0000E+0	2,3968E+0	2,3970E+0	-1,0695E-6
156,7260E+0	1,0734E-6	3,0000E+0	2,3944E+0	2,3940E+0	-1,0760E-6
157,2387E+0	1,0808E-6	3,0000E+0	2,3906E+0	2,3897E+0	-1,0862E-6
157,7514E+0	1,0876E-6	3,0000E+0	2,3870E+0	2,3865E+0	-1,0841E-6
158,2641E+0	1,0958E-6	3,0000E+0	2,3820E+0	2,3818E+0	-1,0961E-6
158,7767E+0	1,0985E-6	3,0000E+0	2,3797E+0	2,3793E+0	-1,1035E-6
159,2894E+0	1,1060E-6	3,0000E+0	2,3760E+0	2,3750E+0	-1,1035E-6
159,8021E+0	1,1092E-6	3,0000E+0	2,3729E+0	2,3726E+0	-1,1110E-6
160,3149E+0	1,1171E-6	3,0000E+0	2,3677E+0	2,3678E+0	-1,1182E-6
160,8276E+0	1,1239E-6	3,0000E+0	2,3654E+0	2,3650E+0	-1,1191E-6
161,3402E+0	1,1308E-6	3,0000E+0	2,3608E+0	2,3604E+0	-1,1305E-6
161,8530E+0	1,1338E-6	3,0000E+0	2,3581E+0	2,3577E+0	-1,1359E-6
162,3656E+0	1,1409E-6	3,0000E+0	2,3537E+0	2,3532E+0	-1,1433E-6
162,8783E+0	1,1450E-6	3,0000E+0	2,3507E+0	2,3502E+0	-1,1509E-6
163,3910E+0	1,1520E-6	3,0000E+0	2,3463E+0	2,3463E+0	-1,1510E-6
163,9037E+0	1,1552E-6	3,0000E+0	2,3440E+0	2,3436E+0	-1,1574E-6
164,4164E+0	1,1618E-6	3,0000E+0	2,3396E+0	2,3391E+0	-1,1666E-6
164,9291E+0	1,1678E-6	3,0000E+0	2,3367E+0	2,3363E+0	-1,1650E-6
165,4418E+0	1,1738E-6	3,0000E+0	2,3320E+0	2,3317E+0	-1,1789E-6
165,9545E+0	1,1788E-6	3,0000E+0	2,3290E+0	2,3286E+0	-1,1795E-6
166,4672E+0	1,1864E-6	3,0000E+0	2,3250E+0	2,3241E+0	-1,1857E-6
166,9799E+0	1,1904E-6	3,0000E+0	2,3217E+0	2,3212E+0	-1,1958E-6
167,4926E+0	1,1983E-6	3,0000E+0	2,3171E+0	2,3166E+0	-1,1995E-6
168,0053E+0	1,2054E-6	3,0000E+0	2,3135E+0	2,3133E+0	-1,2023E-6
168,5180E+0	1,2078E-6	3,0000E+0	2,3106E+0	2,3102E+0	-1,2130E-6
169,0306E+0	1,2187E-6	3,0000E+0	2,3062E+0	2,3060E+0	-1,2138E-6
169,5433E+0	1,2225E-6	3,0000E+0	2,3034E+0	2,3030E+0	-1,2202E-6
170,0560E+0	1,2291E-6	3,0000E+0	2,2991E+0	2,2986E+0	-1,2344E-6
170,5687E+0	1,2353E-6	3,0000E+0	2,2961E+0	2,2953E+0	-1,2306E-6
171,0814E+0	1,2424E-6	3,0000E+0	2,2911E+0	2,2908E+0	-1,2444E-6
171,5941E+0	1,2494E-6	3,0000E+0	2,2877E+0	2,2868E+0	-1,2522E-6
172,1068E+0	1,2528E-6	3,0000E+0	2,2841E+0	2,2842E+0	-1,2490E-6
172,6195E+0	1,2548E-6	3,0000E+0	2,2817E+0	2,2814E+0	-1,2596E-6
173,1322E+0	1,2649E-6	3,0000E+0	2,2771E+0	2,2764E+0	-1,2620E-6
173,6448E+0	1,2679E-6	3,0000E+0	2,2742E+0	2,2735E+0	-1,2685E-6
174,1575E+0	1,2759E-6	3,0000E+0	2,2697E+0	2,2692E+0	-1,2807E-6
174,6702E+0	1,2803E-6	3,0000E+0	2,2667E+0	2,2664E+0	-1,2771E-6
175,1829E+0	1,2904E-6	3,0000E+0	2,2616E+0	2,2614E+0	-1,2884E-6
175,6956E+0	1,2949E-6	3,0000E+0	2,2574E+0	2,2577E+0	-1,3004E-6
176,2083E+0	1,3063E-6	3,0000E+0	2,2524E+0	2,2522E+0	-1,3025E-6
176,7210E+0	1,3121E-6	3,0000E+0	2,2486E+0	2,2481E+0	-1,3142E-6
177,2337E+0	1,3230E-6	3,0000E+0	2,2430E+0	2,2428E+0	-1,3272E-6
177,7463E+0	1,3258E-6	3,0000E+0	2,2406E+0	2,2400E+0	-1,3257E-6
178,2590E+0	1,3345E-6	3,0000E+0	2,2349E+0	2,2346E+0	-1,3397E-6
178,7717E+0	1,3415E-6	3,0000E+0	2,2307E+0	2,2306E+0	-1,3442E-6
179,2844E+0	1,3528E-6	3,0000E+0	2,2259E+0	2,2251E+0	-1,3494E-6
179,7971E+0	1,3580E-6	3,0000E+0	2,2217E+0	2,2217E+0	-1,3595E-6
180,3099E+0	1,3681E-6	3,0000E+0	2,2166E+0	2,2165E+0	-1,3660E-6
180,8226E+0	1,3752E-6	3,0000E+0	2,2131E+0	2,2123E+0	-1,3707E-6
181,3353E+0	1,3811E-6	3,0000E+0	2,2081E+0	2,2075E+0	-1,3871E-6
181,8479E+0	1,3890E-6	3,0000E+0	2,2041E+0	2,2036E+0	-1,3872E-6
182,3607E+0	1,3987E-6	3,0000E+0	2,1986E+0	2,1986E+0	-1,3972E-6
182,8734E+0	1,4052E-6	3,0000E+0	2,1948E+0	2,1947E+0	-1,4046E-6
183,3861E+0	1,4109E-6	3,0000E+0	2,1909E+0	2,1905E+0	-1,4091E-6
183,8988E+0	1,4161E-6	3,0000E+0	2,1871E+0	2,1866E+0	-1,4169E-6
184,4115E+0	1,4236E-6	3,0000E+0	2,1820E+0	2,1819E+0	-1,4308E-6
184,9241E+0	1,4326E-6	3,0000E+0	2,1776E+0	2,1777E+0	-1,4284E-6
185,4368E+0	1,4410E-6	3,0000E+0	2,1725E+0	2,1727E+0	-1,4397E-6
185,9495E+0	1,4464E-6	3,0000E+0	2,1691E+0	2,1686E+0	-1,4456E-6
186,4622E+0	1,4548E-6	3,0000E+0	2,1638E+0	2,1638E+0	-1,4501E-6
186,9750E+0	1,4593E-6	3,0000E+0	2,1599E+0	2,1594E+0	-1,4615E-6
187,4877E+0	1,4650E-6	3,0000E+0	2,1558E+0	2,1560E+0	-1,4623E-6
188,0004E+0	1,4713E-6	3,0000E+0	2,1513E+0	2,1509E+0	-1,4727E-6
188,5131E+0	1,4764E-6	3,0000E+0	2,1473E+0	2,1468E+0	-1,4821E-6
189,0258E+0	1,4824E-6	3,0000E+0	2,1443E+0	2,1441E+0	-1,4787E-6
189,5385E+0	1,4793E-6	3,0000E+0	2,1455E+0	2,1448E+0	-1,4767E-6
190,0512E+0	1,4762E-6	3,0000E+0	2,1457E+0	2,1457E+0	-1,4768E-6
190,5639E+0	1,4735E-6	3,0000E+0	2,1464E+0	2,1462E+0	-1,4722E-6
191,0766E+0	1,4709E-6	3,0000E+0	2,1473E+0	2,1470E+0	-1,4728E-6
191,5893E+0	1,4698E-6	3,0000E+0	2,1476E+0	2,1472E+0	-1,4685E-6
192,1021E+0	1,4656E-6	3,0000E+0	2,1483E+0	2,1477E+0	-1,4662E-6
192,6147E+0	1,4632E-6	3,0000E+0	2,1488E+0	2,1484E+0	-1,4684E-6
193,1274E+0	1,4613E-6	3,0000E+0	2,1490E+0	2,1486E+0	-1,4635E-6
193,6401E+0	1,4609E-6	3,0000E+0	2,1493E+0	2,1485E+0	-1,4556E-6
194,1528E+0	1,4577E-6	3,0000E+0	2,1496E+0	2,1494E+0	-1,4566E-6
194,6655E+0	1,4537E-6	3,0000E+0	2,1507E+0	2,1497E+0	-1,4581E-6
195,1782E+0	1,4525E-6	3,0000E+0	2,1507E+0	2,1500E+0	-1,4516E-6
195,6909E+0	1,4489E-6	3,0000E+0	2,1508E+0	2,1504E+0	-1,4541E-6
196,2036E+0	1,4475E-6	3,0000E+0	2,1511E+0	2,1506E+0	-1,4481E-6
196,7164E+0	1,4465E-6	3,0000E+0	2,1515E+0	2,1510E+0	-1,4464E-6
197,2290E+0	1,4477E-6	3,0000E+0	2,1517E+0	2,1512E+0	-1,4480E-6
197,7417E+0	1,4492E-6	3,0000E+0	2,1518E+0	2,1512E+0	-1,4462E-6
198,2544E+0	1,4484E-6	3,0000E+0	2,1519E+0	2,1517E+0	-1,4485E-6
198,7671E+0	1,4500E-6	3,0000E+0	2,1523E+0	2,1517E+0	-1,4491E-6
199,2798E+0	1,4484E-6	3,0000E+0	2,1528E+0	2,1525E+0	-1,4485E-6
199,7925E+0	1,4489E-6	3,0000E+0	2,1527E+0	2,1520E+0	-1,4467E-6
200,3053E+0	1,4484E-6	3,0000E+0	2,1531E+0	2,1524E+0	-1,4469E-6
200,8180E+0	1,4478E-6	3,0000E+0	2,1533E+0	2,1527E+0	-1,4419E-6
201,3306E+0	1,4449E-6	3,0000E+0	2,1528E+0	2,1529E+0	-1,4455E-6
201,8433E+0	1,4439E-6	3,0000E+0	2,1538E+0	2,1532E+0	-1,4443E-6
202,3560E+0	1,4419E-6	3,0000E+0	2,1536E+0	2,1534E+0	-1,4396E-6
202,8687E+0	1,4410E-6	3,0000E+0	2,1542E+0	2,1536E+0	-1,4382E-6
203,3814E+0	1,4390E-6	3,0000E+0	2,1542E+0	2,1542E+0	-1,4395E-6
203,8941E+0	1,4372E-6	3,0000E+0	2,1543E+0	2,1538E+0	-1,4345E-6
204,4068E+0	1,4356E-6	3,0000E+0	2,1548E+0	2,1540E+0	-1,4348E-6
204,9195E+0	1,4332E-6	3,0000E+0	2,1543E+0	2,1541E+0	-1,4353E-6
205,4322E+0	1,4318E-6	3,0000E+0	2,1548E+0	2,1542E+0	-1,4323E-6
205,9449E+0	1,4308E-6	3,0000E+0	2,1548E+0	2,1543E+0	-1,4322E-6
206,4576E+0	1,4282E-6	3,0000E+0	2,1550E+0	2,1551E+0	-1,4303E-6
206,9703E+0	1,4274E-6	3,0000E+0	2,1551E+0	2,1547E+0	-1,4257E-6
207,4830E+0	1,4261E-6	3,0000E+0	2,1554E+0	2,1548E+0	-1,4270E-6
207,9957E+0	1,4246E-6	3,0000E+0	2,1554E+0	2,1549E+0	-1,4237E-6
208,5084E+0	1,4218E-6	3,0000E+0	2,1557E+0	2,1553E+0	-1,4231E-6
209,0211E+0	1,4206E-6	3,0000E+0	2,1556E+0	2,1554E+0	-1,4239E-6
209,5338E+0	1,4184E-6	3,0000E+0	2,1558E+0	2,1556E+0	-1,4189E-6
210,0464E+0	1,4178E-6	3,0000E+0	2,1562E+0	2,1554E+0	-1,4142E-6
210,5592E+0	1,4138E-6	3,0000E+0	2,1563E+0	2,1557E+0	-1,4195E-6
211,0719E+0	1,4151E-6	3,0000E+0	2,1563E+0	2,1556E+0	-1,4091E-6
211,5846E+0	1,4114E-6	3,0000E+0	2,1563E+0	2,1558E+0	-1,4117E-6
212,0973E+0	1,4109E-6	3,0000E+0	2,1558E+0	2,1555E+0	-1,4093E-6
212,6100E+0	1,4080E-6	3,0000E+0	2,1560E+0	2,1557E+0	-1,4045E-6
213,1226E+0	1,4048E-6	3,0000E+0	2,1563E+0	2,1562E+0	-1,4057E-6
213,6353E+0	1,4012E-6	3,0000E+0	2,1564E+0	2,1563E+0	-1,4075E-6
214,1480E+0	1,4010E-6	3,0000E+0	2,1565E+0	2,1563E+0	-1,3954E-6
214,6607E+0	1,3961E-6	3,0000E+0	2,1571E+0	2,1562E+0	-1,3996E-6
215,1734E+0	1,3948E-6	3,0000E+0	2,1569E+0	2,1563E+0	-1,3951E-6
215,6861E+0	1,3909E-6	3,0000E+0	2,1568E+0	2,1567E+0	-1,3905E-6
216,1988E+0	1,3888E-6	3,0000E+0	2,1567E+0	2,1567E+0	-1,3908E-6
216,7114E+0	1,3874E-6	3,0000E+0	2,1570E+0	2,1565E+0	-1,3836E-6
217,2241E+0	1,3849E-6	3,0000E+0	2,1570E+0	2,1563E+0	-1,3784E-6
217,7368E+0	1,3800E-6	3,0000E+0	2,1572E+0	2,1568E+0	-1,3841E-6
218,2495E+0	1,3801E-6	3,0000E+0	2,1577E+0	2,1568E+0	-1,3767E-6
218,7622E+0	1,3780E-6	3,0000E+0	2,1573E+0	2,1567E+0	-1,3730E-6
219,2749E+0	1,3742E-6	3,0000E+0	2,1576E+0	2,1569E+0	-1,3777E-6
219,7876E+0	1,3724E-6	3,0000E+0	2,1575E+0	2,1568E+0	-1,3727E-6
220,3003E+0	1,3715E-6	3,0000E+0	2,1579E+0	2,1572E+0	-1,3712E-6
220,8130E+0	1,3699E-6	3,0000E+0	2,1578E+0	2,1571E+0	-1,3738E-6
221,3257E+0	1,3702E-6	3,0000E+0	2,1576E+0	2,1571E+0	-1,3650E-6
221,8384E+0	1,3664E-6	3,0000E+0	2,1578E+0	2,1576E+0	-1,3685E-6
222,3511E+0	1,3658E-6	3,0000E+0	2,1575E+0	2,1573E+0	-1,3685E-6
222,8638E+0	1,3648E-6	3,0000E+0	2,1578E+0	2,1576E+0	-1,3596E-6
223,3765E+0	1,3618E-6	3,0000E+0	2,1574E+0	2,1573E+0	-1,3614E-6
223,8892E+0	1,3596E-6	3,0000E+0	2,1581E+0	2,1575E+0	-1,3662E-6
224,4019E+0	1,3603E-6	3,0000E+0	2,1580E+0	2,1578E+0	-1,3567E-6
224,9146E+0	1,3584E-6	3,0000E+0	2,1580E+0	2,1578E+0	-1,3605E-6
225,4273E+0	1,3568E-6	3,0000E+0	2,1585E+0	2,1577E+0	-1,3622E-6
225,9400E+0	1,3582E-6	3,0000E+0	2,1583E+0	2,1578E+0	-1,3521E-6
226,4527E+0	1,3553E-6	3,0000E+0	2,1583E+0	2,1583E+0	-1,3593E-6
226,9654E+0	1,3569E-6	3,0000E+0	2,1583E+0	2,1581E+0	-1,3556E-6
227,4781E+0	1,3570E-6	3,0000E+0	2,1575E+0	2,1574E+0	-1,3494E-6
227,9908E+0	1,3538E-6	3,0000E+0	2,1583E+0	2,1580E+0	-1,3558E-6
228,5035E+0	1,3542E-6	3,0000E+0	2,1578E+0	2,1577E+0	-1,3518E-6
229,0162E+0	1,3526E-6	3,0000E+0	2,1586E+0	2,1581E+0	-1,3523E-6
229,5289E+0	1,3516E-6	3,0000E+0	2,1583E+0	2,1579E+0	-1,3547E-6
230,0416E+0	1,3512E-6	3,0000E+0	2,1583E+0	2,1578E+0	-1,3491E-6
230,5543E+0	1,3503E-6	3,0000E+0	2,1585E+0	2,1581E+0	-1,3454E-6
231,0670E+0	1,3491E-6	3,0000E+0	2,1584E+0	2,1581E+0	-1,3498E-6
231,5797E+0	1,3488E-6	3,0000E+0	2,1579E+0	2,1580E+0	-1,3436E-6
232,0924E+0	1,3480E-6	3,0000E+0	2,1587E+0	2,1581E+0	-1,3431E-6
232,6051E+0	1,3460E-6	3,0000E+0	2,1584E+0	2,1580E+0	-1,3458E-6
233,1178E+0	1,3448E-6	3,0000E+0	2,1587E+0	2,1583E+0	-1,3400E-6
233,6305E+0	1,3436E-6	3,0000E+0	2,1585E+0	2,1583E+0	-1,3414E-6
234,1432E+0	1,3413E-6	3,0000E+0	2,1584E+0	2,1583E+0	-1,3454E-6
234,6559E+0	1,3411E-6	3,0000E+0	2,1587E+0	2,1585E+0	-1,3388E-6
235,1686E+0	1,3401E-6	3,0000E+0	2,1586E+0	2,1584E+0	-1,3394E-6
235,6813E+0	1,3397E-6	3,0000E+0	2,1590E+0	2,1584E+0	-1,3420E-6
236,1940E+0	1,3382E-6	3,0000E+0	2,1589E+0	2,1583E+0	-1,3366E-6
236,7067E+0	1,3349E-6	3,0000E+0	2,1589E+0	2,1583E+0	-1,3381E-6
237,2194E+0	1,3339E-6	3,0000E+0	2,1592E+0	2,1584E+0	-1,3353E-6
237,7321E+0	1,3325E-6	3,0000E+0	2,1588E+0	2,1582E+0	-1,3264E-6
238,2448E+0	1,3297E-6	3,0000E+0	2,1584E+0	2,1582E+0	-1,3279E-6
238,7575E+0	1,3278E-6	3,0000E+0	2,1588E+0	2,1582E+0	-1,3255E-6
239,2702E+0	1,3263E-6	3,0000E+0	2,1583E+0	2,1583E+0	-1,3196E-6
239,7829E+0	1,3229E-6	3,0000E+0	2,1589E+0	2,1584E+0	-1,3271E-6
240,2956E+0	1,3214E-6	3,0000E+0	2,1589E+0	2,1587E+0	-1,3225E-6
240,8083E+0	1,3204E-6	3,0000E+0	2,1590E+0	2,1584E+0	-1,3227E-6
241,3210E+0	1,3213E-6	3,0000E+0	2,1586E+0	2,1581E+0	-1,3209E-6
241,8337E+0	1,3208E-6	3,0000E+0	2,1583E+0	2,1582E+0	-1,3167E-6
242,3463E+0	1,3179E-6	3,0000E+0	2,1589E+0	2,1586E+0	-1,3160E-6
242,8591E+0	1,3157E-6	3,0000E+0	2,1589E+0	2,1586E+0	-1,3199E-6
243,3717E+0	1,3152E-6	3,0000E+0	2,1588E+0	2,1581E+0	-1,3101E-6
243,8844E+0	1,3124E-6	3,0000E+0	2,1590E+0	2,1584E+0	-1,3099E-6
244,3971E+0	1,3098E-6	3,0000E+0	2,1590E+0	2,1588E+0	-1,3142E-6
244,9098E+0	1,3088E-6	3,0000E+0	2,1591E+0	2,1585E+0	-1,3084E-6
245,4225E+0	1,3089E-6	3,0000E+0	2,1585E+0	2,1582E+0	-1,3053E-6
245,9352E+0	1,3079E-6	3,0000E+0	2,1587E+0	2,1582E+0	-1,3069E-6
246,4479E+0	1,3066E-6	3,0000E+0	2,1589E+0	2,1586E+0	-1,3037E-6
246,9606E+0	1,3041E-6	3,0000E+0	2,1590E+0	2,1584E+0	-1,3072E-6
247,4733E+0	1,3047E-6	3,0000E+0	2,1586E+0	2,1583E+0	-1,3033E-6
247,9860E+0	1,3038E-6	3,0000E+0	2,1589E+0	2,1583E+0	-1,3003E-6
248,4987E+0	1,3011E-6	3,0000E+0	2,1585E+0	2,1585E+0	-1,3058E-6
249,0114E+0	1,3010E-6	3,0000E+0	2,1588E+0	2,1584E+0	-1,3043E-6
249,5241E+0	1,3022E-6	3,0000E+0	2,1589E+0	2,1584E+0	-1,2960E-6
250,0368E+0	1,3005E-6	3,0000E+0	2,1583E+0	2,1582E+0	-1,3002E-6
250,5495E+0	1,2997E-6	3,0000E+0	2,1588E+0	2,1583E+0	-1,2979E-6
251,0622E+0	1,2977E-6	3,0000E+0	2,1585E+0	2,1583E+0	-1,2978E-6
251,5749E+0	1,2941E-6	3,0000E+0	2,1581E+0	2,1582E+0	-1,2984E-6
252,0876E+0	1,2913E-6	3,0000E+0	2,1584E+0	2,1582E+0	-1,2927E-6
252,6003E+0	1,2897E-6	3,0000E+0	2,1587E+0	2,1583E+0	-1,2869E-6
253,1130E+0	1,2882E-6	3,0000E+0	2,1585E+0	2,1582E+0	-1,2909E-6
253,6257E+0	1,2853E-6	3,0000E+0	2,1588E+0	2,1583E+0	-1,2862E-6
254,1384E+0	1,2844E-6	3,0000E+0	2,1586E+0	2,1583E+0	-1,2804E-6
254,6511E+0	1,2809E-6	3,0000E+0	2,1588E+0	2,1578E+0	-1,2843E-6
255,1638E+0	1,2785E-6	3,0000E+0	2,1592E+0	2,1583E+0	-1,2801E-6
255,6765E+0	1,2780E-6	3,0000E+0	2,1583E+0	2,1578E+0	-1,2760E-6
256,1892E+0	1,2758E-6	3,0000E+0	2,1589E+0	2,1584E+0	-1,2777E-6
256,7019E+0	1,2765E-6	3,0000E+0	2,1586E+0	2,1580E+0	-1,2704E-6
257,2146E+0	1,2728E-6	3,0000E+0	2,1583E+0	2,1580E+0	-1,2742E-6
257,7273E+0	1,2724E-6	3,0000E+0	2,1586E+0	2,1583E+0	-1,2770E-6
258,2400E+0	1,2749E-6	3,0000E+0	2,1587E+0	2,1583E+0	-1,2691E-6
258,7527E+0	1,2733E-6	3,0000E+0	2,1583E+0	2,1579E+0	-1,2760E-6
259,2654E+0	1,2727E-6	3,0000E+0	2,1585E+0	2,1583E+0	-1,2778E-6
259,7781E+0	1,2752E-6	3,0000E+0	2,1585E+0	2,1578E+0	-1,2682E-6
260,2908E+0	1,2733E-6	3,0000E+0	2,1581E+0	2,1580E+0	-1,2744E-6
260,8035E+0	1,2737E-6	3,0000E+0	2,1586E+0	2,1584E+0	-1,2736E-6
261,3162E+0	1,2732E-6	3,0000E+0	2,1583E+0	2,1582E+0	-1,2711E-6
261,8289E+0	1,2727E-6	3,0000E+0	2,1581E+0	2,1580E+0	-1,2723E-6
262,3415E+0	1,2708E-6	3,0000E+0	2,1585E+0	2,1582E+0	-1,2731E-6
262,8542E+0	1,2720E-6	3,0000E+0	2,1584E+0	2,1579E+0	-1,2681E-6
263,3669E+0	1,2699E-6	3,0000E+0	2,1582E+0	2,1579E+0	-1,2720E-6
263,8796E+0	1,2688E-6	3,0000E+0	2,1583E+0	2,1580E+0	-1,2707E-6
264,3923E+0	1,2695E-6	3,0000E+0	2,1579E+0	2,1577E+0	-1,2671E-6
264,9050E+0	1,2690E-6	3,0000E+0	2,1582E+0	2,1578E+0	-1,2684E-6
265,4177E+0	1,2670E-6	3,0000E+0	2,1583E+0	2,1580E+0	-1,2668E-6
265,9304E+0	1,2678E-6	3,0000E+0	2,1578E+0	2,1577E+0	-1,2653E-6
266,4431E+0	1,2642E-6	3,0000E+0	2,1584E+0	2,1577E+0	-1,2722E-6
266,9557E+0	1,2650E-6	3,0000E+0	2,1584E+0	2,1578E+0	-1,2643E-6
267,4684E+0	1,2648E-6	3,0000E+0	2,1582E+0	2,1576E+0	-1,2641E-6
267,9811E+0	1,2625E-6	3,0000E+0	2,1576E+0	2,1574E+0	-1,2654E-6
268,4938E+0	1,2627E-6	3,0000E+0	2,1584E+0	2,1577E+0	-1,2599E-6
269,0065E+0	1,2617E-6	3,0000E+0	2,1578E+0	2,1573E+0	-1,2615E-6
269,5192E+0	1,2591E-6	3,0000E+0	2,1581E+0	2,1574E+0	-1,2621E-6
270,0319E+0	1,2604E-6	3,0000E+0	2,1576E+0	2,1573E+0	-1,2549E-6
270,5446E+0	1,2579E-6	3,0000E+0	2,1573E+0	2,1575E+0	-1,2615E-6
271,0573E+0	1,2574E-6	3,0000E+0	2,1583E+0	2,1578E+0	-1,2594E-6
271,5700E+0	1,2587E-6	3,0000E+0	2,1578E+0	2,1576E+0	-1,2548E-6
272,0827E+0	1,2566E-6	3,0000E+0	2,1578E+0	2,1571E+0	-1,2597E-6
272,5954E+0	1,2568E-6	3,0000E+0	2,1578E+0	2,1576E+0	-1,2563E-6
273,1081E+0	1,2578E-6	3,0000E+0	2,1573E+0	2,1573E+0	-1,2541E-6
273,6208E+0	1,2551E-6	3,0000E+0	2,1572E+0	2,1572E+0	-1,2583E-6
274,1335E+0	1,2570E-6	3,0000E+0	2,1571E+0	2,1574E+0	-1,2547E-6
274,6462E+0	1,2571E-6	3,0000E+0	2,1568E+0	2,1570E+0	-1,2543E-6
275,1589E+0	1,2576E-6	3,0000E+0	2,1573E+0	2,1568E+0	-1,2563E-6
275,6716E+0	1,2588E-6	3,0000E+0	2,1576E+0	2,1573E+0	-1,2533E-6
276,1843E+0	1,2576E-6	3,0000E+0	2,1574E+0	2,1571E+0	-1,2581E-6
276,6970E+0	1,2570E-6	3,0000E+0	2,1578E+0	2,1571E+0	-1,2618E-6
277,2097E+0	1,2589E-6	3,0000E+0	2,1575E+0	2,1567E+0	-1,2546E-6
277,7224E+0	1,2583E-6	3,0000E+0	2,1577E+0	2,1571E+0	-1,2616E-6
278,2351E+0	1,2596E-6	3,0000E+0	2,1573E+0	2,1567E+0	-1,2567E-6
278,7478E+0	1,2590E-6	3,0000E+0	2,1572E+0	2,1570E+0	-1,2582E-6
279,2605E+0	1,2576E-6	3,0000E+0	2,1576E+0	2,1568E+0	-1,2631E-6
279,7732E+0	1,2595E-6	3,0000E+0	2,1573E+0	2,1566E+0	-1,2553E-6
280,2859E+0	1,2587E-6	3,0000E+0	2,1577E+0	2,1569E+0	-1,2577E-6
280,7986E+0	1,2580E-6	3,0000E+0	2,1570E+0	2,1567E+0	-1,2608E-6
281,3113E+0	1,2583E-6	3,0000E+0	2,1573E+0	2,1567E+0	-1,2571E-6
281,8240E+0	1,2588E-6	3,0000E+0	2,1569E+0	2,1565E+0	-1,2554E-6
282,3367E+0	1,2562E-6	3,0000E+0	2,1571E+0	2,1568E+0	-1,2600E-6
282,8494E+0	1,2578E-6	3,0000E+0	2,1564E+0	2,1565E+0	-1,2515E-6
283,3621E+0	1,2569E-6	3,0000E+0	2,1570E+0	2,1565E+0	-1,2553E-6
283,8748E+0	1,2564E-6	3,0000E+0	2,1568E+0	2,1564E+0	-1,2548E-6
284,3875E+0	1,2553E-6	3,0000E+0	2,1565E+0	2,1565E+0	-1,2533E-6
284,9002E+0	1,2562E-6	3,0000E+0	2,1568E+0	2,1562E+0	-1,2546E-6
285,4128E+0	1,2561E-6	3,0000E+0	2,1565E+0	2,1564E+0	-1,2519E-6
285,9255E+0	1,2558E-6	3,0000E+0	2,1565E+0	2,1564E+0	-1,2508E-6
286,4382E+0	1,2543E-6	3,0000E+0	2,1562E+0	2,1562E+0	-1,2556E-6
286,9509E+0	1,2523E-6	3,0000E+0	2,1569E+0	2,1567E+0	-1,2536E-6
287,4637E+0	1,2531E-6	3,0000E+0	2,1565E+0	2,1562E+0	-1,2485E-6
287,9763E+0	1,2496E-6	3,0000E+0	2,1562E+0	2,1561E+0	-1,2524E-6
288,4890E+0	1,2501E-6	3,0000E+0	2,1568E+0	2,1564E+0	-1,2452E-6
289,0017E+0	1,2496E-6	3,0000E+0	2,1563E+0	2,1560E+0	-1,2481E-6
289,5144E+0	1,2472E-6	3,0000E+0	2,1567E+0	2,1564E+0	-1,2517E-6
290,0271E+0	1,2482E-6	3,0000E+0	2,1562E+0	2,1562E+0	-1,2453E-6
290,5398E+0	1,2457E-6	3,0000E+0	2,1570E+0	2,1562E+0	-1,2503E-6
291,0525E+0	1,2475E-6	3,0000E+0	2,1560E+0	2,1558E+0	-1,2445E-6
291,5652E+0	1,2464E-6	3,0000E+0	2,1563E+0	2,1560E+0	-1,2417E-6
292,0779E+0	1,2450E-6	3,0000E+0	2,1561E+0	2,1559E+0	-1,2482E-6
292,5906E+0	1,2444E-6	3,0000E+0	2,1562E+0	2,1557E+0	-1,2442E-6
293,1033E+0	1,2430E-6	3,0000E+0	2,1563E+0	2,1558E+0	-1,2441E-6
293,6160E+0	1,2413E-6	3,0000E+0	2,1563E+0	2,1561E+0	-1,2477E-6
294,1287E+0	1,2430E-6	3,0000E+0	2,1560E+0	2,1554E+0	-1,2382E-6
294,6414E+0	1,2421E-6	3,0000E+0	2,1561E+0	2,1555E+0	-1,2391E-6
295,1541E+0	1,2413E-6	3,0000E+0	2,1559E+0	2,1559E+0	-1,2419E-6
295,6668E+0	1,2405E-6	3,0000E+0	2,1560E+0	2,1554E+0	-1,2372E-6
296,1795E+0	1,2407E-6	3,0000E+0	2,1559E+0	2,1554E+0	-1,2379E-6
296,6922E+0	1,2385E-6	3,0000E+0	2,1558E+0	2,1555E+0	-1,2399E-6
297,2049E+0	1,2379E-6	3,0000E+0	2,1553E+0	2,1553E+0	-1,2365E-6
297,7176E+0	1,2360E-6	3,0000E+0	2,1557E+0	2,1556E+0	-1,2404E-6
298,2303E+0	1,2357E-6	3,0000E+0	2,1559E+0	2,1556E+0	-1,2369E-6
298,7430E+0	1,2365E-6	3,0000E+0	2,1558E+0	2,1551E+0	-1,2312E-6
299,2557E+0	1,2355E-6	3,0000E+0	2,1553E+0	2,1552E+0	-1,2351E-6
299,7684E+0	1,2344E-6	3,0000E+0	2,1557E+0	2,1555E+0	-1,2351E-6
300,2811E+0	1,2372E-6	3,0000E+0	2,1549E+0	2,1548E+0	-1,2311E-6
300,7938E+0	1,2347E-6	3,0000E+0	2,1557E+0	2,1551E+0	-1,2362E-6
301,3065E+0	1,2349E-6	3,0000E+0	2,1555E+0	2,1551E+0	-1,2323E-6
301,8192E+0	1,2333E-6	3,0000E+0	2,1555E+0	2,1547E+0	-1,2345E-6
302,3319E+0	1,2320E-6	3,0000E+0	2,1557E+0	2,1552E+0	-1,2389E-6
302,8446E+0	1,2344E-6	3,0000E+0	2,1553E+0	2,1548E+0	-1,2297E-6
303,3573E+0	1,2330E-6	3,0000E+0	2,1553E+0	2,1548E+0	-1,2315E-6
303,8700E+0	1,2329E-6	3,0000E+0	2,1553E+0	2,1546E+0	-1,2300E-6
304,3827E+0	1,2316E-6	3,0000E+0	2,1551E+0	2,1546E+0	-1,2276E-6
304,8953E+0	1,2308E-6	3,0000E+0	2,1548E+0	2,1546E+0	-1,2307E-6
305,4080E+0	1,2302E-6	3,0000E+0	2,1550E+0	2,1547E+0	-1,2286E-6
305,9207E+0	1,2299E-6	3,0000E+0	2,1552E+0	2,1546E+0	-1,2244E-6
306,4334E+0	1,2271E-6	3,0000E+0	2,1552E+0	2,1546E+0	-1,2330E-6
306,9461E+0	1,2296E-6	3,0000E+0	2,1548E+0	2,1542E+0	-1,2239E-6
307,4588E+0	1,2286E-6	3,0000E+0	2,1547E+0	2,1543E+0	-1,2266E-6
307,9715E+0	1,2288E-6	3,0000E+0	2,1546E+0	2,1542E+0	-1,2273E-6
308,4842E+0	1,2272E-6	3,0000E+0	2,1548E+0	2,1542E+0	-1,2269E-6
308,9969E+0	1,2283E-6	3,0000E+0	2,1538E+0	2,1542E+0	-1,2246E-6
309,5096E+0	1,2260E-6	3,0000E+0	2,1544E+0	2,1544E+0	-1,2299E-6
310,0222E+0	1,2284E-6	3,0000E+0	2,1544E+0	2,1541E+0	-1,2221E-6
310,5349E+0	1,2254E-6	3,0000E+0	2,1551E+0	2,1542E+0	-1,2288E-6
311,0476E+0	1,2271E-6	3,0000E+0	2,1544E+0	2,1539E+0	-1,2248E-6
311,5603E+0	1,2277E-6	3,0000E+0	2,1543E+0	2,1540E+0	-1,2216E-6
312,0730E+0	1,2250E-6	3,0000E+0	2,1546E+0	2,1540E+0	-1,2281E-6
312,5857E+0	1,2253E-6	3,0000E+0	2,1543E+0	2,1538E+0	-1,2252E-6
313,0984E+0	1,2265E-6	3,0000E+0	2,1538E+0	2,1539E+0	-1,2217E-6
313,6112E+0	1,2236E-6	3,0000E+0	2,1543E+0	2,1538E+0	-1,2300E-6
314,1238E+0	1,2262E-6	3,0000E+0	2,1541E+0	2,1536E+0	-1,2223E-6
314,6365E+0	1,2248E-6	3,0000E+0	2,1538E+0	2,1537E+0	-1,2244E-6
315,1492E+0	1,2257E-6	3,0000E+0	2,1539E+0	2,1536E+0	-1,2261E-6
315,6619E+0	1,2245E-6	3,0000E+0	2,1538E+0	2,1534E+0	-1,2239E-6
316,1746E+0	1,2259E-6	3,0000E+0	2,1537E+0	2,1532E+0	-1,2221E-6
316,6873E+0	1,2247E-6	3,0000E+0	2,1541E+0	2,1537E+0	-1,2256E-6
317,2000E+0	1,2251E-6	3,0000E+0	2,1543E+0	2,1538E+0	-1,2215E-6
317,7127E+0	1,2243E-6	3,0000E+0	2,1539E+0	2,1532E+0	-1,2264E-6
318,2254E+0	1,2240E-6	3,0000E+0	2,1541E+0	2,1537E+0	-1,2259E-6
318,7381E+0	1,2240E-6	3,0000E+0	2,1538E+0	2,1532E+0	-1,2232E-6
319,2508E+0	1,2247E-6	3,0000E+0	2,1537E+0	2,1532E+0	-1,2250E-6
319,7635E+0	1,2232E-6	3,0000E+0	2,1537E+0	2,1532E+0	-1,2270E-6
320,2762E+0	1,2259E-6	3,0000E+0	2,1533E+0	2,1532E+0	-1,2205E-6
320,7889E+0	1,2248E-6	3,0000E+0	2,1535E+0	2,1532E+0	-1,2249E-6
321,3016E+0	1,2248E-6	3,0000E+0	2,1536E+0	2,1531E+0	-1,2217E-6
321,8143E+0	1,2232E-6	3,0000E+0	2,1531E+0	2,1532E+0	-1,2254E-6
322,3270E+0	1,2227E-6	3,0000E+0	2,1537E+0	2,1528E+0	-1,2275E-6
322,8397E+0	1,2260E-6	3,0000E+0	2,1530E+0	2,1527E+0	-1,2201E-6
323,3524E+0	1,2264E-6	3,0000E+0	2,1532E+0	2,1526E+0	-1,2225E-6
323,8651E+0	1,2256E-6	3,0000E+0	2,1527E+0	2,1526E+0	-1,2260E-6
324,3777E+0	1,2275E-6	3,0000E+0	2,1531E+0	2,1527E+0	-1,2236E-6
324,8904E+0	1,2261E-6	3,0000E+0	2,1532E+0	2,1527E+0	-1,2284E-6
325,4031E+0	1,2255E-6	3,0000E+0	2,1531E+0	2,1527E+0	-1,2309E-6
325,9158E+0	1,2283E-6	3,0000E+0	2,1524E+0	2,1526E+0	-1,2221E-6
326,4285E+0	1,2281E-6	3,0000E+0	2,1528E+0	2,1525E+0	-1,2284E-6
326,9412E+0	1,2279E-6	3,0000E+0	2,1530E+0	2,1524E+0	-1,2275E-6
327,4539E+0	1,2293E-6	3,0000E+0	2,1527E+0	2,1523E+0	-1,2246E-6
327,9665E+0	1,2272E-6	3,0000E+0	2,1530E+0	2,1526E+0	-1,2334E-6
328,4792E+0	1,2281E-6	3,0000E+0	2,1522E+0	2,1525E+0	-1,2297E-6
328,9919E+0	1,2285E-6	3,0000E+0	2,1527E+0	2,1524E+0	-1,2291E-6
329,5046E+0	1,2285E-6	3,0000E+0	2,1528E+0	2,1521E+0	-1,2339E-6
330,0173E+0	1,2300E-6	3,0000E+0	2,1526E+0	2,1521E+0	-1,2296E-6
330,5300E+0	1,2302E-6	3,0000E+0	2,1521E+0	2,1523E+0	-1,2309E-6
331,0427E+0	1,2291E-6	3,0000E+0	2,1525E+0	2,1524E+0	-1,2355E-6
331,5554E+0	1,2325E-6	3,0000E+0	2,1523E+0	2,1521E+0	-1,2264E-6
332,0681E+0	1,2315E-6	3,0000E+0	2,1519E+0	2,1518E+0	-1,2319E-6
332,5808E+0	1,2307E-6	3,0000E+0	2,1525E+0	2,1522E+0	-1,2347E-6
333,0935E+0	1,2335E-6	3,0000E+0	2,1518E+0	2,1519E+0	-1,2272E-6
333,6062E+0	1,2327E-6	3,0000E+0	2,1522E+0	2,1517E+0	-1,2321E-6
334,1189E+0	1,2322E-6	3,0000E+0	2,1521E+0	2,1518E+0	-1,2318E-6
334,6316E+0	1,2330E-6	3,0000E+0	2,1518E+0	2,1515E+0	-1,2301E-6
335,1442E+0	1,2324E-6	3,0000E+0	2,1518E+0	2,1514E+0	-1,2327E-6
335,6569E+0	1,2343E-6	3,0000E+0	2,1518E+0	2,1513E+0	-1,2299E-6
336,1696E+0	1,2360E-6	3,0000E+0	2,1518E+0	2,1512E+0	-1,2302E-6
336,6823E+0	1,2364E-6	3,0000E+0	2,1518E+0	2,1512E+0	-1,2360E-6
337,1950E+0	1,2378E-6	3,0000E+0	2,1518E+0	2,1515E+0	-1,2321E-6
337,7077E+0	1,2384E-6	3,0000E+0	2,1513E+0	2,1512E+0	-1,2345E-6
338,2204E+0	1,2387E-6	3,0000E+0	2,1514E+0	2,1512E+0	-1,2376E-6
338,7331E+0	1,2401E-6	3,0000E+0	2,1516E+0	2,1513E+0	-1,2342E-6
339,2457E+0	1,2404E-6	3,0000E+0	2,1514E+0	2,1511E+0	-1,2383E-6
339,7584E+0	1,2410E-6	3,0000E+0	2,1513E+0	2,1510E+0	-1,2411E-6
340,2711E+0	1,2416E-6	3,0000E+0	2,1514E+0	2,1511E+0	-1,2405E-6
340,7838E+0	1,2415E-6	3,0000E+0	2,1508E+0	2,1507E+0	-1,2441E-6
341,2964E+0	1,2442E-6	3,0000E+0	2,1513E+0	2,1508E+0	-1,2437E-6
341,8091E+0	1,2451E-6	3,0000E+0	2,1513E+0	2,1506E+0	-1,2401E-6
342,3218E+0	1,2434E-6	3,0000E+0	2,1513E+0	2,1507E+0	-1,2480E-6
342,8345E+0	1,2458E-6	3,0000E+0	2,1512E+0	2,1507E+0	-1,2426E-6
343,3472E+0	1,2464E-6	3,0000E+0	2,1508E+0	2,1507E+0	-1,2423E-6
343,8599E+0	1,2461E-6	3,0000E+0	2,1513E+0	2,1506E+0	-1,2491E-6
344,3726E+0	1,2479E-6	3,0000E+0	2,1511E+0	2,1504E+0	-1,2444E-6
344,8853E+0	1,2488E-6	3,0000E+0	2,1503E+0	2,1504E+0	-1,2449E-6
345,3980E+0	1,2493E-6	3,0000E+0	2,1509E+0	2,1503E+0	-1,2496E-6
345,9107E+0	1,2500E-6	3,0000E+0	2,1510E+0	2,1507E+0	-1,2474E-6
346,4234E+0	1,2499E-6	3,0000E+0	2,1505E+0	2,1500E+0	-1,2515E-6
346,9361E+0	1,2509E-6	3,0000E+0	2,1499E+0	2,1501E+0	-1,2513E-6
347,4488E+0	1,2516E-6	3,0000E+0	2,1505E+0	2,1503E+0	-1,2491E-6
347,9615E+0	1,2510E-6	3,0000E+0	2,1507E+0	2,1499E+0	-1,2543E-6
348,4741E+0	1,2517E-6	3,0000E+0	2,1507E+0	2,1499E+0	-1,2552E-6
348,9868E+0	1,2527E-6	3,0000E+0	2,1503E+0	2,1499E+0	-1,2529E-6
349,4995E+0	1,2534E-6	3,0000E+0	2,1507E+0	2,1497E+0	-1,2558E-6
350,0121E+0	1,2534E-6	3,0000E+0	2,1503E+0	2,1497E+0	-1,2521E-6
350,5248E+0	1,2541E-6	3,0000E+0	2,1503E+0	2,1500E+0	-1,2523E-6
351,0375E+0	1,2535E-6	3,0000E+0	2,1503E+0	2,1499E+0	-1,2587E-6
351,5502E+0	1,2559E-6	3,0000E+0	2,1503E+0	2,1497E+0	-1,2519E-6
352,0629E+0	1,2568E-6	3,0000E+0	2,1498E+0	2,1486E+0	-1,2531E-6
352,5757E+0	1,2567E-6	3,0000E+0	2,1499E+0	2,1493E+0	-1,2575E-6
353,0883E+0	1,2566E-6	3,0000E+0	2,1504E+0	2,1496E+0	-1,2556E-6
353,6010E+0	1,2569E-6	3,0000E+0	2,1498E+0	2,1496E+0	-1,2570E-6
354,1137E+0	1,2568E-6	3,0000E+0	2,1498E+0	2,1492E+0	-1,2598E-6
354,6264E+0	1,2590E-6	3,0000E+0	2,1496E+0	2,1489E+0	-1,2532E-6
355,1391E+0	1,2568E-6	3,0000E+0	2,1499E+0	2,1495E+0	-1,2619E-6
355,6518E+0	1,2593E-6	3,0000E+0	2,1498E+0	2,1494E+0	-1,2585E-6
356,1645E+0	1,2601E-6	3,0000E+0	2,1494E+0	2,1488E+0	-1,2563E-6
356,6772E+0	1,2603E-6	3,0000E+0	2,1495E+0	2,1488E+0	-1,2609E-6
357,1899E+0	1,2622E-6	3,0000E+0	2,1491E+0	2,1488E+0	-1,2575E-6
357,7026E+0	1,2610E-6	3,0000E+0	2,1498E+0	2,1488E+0	-1,2615E-6
358,2153E+0	1,2621E-6	3,0000E+0	2,1493E+0	2,1484E+0	-1,2623E-6
358,7280E+0	1,2617E-6	3,0000E+0	2,1493E+0	2,1489E+0	-1,2616E-6
359,2407E+0	1,2638E-6	3,0000E+0	2,1488E+0	2,1487E+0	-1,2589E-6
359,7534E+0	1,2630E-6	3,0000E+0	2,1490E+0	2,1488E+0	-1,2642E-6
360,2661E+0	1,2630E-6	3,0000E+0	2,1493E+0	2,1487E+0	-1,2620E-6
360,7787E+0	1,2642E-6	3,0000E+0	2,1487E+0	2,1484E+0	-1,2618E-6
361,2914E+0	1,2645E-6	3,0000E+0	2,1490E+0	2,1483E+0	-1,2641E-6
361,8041E+0	1,2655E-6	3,0000E+0	2,1488E+0	2,1482E+0	-1,2592E-6
362,3168E+0	1,2639E-6	3,0000E+0	2,1488E+0	2,1485E+0	-1,2657E-6
362,8295E+0	1,2629E-6	3,0000E+0	2,1487E+0	2,1483E+0	-1,2684E-6
363,3422E+0	1,2660E-6	3,0000E+0	2,1489E+0	2,1483E+0	-1,2608E-6
363,8549E+0	1,2651E-6	3,0000E+0	2,1478E+0	2,1482E+0	-1,2650E-6
364,3676E+0	1,2637E-6	3,0000E+0	2,1484E+0	2,1483E+0	-1,2673E-6
364,8803E+0	1,2659E-6	3,0000E+0	2,1486E+0	2,1482E+0	-1,2627E-6
365,3929E+0	1,2651E-6	3,0000E+0	2,1480E+0	2,1479E+0	-1,2672E-6
365,9057E+0	1,2658E-6	3,0000E+0	2,1485E+0	2,1479E+0	-1,2639E-6
366,4183E+0	1,2670E-6	3,0000E+0	2,1481E+0	2,1477E+0	-1,2634E-6
366,9310E+0	1,2665E-6	3,0000E+0	2,1476E+0	2,1477E+0	-1,2647E-6
367,4437E+0	1,2664E-6	3,0000E+0	2,1483E+0	2,1475E+0	-1,2616E-6
367,9564E+0	1,2653E-6	3,0000E+0	2,1475E+0	2,1477E+0	-1,2641E-6
368,4691E+0	1,2644E-6	3,0000E+0	2,1475E+0	2,1474E+0	-1,2682E-6
368,9818E+0	1,2648E-6	3,0000E+0	2,1483E+0	2,1477E+0	-1,2644E-6
369,4945E+0	1,2649E-6	3,0000E+0	2,1482E+0	2,1477E+0	-1,2669E-6
370,0072E+0	1,2636E-6	3,0000E+0	2,1483E+0	2,1477E+0	-1,2694E-6
370,5199E+0	1,2633E-6	3,0000E+0	2,1477E+0	2,1472E+0	-1,2639E-6
371,0326E+0	1,2625E-6	3,0000E+0	2,1480E+0	2,1474E+0	-1,2662E-6
371,5453E+0	1,2610E-6	3,0000E+0	2,1480E+0	2,1476E+0	-1,2676E-6
372,0579E+0	1,2621E-6	3,0000E+0	2,1476E+0	2,1472E+0	-1,2619E-6
372,5706E+0	1,2610E-6	3,0000E+0	2,1478E+0	2,1472E+0	-1,2649E-6
373,0833E+0	1,2608E-6	3,0000E+0	2,1471E+0	2,1473E+0	-1,2654E-6
373,5960E+0	1,2627E-6	3,0000E+0	2,1476E+0	2,1469E+0	-1,2580E-6
374,1087E+0	1,2621E-6	3,0000E+0	2,1474E+0	2,1471E+0	-1,2625E-6
374,6214E+0	1,2613E-6	3,0000E+0	2,1474E+0	2,1470E+0	-1,2618E-6
375,1341E+0	1,2613E-6	3,0000E+0	2,1474E+0	2,1468E+0	-1,2587E-6
375,6468E+0	1,2597E-6	3,0000E+0	2,1470E+0	2,1467E+0	-1,2632E-6
376,1595E+0	1,2607E-6	3,0000E+0	2,1466E+0	2,1467E+0	-1,2561E-6
376,6722E+0	1,2578E-6	3,0000E+0	2,1471E+0	2,1467E+0	-1,2604E-6
377,1849E+0	1,2589E-6	3,0000E+0	2,1469E+0	2,1464E+0	-1,2581E-6
377,6976E+0	1,2583E-6	3,0000E+0	2,1468E+0	2,1468E+0	-1,2560E-6
378,2103E+0	1,2575E-6	3,0000E+0	2,1468E+0	2,1466E+0	-1,2566E-6
378,7230E+0	1,2575E-6	3,0000E+0	2,1463E+0	2,1463E+0	-1,2563E-6
379,2357E+0	1,2553E-6	3,0000E+0	2,1466E+0	2,1464E+0	-1,2537E-6
379,7484E+0	1,2545E-6	3,0000E+0	2,1470E+0	2,1465E+0	-1,2582E-6
380,2611E+0	1,2551E-6	3,0000E+0	2,1464E+0	2,1462E+0	-1,2543E-6
380,7738E+0	1,2534E-6	3,0000E+0	2,1468E+0	2,1465E+0	-1,2542E-6
381,2865E+0	1,2538E-6	3,0000E+0	2,1459E+0	2,1461E+0	-1,2568E-6
381,7991E+0	1,2532E-6	3,0000E+0	2,1466E+0	2,1457E+0	-1,2550E-6
382,3119E+0	1,2529E-6	3,0000E+0	2,1464E+0	2,1461E+0	-1,2541E-6
382,8246E+0	1,2518E-6	3,0000E+0	2,1458E+0	2,1456E+0	-1,2576E-6
383,3373E+0	1,2528E-6	3,0000E+0	2,1467E+0	2,1462E+0	-1,2543E-6
383,8500E+0	1,2530E-6	3,0000E+0	2,1463E+0	2,1458E+0	-1,2514E-6
384,3627E+0	1,2517E-6	3,0000E+0	2,1462E+0	2,1457E+0	-1,2551E-6
384,8754E+0	1,2535E-6	3,0000E+0	2,1463E+0	2,1456E+0	-1,2497E-6
385,3881E+0	1,2531E-6	3,0000E+0	2,1458E+0	2,1453E+0	-1,2503E-6
385,9008E+0	1,2520E-6	3,0000E+0	2,1458E+0	2,1455E+0	-1,2541E-6
386,4135E+0	1,2512E-6	3,0000E+0	2,1462E+0	2,1452E+0	-1,2524E-6
386,9261E+0	1,2509E-6	3,0000E+0	2,1460E+0	2,1454E+0	-1,2542E-6
387,4388E+0	1,2514E-6	3,0000E+0	2,1458E+0	2,1456E+0	-1,2546E-6
387,9515E+0	1,2517E-6	3,0000E+0	2,1459E+0	2,1454E+0	-1,2502E-6
388,4641E+0	1,2507E-6	3,0000E+0	2,1453E+0	2,1449E+0	-1,2549E-6
388,9768E+0	1,2503E-6	3,0000E+0	2,1457E+0	2,1451E+0	-1,2553E-6
389,4895E+0	1,2523E-6	3,0000E+0	2,1458E+0	2,1452E+0	-1,2481E-6
390,0022E+0	1,2520E-6	3,0000E+0	2,1453E+0	2,1448E+0	-1,2507E-6
390,5149E+0	1,2496E-6	3,0000E+0	2,1454E+0	2,1451E+0	-1,2544E-6
391,0276E+0	1,2520E-6	3,0000E+0	2,1453E+0	2,1445E+0	-1,2454E-6
391,5403E+0	1,2485E-6	3,0000E+0	2,1454E+0	2,1450E+0	-1,2530E-6
392,0530E+0	1,2481E-6	3,0000E+0	2,1449E+0	2,1446E+0	-1,2491E-6
392,5657E+0	1,2469E-6	3,0000E+0	2,1450E+0	2,1447E+0	-1,2463E-6
393,0784E+0	1,2468E-6	3,0000E+0	2,1450E+0	2,1446E+0	-1,2466E-6
393,5911E+0	1,2444E-6	3,0000E+0	2,1451E+0	2,1446E+0	-1,2435E-6
394,1038E+0	1,2432E-6	3,0000E+0	2,1445E+0	2,1443E+0	-1,2415E-6
394,6165E+0	1,2434E-6	3,0000E+0	2,1442E+0	2,1439E+0	-1,2424E-6
395,1292E+0	1,2433E-6	3,0000E+0	2,1444E+0	2,1442E+0	-1,2383E-6
395,6419E+0	1,2423E-6	3,0000E+0	2,1447E+0	2,1442E+0	-1,2405E-6
396,1546E+0	1,2418E-6	3,0000E+0	2,1439E+0	2,1442E+0	-1,2419E-6
396,6672E+0	1,2413E-6	3,0000E+0	2,1445E+0	2,1440E+0	-1,2373E-6
397,1799E+0	1,2399E-6	3,0000E+0	2,1444E+0	2,1439E+0	-1,2417E-6
397,6926E+0	1,2383E-6	3,0000E+0	2,1444E+0	2,1437E+0	-1,2442E-6
398,2053E+0	1,2394E-6	3,0000E+0	2,1441E+0	2,1444E+0	-1,2374E-6
398,7180E+0	1,2391E-6	3,0000E+0	2,1442E+0	2,1439E+0	-1,2392E-6
399,2307E+0	1,2385E-6	3,0000E+0	2,1442E+0	2,1441E+0	-1,2392E-6
399,7434E+0	1,2384E-6	3,0000E+0	2,1435E+0	2,1437E+0	-1,2356E-6
400,2560E+0	1,2367E-6	3,0000E+0	2,1442E+0	2,1436E+0	-1,2400E-6
400,7687E+0	1,2356E-6	3,0000E+0	2,1441E+0	2,1438E+0	-1,2408E-6
401,2815E+0	1,2370E-6	3,0000E+0	2,1439E+0	2,1434E+0	-1,2315E-6
401,7942E+0	1,2343E-6	3,0000E+0	2,1438E+0	2,1437E+0	-1,2390E-6
402,3069E+0	1,2342E-6	3,0000E+0	2,1437E+0	2,1433E+0	-1,2361E-6
402,8195E+0	1,2334E-6	3,0000E+0	2,1437E+0	2,1432E+0	-1,2313E-6
403,3322E+0	1,2320E-6	3,0000E+0	2,1436E+0	2,1434E+0	-1,2364E-6
403,8449E+0	1,2317E-6	3,0000E+0	2,1436E+0	2,1434E+0	-1,2346E-6
404,3576E+0	1,2324E-6	3,0000E+0	2,1432E+0	2,1429E+0	-1,2279E-6
404,8703E+0	1,2302E-6	3,0000E+0	2,1434E+0	2,1427E+0	-1,2350E-6
405,3830E+0	1,2317E-6	3,0000E+0	2,1433E+0	2,1431E+0	-1,2312E-6
405,8956E+0	1,2328E-6	3,0000E+0	2,1430E+0	2,1427E+0	-1,2260E-6
406,4084E+0	1,2300E-6	3,0000E+0	2,1432E+0	2,1427E+0	-1,2351E-6
406,9211E+0	1,2293E-6	3,0000E+0	2,1433E+0	2,1429E+0	-1,2329E-6
407,4337E+0	1,2303E-6	3,0000E+0	2,1432E+0	2,1425E+0	-1,2294E-6
407,9464E+0	1,2291E-6	3,0000E+0	2,1430E+0	2,1428E+0	-1,2351E-6
408,4591E+0	1,2296E-6	3,0000E+0	2,1432E+0	2,1427E+0	-1,2313E-6
408,9718E+0	1,2299E-6	3,0000E+0	2,1429E+0	2,1422E+0	-1,2308E-6
409,4845E+0	1,2315E-6	3,0000E+0	2,1425E+0	2,1425E+0	-1,2307E-6
409,9972E+0	1,2311E-6	3,0000E+0	2,1427E+0	2,1422E+0	-1,2318E-6
410,5099E+0	1,2304E-6	3,0000E+0	2,1426E+0	2,1422E+0	-1,2287E-6
411,0226E+0	1,2315E-6	3,0000E+0	2,1423E+0	2,1419E+0	-1,2306E-6
411,5352E+0	1,2302E-6	3,0000E+0	2,1428E+0	2,1421E+0	-1,2304E-6
412,0479E+0	1,2312E-6	3,0000E+0	2,1425E+0	2,1421E+0	-1,2280E-6
412,5606E+0	1,2312E-6	3,0000E+0	2,1423E+0	2,1419E+0	-1,2305E-6
413,0733E+0	1,2306E-6	3,0000E+0	2,1424E+0	2,1417E+0	-1,2273E-6
413,5860E+0	1,2304E-6	3,0000E+0	2,1424E+0	2,1417E+0	-1,2281E-6
414,0987E+0	1,2304E-6	3,0000E+0	2,1420E+0	2,1414E+0	-1,2289E-6
414,6114E+0	1,2292E-6	3,0000E+0	2,1421E+0	2,1416E+0	-1,2279E-6
415,1241E+0	1,2288E-6	3,0000E+0	2,1423E+0	2,1417E+0	-1,2316E-6
415,6368E+0	1,2303E-6	3,0000E+0	2,1418E+0	2,1415E+0	-1,2281E-6
416,1495E+0	1,2300E-6	3,0000E+0	2,1420E+0	2,1417E+0	-1,2265E-6
416,6622E+0	1,2277E-6	3,0000E+0	2,1418E+0	2,1417E+0	-1,2318E-6
417,1749E+0	1,2268E-6	3,0000E+0	2,1420E+0	2,1417E+0	-1,2329E-6
417,6876E+0	1,2281E-6	3,0000E+0	2,1418E+0	2,1414E+0	-1,2275E-6
418,2003E+0	1,2265E-6	3,0000E+0	2,1416E+0	2,1412E+0	-1,2301E-6
418,7130E+0	1,2262E-6	3,0000E+0	2,1417E+0	2,1414E+0	-1,2309E-6
419,2256E+0	1,2272E-6	3,0000E+0	2,1407E+0	2,1408E+0	-1,2257E-6
419,7383E+0	1,2262E-6	3,0000E+0	2,1413E+0	2,1410E+0	-1,2289E-6
420,2510E+0	1,2259E-6	3,0000E+0	2,1415E+0	2,1411E+0	-1,2298E-6
420,7637E+0	1,2282E-6	3,0000E+0	2,1407E+0	2,1406E+0	-1,2210E-6
421,2765E+0	1,2257E-6	3,0000E+0	2,1417E+0	2,1405E+0	-1,2303E-6
421,7892E+0	1,2274E-6	3,0000E+0	2,1408E+0	2,1407E+0	-1,2239E-6
422,3018E+0	1,2256E-6	3,0000E+0	2,1407E+0	2,1407E+0	-1,2258E-6
422,8145E+0	1,2259E-6	3,0000E+0	2,1407E+0	2,1404E+0	-1,2280E-6
423,3272E+0	1,2249E-6	3,0000E+0	2,1412E+0	2,1405E+0	-1,2272E-6
423,8399E+0	1,2246E-6	3,0000E+0	2,1408E+0	2,1406E+0	-1,2257E-6
424,3526E+0	1,2261E-6	3,0000E+0	2,1406E+0	2,1402E+0	-1,2260E-6
424,8654E+0	1,2243E-6	3,0000E+0	2,1403E+0	2,1402E+0	-1,2272E-6
425,3780E+0	1,2245E-6	3,0000E+0	2,1407E+0	2,1402E+0	-1,2243E-6
425,8907E+0	1,2236E-6	3,0000E+0	2,1401E+0	2,1402E+0	-1,2281E-6
426,4034E+0	1,2226E-6	3,0000E+0	2,1406E+0	2,1402E+0	-1,2250E-6
426,9161E+0	1,2224E-6	3,0000E+0	2,1406E+0	2,1398E+0	-1,2246E-6
427,4288E+0	1,2235E-6	3,0000E+0	2,1405E+0	2,1398E+0	-1,2239E-6
427,9415E+0	1,2236E-6	3,0000E+0	2,1400E+0	2,1397E+0	-1,2193E-6
428,4542E+0	1,2232E-6	3,0000E+0	2,1401E+0	2,1395E+0	-1,2190E-6
428,9669E+0	1,2225E-6	3,0000E+0	2,1397E+0	2,1394E+0	-1,2213E-6
429,4796E+0	1,2214E-6	3,0000E+0	2,1395E+0	2,1397E+0	-1,2179E-6
429,9922E+0	1,2207E-6	3,0000E+0	2,1398E+0	2,1397E+0	-1,2167E-6
430,5050E+0	1,2187E-6	3,0000E+0	2,1399E+0	2,1392E+0	-1,2201E-6
431,0177E+0	1,2195E-6	3,0000E+0	2,1393E+0	2,1394E+0	-1,2153E-6
431,5303E+0	1,2188E-6	3,0000E+0	2,1397E+0	2,1390E+0	-1,2152E-6
432,0430E+0	1,2154E-6	3,0000E+0	2,1392E+0	2,1394E+0	-1,2211E-6
432,5557E+0	1,2168E-6	3,0000E+0	2,1399E+0	2,1392E+0	-1,2125E-6
433,0684E+0	1,2164E-6	3,0000E+0	2,1394E+0	2,1391E+0	-1,2138E-6
433,5811E+0	1,2144E-6	3,0000E+0	2,1393E+0	2,1388E+0	-1,2200E-6
434,0938E+0	1,2167E-6	3,0000E+0	2,1390E+0	2,1391E+0	-1,2114E-6
434,6065E+0	1,2155E-6	3,0000E+0	2,1387E+0	2,1386E+0	-1,2135E-6
435,1191E+0	1,2150E-6	3,0000E+0	2,1392E+0	2,1387E+0	-1,2130E-6
435,6318E+0	1,2141E-6	3,0000E+0	2,1394E+0	2,1388E+0	-1,2096E-6
436,1445E+0	1,2128E-6	3,0000E+0	2,1396E+0	2,1388E+0	-1,2158E-6
436,6572E+0	1,2118E-6	3,0000E+0	2,1389E+0	2,1385E+0	-1,2158E-6
437,1698E+0	1,2126E-6	3,0000E+0	2,1389E+0	2,1387E+0	-1,2094E-6
437,6825E+0	1,2135E-6	3,0000E+0	2,1387E+0	2,1382E+0	-1,2120E-6
438,1952E+0	1,2113E-6	3,0000E+0	2,1389E+0	2,1384E+0	-1,2130E-6
438,7079E+0	1,2121E-6	3,0000E+0	2,1390E+0	2,1384E+0	-1,2088E-6
439,2206E+0	1,2115E-6	3,0000E+0	2,1387E+0	2,1382E+0	-1,2147E-6
439,7333E+0	1,2103E-6	3,0000E+0	2,1387E+0	2,1383E+0	-1,2140E-6
440,2460E+0	1,2115E-6	3,0000E+0	2,1381E+0	2,1383E+0	-1,2104E-6
440,7586E+0	1,2112E-6	3,0000E+0	2,1378E+0	2,1379E+0	-1,2121E-6
441,2713E+0	1,2101E-6	3,0000E+0	2,1385E+0	2,1382E+0	-1,2117E-6
441,7840E+0	1,2098E-6	3,0000E+0	2,1386E+0	2,1379E+0	-1,2100E-6
442,2967E+0	1,2109E-6	3,0000E+0	2,1380E+0	2,1377E+0	-1,2106E-6
442,8094E+0	1,2092E-6	3,0000E+0	2,1384E+0	2,1380E+0	-1,2109E-6
443,3220E+0	1,2099E-6	3,0000E+0	2,1381E+0	2,1378E+0	-1,2075E-6
443,8347E+0	1,2080E-6	3,0000E+0	2,1382E+0	2,1379E+0	-1,2143E-6
444,3474E+0	1,2082E-6	3,0000E+0	2,1382E+0	2,1376E+0	-1,2106E-6
444,8600E+0	1,2087E-6	3,0000E+0	2,1383E+0	2,1373E+0	-1,2083E-6
445,3727E+0	1,2071E-6	3,0000E+0	2,1379E+0	2,1374E+0	-1,2133E-6
445,8854E+0	1,2088E-6	3,0000E+0	2,1382E+0	2,1374E+0	-1,2071E-6
446,3981E+0	1,2090E-6	3,0000E+0	2,1375E+0	2,1371E+0	-1,2032E-6
446,9108E+0	1,2064E-6	3,0000E+0	2,1380E+0	2,1373E+0	-1,2097E-6
447,4235E+0	1,2056E-6	3,0000E+0	2,1376E+0	2,1371E+0	-1,2048E-6
447,9362E+0	1,2075E-6	3,0000E+0	2,1374E+0	2,1371E+0	-1,2023E-6
448,4489E+0	1,2040E-6	3,0000E+0	2,1377E+0	2,1372E+0	-1,2102E-6
448,9616E+0	1,2045E-6	3,0000E+0	2,1372E+0	2,1369E+0	-1,2024E-6
449,4743E+0	1,2047E-6	3,0000E+0	2,1366E+0	2,1367E+0	-1,2000E-6
449,9870E+0	1,2015E-6	3,0000E+0	2,1373E+0	2,1367E+0	-1,2072E-6
450,4997E+0	1,2016E-6	3,0000E+0	2,1371E+0	2,1368E+0	-1,2019E-6
451,0124E+0	1,2029E-6	3,0000E+0	2,1369E+0	2,1364E+0	-1,1983E-6
451,5251E+0	1,2022E-6	3,0000E+0	2,1372E+0	2,1368E+0	-1,2040E-6
452,0378E+0	1,2020E-6	3,0000E+0	2,1362E+0	2,1362E+0	-1,1987E-6
452,5505E+0	1,2019E-6	3,0000E+0	2,1369E+0	2,1366E+0	-1,2001E-6
453,0632E+0	1,2012E-6	3,0000E+0	2,1363E+0	2,1362E+0	-1,2029E-6
453,5758E+0	1,2014E-6	3,0000E+0	2,1363E+0	2,1363E+0	-1,2002E-6
454,0885E+0	1,2025E-6	3,0000E+0	2,1363E+0	2,1359E+0	-1,1981E-6
454,6013E+0	1,2009E-6	3,0000E+0	2,1367E+0	2,1362E+0	-1,2060E-6
455,1140E+0	1,2021E-6	3,0000E+0	2,1364E+0	2,1361E+0	-1,1984E-6
455,6266E+0	1,2019E-6	3,0000E+0	2,1364E+0	2,1358E+0	-1,1985E-6
456,1393E+0	1,2012E-6	3,0000E+0	2,1362E+0	2,1357E+0	-1,2005E-6
456,6520E+0	1,2002E-6	3,0000E+0	2,1361E+0	2,1357E+0	-1,1985E-6
457,1647E+0	1,2011E-6	3,0000E+0	2,1357E+0	2,1354E+0	-1,1976E-6
457,6773E+0	1,1990E-6	3,0000E+0	2,1362E+0	2,1360E+0	-1,2016E-6
458,1901E+0	1,2002E-6	3,0000E+0	2,1362E+0	2,1358E+0	-1,1982E-6
458,7027E+0	1,1997E-6	3,0000E+0	2,1360E+0	2,1356E+0	-1,2014E-6
459,2154E+0	1,2006E-6	3,0000E+0	2,1358E+0	2,1352E+0	-1,1993E-6
459,7281E+0	1,2001E-6	3,0000E+0	2,1357E+0	2,1356E+0	-1,1973E-6
460,2408E+0	1,1990E-6	3,0000E+0	2,1360E+0	2,1356E+0	-1,2025E-6
460,7535E+0	1,1994E-6	3,0000E+0	2,1350E+0	2,1349E+0	-1,2005E-6
461,2661E+0	1,1998E-6	3,0000E+0	2,1351E+0	2,1354E+0	-1,1978E-6
461,7789E+0	1,1985E-6	3,0000E+0	2,1360E+0	2,1353E+0	-1,2024E-6
462,2915E+0	1,1997E-6	3,0000E+0	2,1347E+0	2,1351E+0	-1,1979E-6
462,8042E+0	1,1990E-6	3,0000E+0	2,1355E+0	2,1351E+0	-1,1976E-6
463,3169E+0	1,1993E-6	3,0000E+0	2,1351E+0	2,1345E+0	-1,2009E-6
463,8296E+0	1,1995E-6	3,0000E+0	2,1352E+0	2,1349E+0	-1,1977E-6
464,3423E+0	1,2002E-6	3,0000E+0	2,1353E+0	2,1347E+0	-1,1942E-6
464,8549E+0	1,1973E-6	3,0000E+0	2,1349E+0	2,1346E+0	-1,2019E-6
465,3676E+0	1,1985E-6	3,0000E+0	2,1344E+0	2,1344E+0	-1,1987E-6
465,8803E+0	1,1997E-6	3,0000E+0	2,1346E+0	2,1344E+0	-1,1933E-6
466,3930E+0	1,1966E-6	3,0000E+0	2,1346E+0	2,1345E+0	-1,2019E-6
466,9057E+0	1,1984E-6	3,0000E+0	2,1350E+0	2,1341E+0	-1,1966E-6
467,4184E+0	1,1974E-6	3,0000E+0	2,1350E+0	2,1345E+0	-1,1953E-6
467,9311E+0	1,1969E-6	3,0000E+0	2,1347E+0	2,1344E+0	-1,1997E-6
468,4438E+0	1,1969E-6	3,0000E+0	2,1350E+0	2,1342E+0	-1,1960E-6
468,9565E+0	1,1964E-6	3,0000E+0	2,1343E+0	2,1341E+0	-1,1950E-6
469,4692E+0	1,1971E-6	3,0000E+0	2,1337E+0	2,1339E+0	-1,1960E-6
469,9818E+0	1,1959E-6	3,0000E+0	2,1343E+0	2,1338E+0	-1,1946E-6
470,4945E+0	1,1959E-6	3,0000E+0	2,1345E+0	2,1337E+0	-1,1941E-6
471,0072E+0	1,1948E-6	3,0000E+0	2,1345E+0	2,1338E+0	-1,1968E-6
471,5199E+0	1,1954E-6	3,0000E+0	2,1344E+0	2,1341E+0	-1,1921E-6
472,0326E+0	1,1940E-6	3,0000E+0	2,1343E+0	2,1336E+0	-1,1929E-6
472,5453E+0	1,1915E-6	3,0000E+0	2,1344E+0	2,1339E+0	-1,1973E-6
473,0580E+0	1,1922E-6	3,0000E+0	2,1346E+0	2,1336E+0	-1,1918E-6
473,5707E+0	1,1921E-6	3,0000E+0	2,1341E+0	2,1332E+0	-1,1910E-6
474,0834E+0	1,1897E-6	3,0000E+0	2,1332E+0	2,1335E+0	-1,1961E-6
474,5960E+0	1,1911E-6	3,0000E+0	2,1337E+0	2,1331E+0	-1,1892E-6
475,1087E+0	1,1912E-6	3,0000E+0	2,1332E+0	2,1331E+0	-1,1877E-6
475,6215E+0	1,1909E-6	3,0000E+0	2,1335E+0	2,1328E+0	-1,1901E-6
476,1341E+0	1,1899E-6	3,0000E+0	2,1335E+0	2,1330E+0	-1,1900E-6
476,6468E+0	1,1907E-6	3,0000E+0	2,1327E+0	2,1328E+0	-1,1895E-6
477,1595E+0	1,1906E-6	3,0000E+0	2,1332E+0	2,1330E+0	-1,1901E-6
477,6722E+0	1,1905E-6	3,0000E+0	2,1330E+0	2,1327E+0	-1,1864E-6
478,1848E+0	1,1897E-6	3,0000E+0	2,1333E+0	2,1329E+0	-1,1920E-6
478,6976E+0	1,1912E-6	3,0000E+0	2,1329E+0	2,1326E+0	-1,1890E-6
479,2102E+0	1,1900E-6	3,0000E+0	2,1329E+0	2,1325E+0	-1,1876E-6
479,7229E+0	1,1904E-6	3,0000E+0	2,1330E+0	2,1327E+0	-1,1908E-6
480,2356E+0	1,1895E-6	3,0000E+0	2,1329E+0	2,1326E+0	-1,1929E-6
480,7483E+0	1,1911E-6	3,0000E+0	2,1324E+0	2,1324E+0	-1,1901E-6
481,2610E+0	1,1905E-6	3,0000E+0	2,1326E+0	2,1322E+0	-1,1915E-6
481,7737E+0	1,1907E-6	3,0000E+0	2,1327E+0	2,1323E+0	-1,1894E-6
482,2864E+0	1,1896E-6	3,0000E+0	2,1328E+0	2,1323E+0	-1,1893E-6
482,7991E+0	1,1884E-6	3,0000E+0	2,1323E+0	2,1319E+0	-1,1917E-6
483,3118E+0	1,1893E-6	3,0000E+0	2,1329E+0	2,1323E+0	-1,1889E-6
483,8244E+0	1,1897E-6	3,0000E+0	2,1326E+0	2,1319E+0	-1,1846E-6
484,3371E+0	1,1877E-6	3,0000E+0	2,1324E+0	2,1318E+0	-1,1926E-6
484,8498E+0	1,1881E-6	3,0000E+0	2,1316E+0	2,1320E+0	-1,1907E-6
485,3625E+0	1,1903E-6	3,0000E+0	2,1313E+0	2,1317E+0	-1,1856E-6
485,8752E+0	1,1900E-6	3,0000E+0	2,1319E+0	2,1315E+0	-1,1894E-6
486,3878E+0	1,1907E-6	3,0000E+0	2,1318E+0	2,1315E+0	-1,1859E-6
486,9005E+0	1,1903E-6	3,0000E+0	2,1321E+0	2,1317E+0	-1,1896E-6
487,4132E+0	1,1895E-6	3,0000E+0	2,1322E+0	2,1314E+0	-1,1952E-6
487,9259E+0	1,1902E-6	3,0000E+0	2,1319E+0	2,1314E+0	-1,1908E-6
488,4386E+0	1,1926E-6	3,0000E+0	2,1312E+0	2,1313E+0	-1,1889E-6
488,9513E+0	1,1917E-6	3,0000E+0	2,1317E+0	2,1313E+0	-1,1931E-6
489,4640E+0	1,1912E-6	3,0000E+0	2,1317E+0	2,1315E+0	-1,1918E-6
489,9767E+0	1,1930E-6	3,0000E+0	2,1313E+0	2,1311E+0	-1,1895E-6
490,4893E+0	1,1909E-6	3,0000E+0	2,1312E+0	2,1309E+0	-1,1948E-6
491,0020E+0	1,1918E-6	3,0000E+0	2,1312E+0	2,1309E+0	-1,1912E-6
491,5147E+0	1,1934E-6	3,0000E+0	2,1311E+0	2,1307E+0	-1,1899E-6
492,0274E+0	1,1930E-6	3,0000E+0	2,1311E+0	2,1307E+0	-1,1919E-6
492,5401E+0	1,1922E-6	3,0000E+0	2,1311E+0	2,1307E+0	-1,1916E-6
493,0528E+0	1,1939E-6	3,0000E+0	2,1305E+0	2,1303E+0	-1,1915E-6
493,5655E+0	1,1910E-6	3,0000E+0	2,1309E+0	2,1305E+0	-1,1963E-6
494,0782E+0	1,1926E-6	3,0000E+0	2,1305E+0	2,1305E+0	-1,1913E-6
494,5909E+0	1,1939E-6	3,0000E+0	2,1306E+0	2,1304E+0	-1,1940E-6
495,1036E+0	1,1925E-6	3,0000E+0	2,1307E+0	2,1302E+0	-1,1948E-6
495,6163E+0	1,1938E-6	3,0000E+0	2,1306E+0	2,1301E+0	-1,1876E-6
496,1290E+0	1,1918E-6	3,0000E+0	2,1306E+0	2,1304E+0	-1,1954E-6
496,6417E+0	1,1911E-6	3,0000E+0	2,1306E+0	2,1302E+0	-1,1942E-6
497,1544E+0	1,1925E-6	3,0000E+0	2,1302E+0	2,1299E+0	-1,1882E-6
497,6671E+0	1,1923E-6	3,0000E+0	2,1304E+0	2,1298E+0	-1,1914E-6
498,1798E+0	1,1902E-6	3,0000E+0	2,1304E+0	2,1298E+0	-1,1938E-6
498,6925E+0	1,1914E-6	3,0000E+0	2,1301E+0	2,1298E+0	-1,1876E-6
499,2052E+0	1,1913E-6	3,0000E+0	2,1300E+0	2,1297E+0	-1,1920E-6
499,7179E+0	1,1901E-6	3,0000E+0	2,1303E+0	2,1298E+0	-1,1914E-6
500,2306E+0	1,1905E-6	3,0000E+0	2,1301E+0	2,1296E+0	-1,1895E-6
500,7433E+0	1,1885E-6	3,0000E+0	2,1302E+0	2,1297E+0	-1,1945E-6
501,2560E+0	1,1911E-6	3,0000E+0	2,1299E+0	2,1295E+0	-1,1868E-6
501,7687E+0	1,1897E-6	3,0000E+0	2,1301E+0	2,1296E+0	-1,1906E-6
502,2814E+0	1,1904E-6	3,0000E+0	2,1291E+0	2,1291E+0	-1,1908E-6
502,7941E+0	1,1888E-6	3,0000E+0	2,1300E+0	2,1294E+0	-1,1901E-6
503,3068E+0	1,1893E-6	3,0000E+0	2,1298E+0	2,1291E+0	-1,1900E-6
503,8195E+0	1,1886E-6	3,0000E+0	2,1287E+0	2,1291E+0	-1,1917E-6
504,3322E+0	1,1880E-6	3,0000E+0	2,1296E+0	2,1290E+0	-1,1864E-6
504,8448E+0	1,1871E-6	3,0000E+0	2,1292E+0	2,1290E+0	-1,1876E-6
505,3575E+0	1,1881E-6	3,0000E+0	2,1292E+0	2,1286E+0	-1,1867E-6
505,8702E+0	1,1872E-6	3,0000E+0	2,1295E+0	2,1289E+0	-1,1837E-6
506,3829E+0	1,1873E-6	3,0000E+0	2,1286E+0	2,1284E+0	-1,1842E-6
506,8956E+0	1,1867E-6	3,0000E+0	2,1286E+0	2,1288E+0	-1,1864E-6
507,4083E+0	1,1871E-6	3,0000E+0	2,1290E+0	2,1285E+0	-1,1809E-6
507,9210E+0	1,1864E-6	3,0000E+0	2,1281E+0	2,1281E+0	-1,1847E-6
508,4337E+0	1,1855E-6	3,0000E+0	2,1290E+0	2,1281E+0	-1,1852E-6
508,9464E+0	1,1862E-6	3,0000E+0	2,1289E+0	2,1284E+0	-1,1797E-6
509,4591E+0	1,1849E-6	3,0000E+0	2,1289E+0	2,1279E+0	-1,1834E-6
509,9718E+0	1,1837E-6	3,0000E+0	2,1281E+0	2,1280E+0	-1,1815E-6
510,4845E+0	1,1842E-6	3,0000E+0	2,1288E+0	2,1277E+0	-1,1761E-6
510,9972E+0	1,1825E-6	3,0000E+0	2,1280E+0	2,1281E+0	-1,1816E-6
511,5099E+0	1,1820E-6	3,0000E+0	2,1283E+0	2,1277E+0	-1,1786E-6
512,0226E+0	1,1825E-6	3,0000E+0	2,1284E+0	2,1278E+0	-1,1770E-6
512,5353E+0	1,1793E-6	3,0000E+0	2,1286E+0	2,1279E+0	-1,1845E-6
513,0480E+0	1,1787E-6	3,0000E+0	2,1286E+0	2,1277E+0	-1,1817E-6
513,5607E+0	1,1783E-6	3,0000E+0	2,1284E+0	2,1278E+0	-1,1799E-6
514,0734E+0	1,1787E-6	3,0000E+0	2,1280E+0	2,1273E+0	-1,1784E-6
514,5861E+0	1,1772E-6	3,0000E+0	2,1278E+0	2,1276E+0	-1,1781E-6
515,0987E+0	1,1787E-6	3,0000E+0	2,1276E+0	2,1272E+0	-1,1735E-6
515,6115E+0	1,1768E-6	3,0000E+0	2,1276E+0	2,1276E+0	-1,1818E-6
516,1241E+0	1,1769E-6	3,0000E+0	2,1278E+0	2,1272E+0	-1,1768E-6
