Time	Cur1	Volt1	Volt2	Volt3	Cur4
527,0107E-3	99,9310E-3	3,0000E+0	2,8356E+0	2,8358E+0	-99,9314E-3
1,0398E+0	21,4281E-3	3,0000E+0	2,9649E+0	2,9649E+0	-21,4285E-3
1,5526E+0	8,2541E-3	3,0000E+0	2,9864E+0	2,9870E+0	-8,2558E-3
2,1789E+0	2,0978E-3	3,0000E+0	2,9939E+0	2,9948E+0	-2,0977E-3
2,6915E+0	1,8540E-3	3,0000E+0	2,9971E+0	2,9975E+0	-1,8541E-3
3,2042E+0	1,5283E-3	3,0000E+0	2,9978E+0	2,9981E+0	-1,5283E-3
3,7169E+0	1,3294E-3	3,0000E+0	2,9975E+0	2,9982E+0	-1,3292E-3
4,2296E+0	1,1981E-3	3,0000E+0	2,9981E+0	2,9987E+0	-1,1984E-3
4,7423E+0	1,0802E-3	3,0000E+0	2,9984E+0	2,9983E+0	-1,0803E-3
5,2550E+0	997,2181E-6	3,0000E+0	2,9985E+0	2,9987E+0	-997,1508E-6
5,7677E+0	908,1459E-6	3,0000E+0	2,9981E+0	2,9990E+0	-907,9758E-6
6,2803E+0	800,0737E-6	3,0000E+0	2,9974E+0	2,9976E+0	-800,0581E-6
6,7930E+0	1,4929E-3	3,0000E+0	2,9972E+0	2,9975E+0	-1,4926E-3
7,3057E+0	734,4150E-6	3,0000E+0	2,9985E+0	2,9988E+0	-734,3325E-6
7,8184E+0	1,3148E-3	3,0000E+0	2,9979E+0	2,9986E+0	-1,3149E-3
8,3311E+0	571,9495E-6	3,0000E+0	2,9992E+0	2,9996E+0	-571,7837E-6
8,8438E+0	1,1346E-3	3,0000E+0	2,9986E+0	2,9987E+0	-1,1346E-3
9,3565E+0	573,9252E-6	3,0000E+0	2,9992E+0	2,9994E+0	-573,6747E-6
9,8692E+0	968,0458E-6	3,0000E+0	2,9986E+0	2,9989E+0	-968,1121E-6
10,3819E+0	570,8566E-6	3,0000E+0	2,9990E+0	2,9995E+0	-571,1113E-6
10,8946E+0	853,8786E-6	3,0000E+0	2,9988E+0	2,9991E+0	-853,8488E-6
11,4073E+0	547,9474E-6	3,0000E+0	2,9986E+0	2,9994E+0	-547,9981E-6
11,9200E+0	638,7852E-6	3,0000E+0	2,9986E+0	2,9989E+0	-638,6439E-6
12,4327E+0	400,3624E-6	3,0000E+0	2,9993E+0	2,9997E+0	-400,3677E-6
12,9454E+0	555,5138E-6	3,0000E+0	2,9993E+0	2,9997E+0	-555,3522E-6
13,4581E+0	447,8620E-6	3,0000E+0	2,9991E+0	2,9997E+0	-447,8548E-6
13,9708E+0	555,5138E-6	3,0000E+0	2,9987E+0	2,9997E+0	-555,4783E-6
14,4835E+0	470,7711E-6	3,0000E+0	2,9993E+0	2,9997E+0	-470,8840E-6
14,9962E+0	536,7661E-6	3,0000E+0	2,9991E+0	2,9996E+0	-536,6936E-6
15,5089E+0	463,5411E-6	3,0000E+0	2,9993E+0	2,9996E+0	-463,5298E-6
16,1352E+0	210,4245E-6	3,0000E+0	2,9983E+0	2,9988E+0	-210,4342E-6
16,6479E+0	357,9558E-6	3,0000E+0	2,9996E+0	3,0001E+0	-357,9721E-6
17,1607E+0	370,3700E-6	3,0000E+0	2,9998E+0	3,0005E+0	-370,3811E-6
17,6733E+0	405,7494E-6	3,0000E+0	2,9994E+0	3,0001E+0	-405,7586E-6
18,1860E+0	334,5952E-6	3,0000E+0	2,9993E+0	3,0003E+0	-334,5748E-6
18,6988E+0	409,3828E-6	3,0000E+0	2,9996E+0	3,0000E+0	-409,3695E-6
19,2115E+0	301,2806E-6	3,0000E+0	2,9997E+0	3,0001E+0	-301,2781E-6
19,7242E+0	391,4807E-6	3,0000E+0	2,9994E+0	2,9999E+0	-391,4874E-6
20,2369E+0	271,4438E-6	3,0000E+0	2,9999E+0	3,0001E+0	-271,4242E-6
20,7496E+0	376,2574E-6	3,0000E+0	2,9989E+0	2,9996E+0	-376,2998E-6
21,2622E+0	247,3935E-6	3,0000E+0	2,9997E+0	2,9999E+0	-247,4006E-6
21,7749E+0	393,9829E-6	3,0000E+0	2,9971E+0	2,9967E+0	-394,0053E-6
22,2876E+0	220,0421E-6	3,0000E+0	2,9991E+0	3,0002E+0	-220,1108E-6
22,9134E+0	501,2045E-6	3,0000E+0	2,9979E+0	2,9988E+0	-501,3094E-6
23,5397E+0	192,0640E-6	3,0000E+0	2,9983E+0	2,9986E+0	-192,1275E-6
24,0524E+0	488,4850E-6	3,0000E+0	3,0000E+0	3,0003E+0	-488,4811E-6
24,5651E+0	326,6051E-6	3,0000E+0	2,9996E+0	2,9993E+0	-326,6258E-6
25,0778E+0	450,5782E-6	3,0000E+0	3,0002E+0	3,0003E+0	-450,5984E-6
25,5905E+0	336,1302E-6	3,0000E+0	2,9995E+0	2,9999E+0	-336,1596E-6
26,1032E+0	398,5961E-6	3,0000E+0	3,0001E+0	3,0005E+0	-398,6124E-6
26,6159E+0	358,1367E-6	3,0000E+0	2,9996E+0	2,9998E+0	-358,1444E-6
27,1286E+0	349,4484E-6	3,0000E+0	2,9999E+0	3,0002E+0	-349,4261E-6
27,6413E+0	346,1052E-6	3,0000E+0	2,9995E+0	2,9995E+0	-346,0843E-6
28,1540E+0	280,5567E-6	3,0000E+0	2,9990E+0	2,9993E+0	-280,5796E-6
28,6667E+0	317,5973E-6	3,0000E+0	2,9991E+0	2,9997E+0	-317,5797E-6
29,1794E+0	250,0471E-6	3,0000E+0	3,0001E+0	3,0001E+0	-250,0405E-6
29,6921E+0	333,7541E-6	3,0000E+0	2,9996E+0	3,0003E+0	-333,7635E-6
30,2048E+0	235,2527E-6	3,0000E+0	2,9999E+0	3,0002E+0	-235,2438E-6
30,7175E+0	329,8012E-6	3,0000E+0	2,9996E+0	2,9999E+0	-329,7870E-6
31,2302E+0	221,9849E-6	3,0000E+0	2,9991E+0	3,0001E+0	-222,0109E-6
31,7429E+0	317,7024E-6	3,0000E+0	2,9995E+0	2,9998E+0	-317,7142E-6
32,2556E+0	177,7911E-6	3,0000E+0	2,9998E+0	3,0004E+0	-177,7806E-6
32,7683E+0	341,8242E-6	3,0000E+0	2,9981E+0	2,9986E+0	-341,8134E-6
33,2810E+0	187,0681E-6	3,0000E+0	2,9999E+0	3,0001E+0	-187,1210E-6
33,9068E+0	471,0653E-6	3,0000E+0	2,9985E+0	2,9985E+0	-470,9680E-6
34,5330E+0	165,8144E-6	3,0000E+0	2,9987E+0	2,9998E+0	-165,7919E-6
35,0457E+0	485,4194E-6	3,0000E+0	2,9991E+0	3,0004E+0	-485,4168E-6
35,5584E+0	317,2314E-6	3,0000E+0	2,9992E+0	2,9998E+0	-317,2140E-6
36,0711E+0	435,8806E-6	3,0000E+0	3,0000E+0	3,0003E+0	-435,9026E-6
36,5838E+0	307,8577E-6	3,0000E+0	2,9993E+0	3,0000E+0	-307,8610E-6
37,0964E+0	374,6846E-6	3,0000E+0	2,9995E+0	3,0000E+0	-374,6940E-6
37,6091E+0	305,3934E-6	3,0000E+0	2,9991E+0	2,9996E+0	-305,4103E-6
38,1219E+0	304,6280E-6	3,0000E+0	2,9999E+0	2,9997E+0	-304,6284E-6
38,6345E+0	292,2896E-6	3,0000E+0	2,9998E+0	3,0002E+0	-292,2866E-6
39,1472E+0	262,8902E-6	3,0000E+0	3,0000E+0	3,0005E+0	-262,9035E-6
39,6599E+0	314,6830E-6	3,0000E+0	2,9996E+0	3,0001E+0	-314,6792E-6
40,1727E+0	241,5145E-6	3,0000E+0	3,0000E+0	3,0005E+0	-241,5450E-6
40,6853E+0	317,9463E-6	3,0000E+0	2,9996E+0	3,0000E+0	-317,9580E-6
41,1980E+0	207,2999E-6	3,0000E+0	3,0000E+0	3,0001E+0	-207,3109E-6
41,7108E+0	311,7266E-6	3,0000E+0	2,9996E+0	3,0000E+0	-311,7325E-6
42,2234E+0	187,2700E-6	3,0000E+0	2,9998E+0	3,0001E+0	-187,2849E-6
42,7361E+0	293,6101E-6	3,0000E+0	2,9994E+0	2,9998E+0	-293,5982E-6
43,2488E+0	164,4602E-6	3,0000E+0	2,9999E+0	3,0002E+0	-164,4720E-6
43,7616E+0	303,3076E-6	3,0000E+0	2,9986E+0	2,9991E+0	-303,2832E-6
44,2742E+0	175,1166E-6	3,0000E+0	3,0000E+0	3,0003E+0	-175,1071E-6
44,7869E+0	479,7674E-6	3,0000E+0	2,9979E+0	2,9986E+0	-479,7713E-6
45,2996E+0	175,9114E-6	3,0000E+0	2,9999E+0	3,0001E+0	-175,9436E-6
45,9254E+0	514,9499E-6	3,0000E+0	2,9979E+0	2,9989E+0	-514,7571E-6
46,5517E+0	165,7765E-6	3,0000E+0	2,9994E+0	2,9996E+0	-165,7667E-6
47,0644E+0	429,4758E-6	3,0000E+0	2,9999E+0	3,0002E+0	-429,5089E-6
47,5771E+0	293,0718E-6	3,0000E+0	2,9996E+0	3,0000E+0	-293,0769E-6
48,0897E+0	336,8114E-6	3,0000E+0	3,0004E+0	3,0006E+0	-336,8112E-6
48,6024E+0	277,4238E-6	3,0000E+0	3,0000E+0	2,9998E+0	-277,4311E-6
49,1151E+0	296,3688E-6	3,0000E+0	2,9992E+0	3,0004E+0	-296,3641E-6
49,6278E+0	287,3988E-6	3,0000E+0	2,9997E+0	3,0001E+0	-287,4189E-6
50,1404E+0	262,4066E-6	3,0000E+0	3,0001E+0	3,0003E+0	-262,4032E-6
50,6531E+0	293,0676E-6	3,0000E+0	2,9996E+0	3,0000E+0	-293,0559E-6
51,1658E+0	231,6740E-6	3,0000E+0	2,9998E+0	3,0002E+0	-231,6581E-6
51,6785E+0	296,3940E-6	3,0000E+0	2,9996E+0	2,9998E+0	-296,3809E-6
52,1912E+0	193,1028E-6	3,0000E+0	2,9999E+0	3,0001E+0	-193,1195E-6
52,7039E+0	281,7679E-6	3,0000E+0	2,9993E+0	2,9994E+0	-281,7608E-6
53,2166E+0	158,7242E-6	3,0000E+0	3,0001E+0	3,0004E+0	-158,7173E-6
53,7293E+0	272,2765E-6	3,0000E+0	2,9997E+0	3,0002E+0	-272,2775E-6
54,2420E+0	161,2516E-6	3,0000E+0	3,0001E+0	3,0005E+0	-161,2521E-6
54,7547E+0	291,0028E-6	3,0000E+0	2,9983E+0	2,9991E+0	-291,0297E-6
55,2673E+0	161,9791E-6	3,0000E+0	3,0001E+0	3,0002E+0	-161,9961E-6
55,7800E+0	449,2072E-6	3,0000E+0	2,9981E+0	2,9984E+0	-449,1986E-6
56,2928E+0	163,0557E-6	3,0000E+0	2,9996E+0	3,0001E+0	-163,0554E-6
56,9186E+0	502,4235E-6	3,0000E+0	2,9983E+0	2,9986E+0	-502,3180E-6
57,5448E+0	142,4874E-6	3,0000E+0	2,9993E+0	2,9995E+0	-142,5334E-6
58,0575E+0	386,7034E-6	3,0000E+0	2,9995E+0	3,0006E+0	-386,7331E-6
58,5702E+0	267,7599E-6	3,0000E+0	2,9997E+0	3,0001E+0	-267,7334E-6
59,0829E+0	344,7763E-6	3,0000E+0	3,0002E+0	3,0006E+0	-344,7812E-6
59,5956E+0	279,2741E-6	3,0000E+0	2,9994E+0	3,0001E+0	-279,2807E-6
60,1083E+0	304,0814E-6	3,0000E+0	3,0003E+0	3,0002E+0	-304,0609E-6
60,6210E+0	288,1137E-6	3,0000E+0	2,9996E+0	3,0000E+0	-288,1125E-6
61,1337E+0	261,7800E-6	3,0000E+0	2,9998E+0	3,0001E+0	-261,7769E-6
61,6464E+0	288,5889E-6	3,0000E+0	2,9995E+0	2,9997E+0	-288,5664E-6
62,1590E+0	211,3076E-6	3,0000E+0	2,9996E+0	2,9996E+0	-211,3043E-6
62,6717E+0	264,1938E-6	3,0000E+0	2,9996E+0	3,0001E+0	-264,2192E-6
63,1844E+0	174,3302E-6	3,0000E+0	2,9996E+0	3,0004E+0	-174,3252E-6
63,6971E+0	282,2052E-6	3,0000E+0	2,9999E+0	3,0000E+0	-282,2148E-6
64,2098E+0	167,9297E-6	3,0000E+0	3,0001E+0	3,0004E+0	-167,9274E-6
64,7225E+0	277,4658E-6	3,0000E+0	2,9996E+0	3,0001E+0	-277,4816E-6
65,2352E+0	161,7899E-6	3,0000E+0	2,9998E+0	3,0000E+0	-161,7901E-6
65,7479E+0	273,7399E-6	3,0000E+0	2,9984E+0	2,9986E+0	-273,7319E-6
66,2606E+0	142,2057E-6	3,0000E+0	2,9986E+0	2,9993E+0	-142,2097E-6
66,7733E+0	418,8826E-6	3,0000E+0	2,9981E+0	2,9987E+0	-418,9537E-6
67,2860E+0	143,7532E-6	3,0000E+0	3,0000E+0	3,0003E+0	-143,7567E-6
67,9118E+0	465,5587E-6	3,0000E+0	2,9986E+0	2,9991E+0	-465,4209E-6
68,5381E+0	160,7343E-6	3,0000E+0	2,9995E+0	2,9998E+0	-160,7602E-6
69,0508E+0	418,5084E-6	3,0000E+0	3,0003E+0	3,0006E+0	-418,5417E-6
69,5635E+0	279,3120E-6	3,0000E+0	2,9997E+0	2,9998E+0	-279,2933E-6
70,0762E+0	356,9423E-6	3,0000E+0	2,9998E+0	3,0006E+0	-356,9296E-6
70,5889E+0	280,7165E-6	3,0000E+0	2,9991E+0	2,9999E+0	-280,7478E-6
71,1016E+0	305,3514E-6	3,0000E+0	2,9996E+0	3,0001E+0	-305,3304E-6
71,6143E+0	268,3781E-6	3,0000E+0	2,9991E+0	2,9999E+0	-268,4144E-6
72,1270E+0	234,8617E-6	3,0000E+0	3,0003E+0	3,0006E+0	-234,8865E-6
72,6397E+0	261,5319E-6	3,0000E+0	2,9997E+0	3,0003E+0	-261,5121E-6
73,1524E+0	206,0888E-6	3,0000E+0	3,0001E+0	3,0003E+0	-206,1255E-6
73,6652E+0	280,7334E-6	3,0000E+0	2,9994E+0	3,0001E+0	-280,7646E-6
74,1779E+0	189,7805E-6	3,0000E+0	2,9999E+0	3,0004E+0	-189,7861E-6
74,6906E+0	278,4709E-6	3,0000E+0	2,9996E+0	3,0001E+0	-278,4652E-6
75,2033E+0	167,9927E-6	3,0000E+0	3,0002E+0	3,0004E+0	-167,9484E-6
75,7160E+0	261,0819E-6	3,0000E+0	2,9998E+0	2,9998E+0	-261,0875E-6
76,2287E+0	130,3508E-6	3,0000E+0	2,9984E+0	2,9990E+0	-130,3514E-6
76,7414E+0	256,9228E-6	3,0000E+0	2,9997E+0	3,0002E+0	-256,8797E-6
77,2541E+0	133,3829E-6	3,0000E+0	2,9999E+0	3,0005E+0	-133,3780E-6
77,7668E+0	416,0062E-6	3,0000E+0	2,9977E+0	2,9986E+0	-415,9691E-6
78,4030E+0	-195,0912E-9	3,0000E+0	2,9971E+0	2,9973E+0	198,1448E-9
78,9157E+0	-182,3862E-9	3,0000E+0	2,9907E+0	2,9908E+0	183,4010E-9
79,4284E+0	-176,4229E-9	3,0000E+0	2,9868E+0	2,9870E+0	173,5957E-9
79,9411E+0	-164,0252E-9	3,0000E+0	2,9810E+0	2,9815E+0	166,4362E-9
80,4538E+0	-157,5948E-9	3,0000E+0	2,9772E+0	2,9775E+0	158,2545E-9
80,9665E+0	-147,1413E-9	3,0000E+0	2,9714E+0	2,9720E+0	144,6717E-9
81,4792E+0	-140,2733E-9	3,0000E+0	2,9677E+0	2,9688E+0	142,9849E-9
81,9919E+0	-129,6851E-9	3,0000E+0	2,9618E+0	2,9627E+0	128,9772E-9
82,5046E+0	-123,0443E-9	3,0000E+0	2,9597E+0	2,9597E+0	120,1814E-9
83,0173E+0	-113,5335E-9	3,0000E+0	2,9545E+0	2,9547E+0	116,5007E-9
83,5300E+0	-108,0794E-9	3,0000E+0	2,9513E+0	2,9516E+0	106,3420E-9
84,0427E+0	-97,3313E-9	3,0000E+0	2,9454E+0	2,9456E+0	96,2590E-9
84,5554E+0	-90,6148E-9	3,0000E+0	2,9424E+0	2,9426E+0	93,5963E-9
85,0682E+0	-80,4811E-9	3,0000E+0	2,9365E+0	2,9364E+0	78,6379E-9
85,5808E+0	-74,9514E-9	3,0000E+0	2,9336E+0	2,9340E+0	74,6207E-9
86,0935E+0	-61,9223E-9	3,0000E+0	2,9275E+0	2,9280E+0	64,5587E-9
86,6062E+0	-60,0412E-9	3,0000E+0	2,9249E+0	2,9252E+0	57,2352E-9
87,1189E+0	-49,4740E-9	3,0000E+0	2,9204E+0	2,9204E+0	50,3870E-9
87,6316E+0	-43,0774E-9	3,0000E+0	2,9160E+0	2,9167E+0	45,4233E-9
88,3856E+0	-31,8621E-9	3,0000E+0	2,9105E+0	2,9109E+0	29,5101E-9
89,1395E+0	-17,6968E-9	3,0000E+0	2,9034E+0	2,9034E+0	16,9116E-9
89,8935E+0	-4,3143E-9	3,0000E+0	2,8963E+0	2,8970E+0	7,6110E-9
90,6484E+0	-46,5763E-9	3,0000E+0	2,9009E+0	2,9012E+0	46,6831E-9
91,1610E+0	12,2440E-9	3,0000E+0	2,8882E+0	2,8887E+0	-15,0788E-9
91,6737E+0	20,0555E-9	3,0000E+0	2,8831E+0	2,8835E+0	-16,8173E-9
92,1864E+0	28,6339E-9	3,0000E+0	2,8765E+0	2,8769E+0	-29,8482E-9
92,6991E+0	32,2819E-9	3,0000E+0	2,8746E+0	2,8749E+0	-33,9766E-9
93,2118E+0	44,1879E-9	3,0000E+0	2,8698E+0	2,8702E+0	-40,9687E-9
93,8445E+0	30,6708E-9	3,0000E+0	2,8651E+0	2,8653E+0	-32,7820E-9
94,4772E+0	59,7106E-9	3,0000E+0	2,8614E+0	2,8616E+0	-59,9964E-9
94,9899E+0	71,3347E-9	3,0000E+0	2,8555E+0	2,8558E+0	-68,7117E-9
95,5026E+0	75,8253E-9	3,0000E+0	2,8523E+0	2,8524E+0	-78,3735E-9
96,0153E+0	86,0984E-9	3,0000E+0	2,8467E+0	2,8472E+0	-84,6071E-9
96,5280E+0	91,6032E-9	3,0000E+0	2,8440E+0	2,8443E+0	-89,8818E-9
97,0407E+0	100,5717E-9	3,0000E+0	2,8389E+0	2,8389E+0	-103,2240E-9
97,5534E+0	106,4806E-9	3,0000E+0	2,8354E+0	2,8359E+0	-104,2503E-9
98,0661E+0	114,8851E-9	3,0000E+0	2,8308E+0	2,8314E+0	-113,7942E-9
98,5788E+0	118,9254E-9	3,0000E+0	2,8287E+0	2,8292E+0	-122,2824E-9
99,0915E+0	129,6783E-9	3,0000E+0	2,8232E+0	2,8235E+0	-126,9345E-9
99,6041E+0	134,9769E-9	3,0000E+0	2,8191E+0	2,8202E+0	-135,5027E-9
100,1168E+0	143,7771E-9	3,0000E+0	2,8152E+0	2,8157E+0	-146,0898E-9
100,6295E+0	150,1615E-9	3,0000E+0	2,8112E+0	2,8123E+0	-147,1624E-9
101,1423E+0	159,2015E-9	3,0000E+0	2,8065E+0	2,8066E+0	-160,9336E-9
101,6550E+0	164,2687E-9	3,0000E+0	2,8035E+0	2,8037E+0	-165,1146E-9
102,1676E+0	177,2269E-9	3,0000E+0	2,7973E+0	2,7978E+0	-173,5860E-9
102,6804E+0	177,8035E-9	3,0000E+0	2,7965E+0	2,7966E+0	-180,3580E-9
103,1930E+0	187,2391E-9	3,0000E+0	2,7916E+0	2,7918E+0	-186,9492E-9
103,7057E+0	193,3584E-9	3,0000E+0	2,7883E+0	2,7885E+0	-191,0377E-9
104,2184E+0	201,3336E-9	3,0000E+0	2,7830E+0	2,7834E+0	-204,6407E-9
104,7311E+0	207,2636E-9	3,0000E+0	2,7801E+0	2,7803E+0	-205,8184E-9
105,2439E+0	216,7497E-9	3,0000E+0	2,7749E+0	2,7753E+0	-215,5558E-9
105,7565E+0	225,5793E-9	3,0000E+0	2,7696E+0	2,7700E+0	-228,1620E-9
106,2692E+0	230,9579E-9	3,0000E+0	2,7677E+0	2,7675E+0	-228,2461E-9
106,7819E+0	240,2589E-9	3,0000E+0	2,7619E+0	2,7623E+0	-240,1287E-9
107,2946E+0	244,0339E-9	3,0000E+0	2,7592E+0	2,7595E+0	-246,1647E-9
107,8073E+0	255,0226E-9	3,0000E+0	2,7530E+0	2,7535E+0	-251,2458E-9
108,3200E+0	259,1722E-9	3,0000E+0	2,7505E+0	2,7508E+0	-260,5416E-9
108,8327E+0	266,1837E-9	3,0000E+0	2,7458E+0	2,7469E+0	-267,6039E-9
109,3454E+0	271,7180E-9	3,0000E+0	2,7434E+0	2,7439E+0	-268,4704E-9
109,8581E+0	280,3667E-9	3,0000E+0	2,7380E+0	2,7384E+0	-282,5529E-9
110,3708E+0	284,5121E-9	3,0000E+0	2,7351E+0	2,7359E+0	-285,0472E-9
110,8835E+0	294,5959E-9	3,0000E+0	2,7295E+0	2,7303E+0	-292,1305E-9
111,3962E+0	298,1563E-9	3,0000E+0	2,7271E+0	2,7275E+0	-300,8416E-9
111,9089E+0	306,4262E-9	3,0000E+0	2,7230E+0	2,7231E+0	-304,6272E-9
112,4216E+0	311,2913E-9	3,0000E+0	2,7189E+0	2,7191E+0	-309,7462E-9
112,9343E+0	318,5343E-9	3,0000E+0	2,7145E+0	2,7151E+0	-322,0873E-9
113,4470E+0	323,4373E-9	3,0000E+0	2,7119E+0	2,7123E+0	-321,1577E-9
113,9597E+0	331,9807E-9	3,0000E+0	2,7065E+0	2,7068E+0	-331,4630E-9
114,4724E+0	334,9436E-9	3,0000E+0	2,7034E+0	2,7037E+0	-337,5873E-9
114,9851E+0	344,1814E-9	3,0000E+0	2,6987E+0	2,6992E+0	-341,0407E-9
115,4978E+0	347,5356E-9	3,0000E+0	2,6957E+0	2,6961E+0	-348,5951E-9
116,0105E+0	355,2332E-9	3,0000E+0	2,6908E+0	2,6911E+0	-357,2431E-9
116,5232E+0	360,1404E-9	3,0000E+0	2,6878E+0	2,6878E+0	-357,0790E-9
117,0359E+0	367,4170E-9	3,0000E+0	2,6828E+0	2,6828E+0	-369,1552E-9
117,5486E+0	369,2688E-9	3,0000E+0	2,6808E+0	2,6811E+0	-371,0186E-9
118,0613E+0	378,0689E-9	3,0000E+0	2,6749E+0	2,6753E+0	-375,0187E-9
118,5740E+0	380,9770E-9	3,0000E+0	2,6724E+0	2,6725E+0	-383,2040E-9
119,0867E+0	388,5694E-9	3,0000E+0	2,6670E+0	2,6678E+0	-388,8782E-9
119,5994E+0	392,8495E-9	3,0000E+0	2,6643E+0	2,6647E+0	-390,3925E-9
120,1121E+0	399,1413E-9	3,0000E+0	2,6599E+0	2,6601E+0	-402,7252E-9
120,6248E+0	403,2068E-9	3,0000E+0	2,6562E+0	2,6572E+0	-402,3298E-9
121,1375E+0	410,9800E-9	3,0000E+0	2,6519E+0	2,6522E+0	-409,4552E-9
121,6502E+0	413,8251E-9	3,0000E+0	2,6485E+0	2,6490E+0	-416,6563E-9
122,1629E+0	421,5268E-9	3,0000E+0	2,6435E+0	2,6434E+0	-419,4871E-9
122,6756E+0	424,4938E-9	3,0000E+0	2,6406E+0	2,6408E+0	-423,9373E-9
123,1883E+0	429,5651E-9	3,0000E+0	2,6370E+0	2,6369E+0	-432,0848E-9
123,7010E+0	433,3992E-9	3,0000E+0	2,6339E+0	2,6338E+0	-431,0206E-9
124,2137E+0	440,3055E-9	3,0000E+0	2,6288E+0	2,6288E+0	-440,7833E-9
124,7264E+0	444,9181E-9	3,0000E+0	2,6249E+0	2,6249E+0	-448,0012E-9
125,2391E+0	450,6964E-9	3,0000E+0	2,6207E+0	2,6208E+0	-447,0548E-9
125,7518E+0	457,0935E-9	3,0000E+0	2,6158E+0	2,6165E+0	-458,7060E-9
126,2645E+0	459,7365E-9	3,0000E+0	2,6128E+0	2,6132E+0	-460,7082E-9
126,7772E+0	467,3077E-9	3,0000E+0	2,6082E+0	2,6082E+0	-463,6231E-9
127,2899E+0	468,7050E-9	3,0000E+0	2,6050E+0	2,6058E+0	-471,3332E-9
127,8026E+0	474,1256E-9	3,0000E+0	2,6009E+0	2,6012E+0	-473,8780E-9
128,3152E+0	477,2231E-9	3,0000E+0	2,5976E+0	2,5983E+0	-474,6309E-9
128,8279E+0	483,1446E-9	3,0000E+0	2,5934E+0	2,5936E+0	-485,7017E-9
129,3406E+0	485,6572E-9	3,0000E+0	2,5908E+0	2,5910E+0	-484,8310E-9
129,8533E+0	492,4877E-9	3,0000E+0	2,5851E+0	2,5859E+0	-490,4842E-9
130,3660E+0	493,6829E-9	3,0000E+0	2,5831E+0	2,5834E+0	-496,9240E-9
131,1187E+0	506,4952E-9	3,0000E+0	2,5767E+0	2,5767E+0	-502,7157E-9
131,6313E+0	504,5592E-9	3,0000E+0	2,5743E+0	2,5745E+0	-504,3562E-9
132,1440E+0	510,7458E-9	3,0000E+0	2,5689E+0	2,5694E+0	-512,2218E-9
132,6567E+0	512,6818E-9	3,0000E+0	2,5661E+0	2,5665E+0	-512,8949E-9
133,1694E+0	523,3716E-9	3,0000E+0	2,5600E+0	2,5599E+0	-521,3914E-9
133,6821E+0	520,5098E-9	3,0000E+0	2,5589E+0	2,5595E+0	-521,2232E-9
134,1947E+0	527,2856E-9	3,0000E+0	2,5545E+0	2,5549E+0	-523,4525E-9
134,7075E+0	528,6744E-9	3,0000E+0	2,5517E+0	2,5516E+0	-531,6968E-9
135,2202E+0	536,1236E-9	3,0000E+0	2,5470E+0	2,5474E+0	-536,9967E-9
135,7328E+0	544,2882E-9	3,0000E+0	2,5416E+0	2,5417E+0	-541,3290E-9
136,2456E+0	546,0980E-9	3,0000E+0	2,5393E+0	2,5391E+0	-546,4186E-9
136,7583E+0	552,1583E-9	3,0000E+0	2,5338E+0	2,5341E+0	-555,9247E-9
137,2710E+0	554,9780E-9	3,0000E+0	2,5322E+0	2,5323E+0	-548,9844E-9
137,7836E+0	559,0604E-9	3,0000E+0	2,5277E+0	2,5278E+0	-564,2531E-9
138,2964E+0	562,7639E-9	3,0000E+0	2,5242E+0	2,5248E+0	-563,4539E-9
138,8090E+0	569,5818E-9	3,0000E+0	2,5194E+0	2,5198E+0	-567,0292E-9
139,3217E+0	572,8224E-9	3,0000E+0	2,5169E+0	2,5172E+0	-571,7401E-9
139,8345E+0	581,7867E-9	3,0000E+0	2,5107E+0	2,5107E+0	-581,7931E-9
140,3472E+0	580,8608E-9	3,0000E+0	2,5094E+0	2,5102E+0	-579,0170E-9
140,8599E+0	587,7208E-9	3,0000E+0	2,5051E+0	2,5056E+0	-587,1350E-9
141,3726E+0	590,6668E-9	3,0000E+0	2,5024E+0	2,5030E+0	-588,8596E-9
141,8853E+0	597,1060E-9	3,0000E+0	2,4976E+0	2,4979E+0	-599,2069E-9
142,3979E+0	602,1563E-9	3,0000E+0	2,4951E+0	2,4950E+0	-603,1187E-9
142,9106E+0	610,0684E-9	3,0000E+0	2,4905E+0	2,4902E+0	-604,5068E-9
143,4233E+0	612,0464E-9	3,0000E+0	2,4871E+0	2,4875E+0	-616,3264E-9
143,9360E+0	617,9806E-9	3,0000E+0	2,4832E+0	2,4834E+0	-621,6262E-9
144,4487E+0	622,8204E-9	3,0000E+0	2,4796E+0	2,4805E+0	-622,3413E-9
144,9614E+0	629,8067E-9	3,0000E+0	2,4756E+0	2,4759E+0	-633,7822E-9
145,4742E+0	634,3519E-9	3,0000E+0	2,4724E+0	2,4731E+0	-637,6940E-9
145,9868E+0	641,9274E-9	3,0000E+0	2,4682E+0	2,4684E+0	-642,1527E-9
146,4995E+0	646,5989E-9	3,0000E+0	2,4646E+0	2,4651E+0	-649,9762E-9
147,0122E+0	654,0060E-9	3,0000E+0	2,4604E+0	2,4608E+0	-655,4865E-9
147,5249E+0	660,4031E-9	3,0000E+0	2,4574E+0	2,4575E+0	-655,8229E-9
148,0376E+0	666,0426E-9	3,0000E+0	2,4535E+0	2,4535E+0	-664,6981E-9
148,5503E+0	670,7983E-9	3,0000E+0	2,4501E+0	2,4510E+0	-666,0862E-9
149,0630E+0	678,1212E-9	3,0000E+0	2,4461E+0	2,4466E+0	-673,9518E-9
149,5757E+0	681,8248E-9	3,0000E+0	2,4436E+0	2,4434E+0	-681,5231E-9
150,0884E+0	689,6948E-9	3,0000E+0	2,4386E+0	2,4389E+0	-684,0048E-9
150,6011E+0	692,1779E-9	3,0000E+0	2,4361E+0	2,4362E+0	-694,8148E-9
151,1138E+0	698,4066E-9	3,0000E+0	2,4315E+0	2,4317E+0	-703,9002E-9
151,6265E+0	703,5832E-9	3,0000E+0	2,4285E+0	2,4285E+0	-703,0590E-9
152,1392E+0	711,5794E-9	3,0000E+0	2,4238E+0	2,4240E+0	-710,0835E-9
152,6519E+0	715,2409E-9	3,0000E+0	2,4213E+0	2,4211E+0	-718,6221E-9
153,1646E+0	722,6901E-9	3,0000E+0	2,4164E+0	2,4166E+0	-721,1038E-9
153,6773E+0	726,9828E-9	3,0000E+0	2,4126E+0	2,4135E+0	-731,4091E-9
154,1900E+0	732,1594E-9	3,0000E+0	2,4095E+0	2,4102E+0	-736,3304E-9
154,7027E+0	739,5244E-9	3,0000E+0	2,4063E+0	2,4066E+0	-733,4701E-9
155,2154E+0	746,4265E-9	3,0000E+0	2,4019E+0	2,4024E+0	-745,8365E-9
155,7281E+0	754,0019E-9	3,0000E+0	2,3974E+0	2,3977E+0	-752,7348E-9
156,2408E+0	756,7375E-9	3,0000E+0	2,3947E+0	2,3948E+0	-755,9315E-9
156,7535E+0	765,3651E-9	3,0000E+0	2,3900E+0	2,3901E+0	-764,6384E-9
157,2662E+0	769,3212E-9	3,0000E+0	2,3874E+0	2,3876E+0	-764,7646E-9
157,7789E+0	778,4959E-9	3,0000E+0	2,3817E+0	2,3814E+0	-779,4023E-9
158,2916E+0	779,8006E-9	3,0000E+0	2,3803E+0	2,3804E+0	-777,9302E-9
158,8042E+0	788,4703E-9	3,0000E+0	2,3757E+0	2,3761E+0	-783,8189E-9
159,3170E+0	792,7630E-9	3,0000E+0	2,3730E+0	2,3735E+0	-792,4417E-9
159,8297E+0	800,4648E-9	3,0000E+0	2,3679E+0	2,3686E+0	-803,5041E-9
160,3423E+0	807,7877E-9	3,0000E+0	2,3659E+0	2,3660E+0	-805,1024E-9
160,8550E+0	816,0365E-9	3,0000E+0	2,3610E+0	2,3612E+0	-814,5665E-9
161,3677E+0	819,5717E-9	3,0000E+0	2,3580E+0	2,3587E+0	-824,8718E-9
161,8804E+0	828,8306E-9	3,0000E+0	2,3537E+0	2,3541E+0	-827,9844E-9
162,3931E+0	832,8288E-9	3,0000E+0	2,3518E+0	2,3519E+0	-834,9668E-9
162,9058E+0	841,7509E-9	3,0000E+0	2,3469E+0	2,3472E+0	-840,6031E-9
163,4185E+0	846,9696E-9	3,0000E+0	2,3439E+0	2,3444E+0	-842,8324E-9
163,9312E+0	855,8076E-9	3,0000E+0	2,3393E+0	2,3399E+0	-854,8623E-9
164,4439E+0	861,2367E-9	3,0000E+0	2,3362E+0	2,3370E+0	-856,7972E-9
164,9566E+0	869,5697E-9	3,0000E+0	2,3322E+0	2,3321E+0	-863,9898E-9
165,4693E+0	873,1891E-9	3,0000E+0	2,3292E+0	2,3294E+0	-875,2205E-9
165,9820E+0	882,9950E-9	3,0000E+0	2,3248E+0	2,3252E+0	-877,1975E-9
166,4947E+0	888,0032E-9	3,0000E+0	2,3217E+0	2,3221E+0	-885,9044E-9
167,0074E+0	893,8111E-9	3,0000E+0	2,3182E+0	2,3186E+0	-894,9898E-9
167,5201E+0	900,1240E-9	3,0000E+0	2,3149E+0	2,3158E+0	-899,1961E-9
168,0328E+0	909,1725E-9	3,0000E+0	2,3111E+0	2,3114E+0	-906,6412E-9
168,5455E+0	914,9803E-9	3,0000E+0	2,3073E+0	2,3081E+0	-913,8338E-9
169,0582E+0	923,3133E-9	3,0000E+0	2,3031E+0	2,3038E+0	-920,3534E-9
169,5709E+0	927,8165E-9	3,0000E+0	2,3003E+0	2,3002E+0	-931,6262E-9
170,0836E+0	936,1074E-9	3,0000E+0	2,2957E+0	2,2957E+0	-938,8189E-9
170,5963E+0	943,0516E-9	3,0000E+0	2,2927E+0	2,2930E+0	-939,4919E-9
171,1090E+0	949,0278E-9	3,0000E+0	2,2887E+0	2,2896E+0	-950,7225E-9
171,6217E+0	954,9198E-9	3,0000E+0	2,2861E+0	2,2861E+0	-954,1295E-9
172,1344E+0	962,8319E-9	3,0000E+0	2,2814E+0	2,2820E+0	-960,8175E-9
172,6471E+0	968,8082E-9	3,0000E+0	2,2785E+0	2,2785E+0	-968,1363E-9
173,1598E+0	975,7522E-9	3,0000E+0	2,2737E+0	2,2745E+0	-974,5719E-9
173,6725E+0	981,3076E-9	3,0000E+0	2,2708E+0	2,2715E+0	-980,3344E-9
174,1852E+0	989,3881E-9	3,0000E+0	2,2668E+0	2,2670E+0	-993,9206E-9
174,6979E+0	996,4585E-9	3,0000E+0	2,2626E+0	2,2628E+0	-999,3466E-9
175,2105E+0	1,0077E-6	3,0000E+0	2,2567E+0	2,2574E+0	-1,0042E-6
175,7232E+0	1,0180E-6	3,0000E+0	2,2504E+0	2,2509E+0	-1,0240E-6
176,2359E+0	1,0217E-6	3,0000E+0	2,2489E+0	2,2491E+0	-1,0181E-6
176,7486E+0	1,0295E-6	3,0000E+0	2,2433E+0	2,2434E+0	-1,0287E-6
177,2613E+0	1,0359E-6	3,0000E+0	2,2396E+0	2,2396E+0	-1,0365E-6
177,7740E+0	1,0456E-6	3,0000E+0	2,2346E+0	2,2345E+0	-1,0437E-6
178,2867E+0	1,0529E-6	3,0000E+0	2,2302E+0	2,2306E+0	-1,0539E-6
178,7994E+0	1,0646E-6	3,0000E+0	2,2247E+0	2,2254E+0	-1,0641E-6
179,3121E+0	1,0729E-6	3,0000E+0	2,2210E+0	2,2213E+0	-1,0712E-6
179,8248E+0	1,0895E-6	3,0000E+0	2,2139E+0	2,2138E+0	-1,0889E-6
180,3374E+0	1,0911E-6	3,0000E+0	2,2132E+0	2,2134E+0	-1,0921E-6
180,8502E+0	1,1019E-6	3,0000E+0	2,2080E+0	2,2079E+0	-1,1000E-6
181,3628E+0	1,1112E-6	3,0000E+0	2,2041E+0	2,2041E+0	-1,1110E-6
181,8755E+0	1,1142E-6	3,0000E+0	2,2023E+0	2,2034E+0	-1,1149E-6
182,3882E+0	1,1148E-6	3,0000E+0	2,2038E+0	2,2042E+0	-1,1125E-6
182,9010E+0	1,1147E-6	3,0000E+0	2,2044E+0	2,2046E+0	-1,1170E-6
183,4137E+0	1,1151E-6	3,0000E+0	2,2053E+0	2,2056E+0	-1,1168E-6
183,9263E+0	1,1164E-6	3,0000E+0	2,2055E+0	2,2057E+0	-1,1142E-6
184,4391E+0	1,1168E-6	3,0000E+0	2,2055E+0	2,2060E+0	-1,1174E-6
184,9518E+0	1,1183E-6	3,0000E+0	2,2063E+0	2,2068E+0	-1,1151E-6
185,4645E+0	1,1180E-6	3,0000E+0	2,2069E+0	2,2070E+0	-1,1153E-6
185,9772E+0	1,1168E-6	3,0000E+0	2,2072E+0	2,2073E+0	-1,1201E-6
186,4899E+0	1,1161E-6	3,0000E+0	2,2076E+0	2,2077E+0	-1,1156E-6
187,0026E+0	1,1140E-6	3,0000E+0	2,2072E+0	2,2079E+0	-1,1152E-6
187,5152E+0	1,1102E-6	3,0000E+0	2,2079E+0	2,2087E+0	-1,1130E-6
188,0280E+0	1,1071E-6	3,0000E+0	2,2083E+0	2,2084E+0	-1,1057E-6
188,5407E+0	1,1048E-6	3,0000E+0	2,2089E+0	2,2091E+0	-1,1031E-6
189,0534E+0	1,1025E-6	3,0000E+0	2,2089E+0	2,2093E+0	-1,1048E-6
189,5660E+0	1,1020E-6	3,0000E+0	2,2092E+0	2,2094E+0	-1,1012E-6
190,0787E+0	1,1008E-6	3,0000E+0	2,2098E+0	2,2094E+0	-1,1019E-6
190,5914E+0	1,0994E-6	3,0000E+0	2,2094E+0	2,2097E+0	-1,0997E-6
191,1041E+0	1,0976E-6	3,0000E+0	2,2101E+0	2,2105E+0	-1,0966E-6
191,6169E+0	1,0958E-6	3,0000E+0	2,2104E+0	2,2107E+0	-1,0992E-6
192,1296E+0	1,0952E-6	3,0000E+0	2,2103E+0	2,2107E+0	-1,0950E-6
192,6423E+0	1,0939E-6	3,0000E+0	2,2109E+0	2,2106E+0	-1,0870E-6
193,1549E+0	1,0912E-6	3,0000E+0	2,2105E+0	2,2107E+0	-1,0912E-6
193,6676E+0	1,0877E-6	3,0000E+0	2,2109E+0	2,2109E+0	-1,0918E-6
194,1804E+0	1,0870E-6	3,0000E+0	2,2108E+0	2,2113E+0	-1,0873E-6
194,6930E+0	1,0848E-6	3,0000E+0	2,2110E+0	2,2114E+0	-1,0902E-6
195,2057E+0	1,0837E-6	3,0000E+0	2,2114E+0	2,2118E+0	-1,0865E-6
195,7184E+0	1,0833E-6	3,0000E+0	2,2113E+0	2,2122E+0	-1,0824E-6
196,2311E+0	1,0808E-6	3,0000E+0	2,2118E+0	2,2121E+0	-1,0852E-6
196,7438E+0	1,0798E-6	3,0000E+0	2,2115E+0	2,2121E+0	-1,0793E-6
197,2565E+0	1,0795E-6	3,0000E+0	2,2116E+0	2,2119E+0	-1,0748E-6
197,7692E+0	1,0781E-6	3,0000E+0	2,2119E+0	2,2123E+0	-1,0776E-6
198,2819E+0	1,0774E-6	3,0000E+0	2,2122E+0	2,2123E+0	-1,0723E-6
198,7946E+0	1,0757E-6	3,0000E+0	2,2124E+0	2,2123E+0	-1,0741E-6
199,3073E+0	1,0729E-6	3,0000E+0	2,2123E+0	2,2128E+0	-1,0778E-6
199,8200E+0	1,0733E-6	3,0000E+0	2,2124E+0	2,2129E+0	-1,0700E-6
200,3327E+0	1,0715E-6	3,0000E+0	2,2123E+0	2,2128E+0	-1,0711E-6
200,8454E+0	1,0692E-6	3,0000E+0	2,2128E+0	2,2128E+0	-1,0718E-6
201,3581E+0	1,0695E-6	3,0000E+0	2,2129E+0	2,2129E+0	-1,0660E-6
201,8708E+0	1,0675E-6	3,0000E+0	2,2129E+0	2,2128E+0	-1,0672E-6
202,3835E+0	1,0652E-6	3,0000E+0	2,2126E+0	2,2131E+0	-1,0654E-6
202,8962E+0	1,0654E-6	3,0000E+0	2,2130E+0	2,2132E+0	-1,0590E-6
203,4089E+0	1,0609E-6	3,0000E+0	2,2132E+0	2,2135E+0	-1,0664E-6
203,9216E+0	1,0620E-6	3,0000E+0	2,2134E+0	2,2137E+0	-1,0592E-6
204,4343E+0	1,0593E-6	3,0000E+0	2,2129E+0	2,2134E+0	-1,0599E-6
204,9470E+0	1,0590E-6	3,0000E+0	2,2133E+0	2,2135E+0	-1,0591E-6
205,4597E+0	1,0579E-6	3,0000E+0	2,2130E+0	2,2136E+0	-1,0584E-6
205,9724E+0	1,0573E-6	3,0000E+0	2,2134E+0	2,2138E+0	-1,0547E-6
206,4851E+0	1,0553E-6	3,0000E+0	2,2136E+0	2,2137E+0	-1,0570E-6
206,9978E+0	1,0555E-6	3,0000E+0	2,2138E+0	2,2138E+0	-1,0530E-6
207,5105E+0	1,0529E-6	3,0000E+0	2,2139E+0	2,2142E+0	-1,0542E-6
208,0232E+0	1,0506E-6	3,0000E+0	2,2140E+0	2,2139E+0	-1,0566E-6
208,5359E+0	1,0502E-6	3,0000E+0	2,2139E+0	2,2143E+0	-1,0507E-6
209,0486E+0	1,0497E-6	3,0000E+0	2,2132E+0	2,2140E+0	-1,0495E-6
209,5613E+0	1,0487E-6	3,0000E+0	2,2136E+0	2,2139E+0	-1,0478E-6
210,0740E+0	1,0468E-6	3,0000E+0	2,2139E+0	2,2141E+0	-1,0439E-6
210,5867E+0	1,0469E-6	3,0000E+0	2,2139E+0	2,2143E+0	-1,0443E-6
211,0994E+0	1,0579E-6	3,0000E+0	2,2144E+0	2,2144E+0	-1,0633E-6
211,6121E+0	1,0707E-6	3,0000E+0	2,2143E+0	2,2144E+0	-1,0690E-6
212,1248E+0	1,0827E-6	3,0000E+0	2,2140E+0	2,2143E+0	-1,0811E-6
212,6375E+0	1,0895E-6	3,0000E+0	2,2147E+0	2,2143E+0	-1,0906E-6
213,1502E+0	1,0959E-6	3,0000E+0	2,2145E+0	2,2147E+0	-1,0942E-6
213,6629E+0	1,0964E-6	3,0000E+0	2,2145E+0	2,2147E+0	-1,1014E-6
214,1756E+0	1,1003E-6	3,0000E+0	2,2144E+0	2,2148E+0	-1,0971E-6
214,6883E+0	1,1018E-6	3,0000E+0	2,2144E+0	2,2147E+0	-1,0944E-6
215,2010E+0	1,1002E-6	3,0000E+0	2,2141E+0	2,2147E+0	-1,1009E-6
215,7137E+0	1,0996E-6	3,0000E+0	2,2148E+0	2,2148E+0	-1,1003E-6
216,2263E+0	1,1006E-6	3,0000E+0	2,2139E+0	2,2147E+0	-1,0945E-6
216,7390E+0	1,0984E-6	3,0000E+0	2,2149E+0	2,2148E+0	-1,1033E-6
217,2517E+0	1,0992E-6	3,0000E+0	2,2146E+0	2,2150E+0	-1,1009E-6
217,7644E+0	1,0994E-6	3,0000E+0	2,2146E+0	2,2152E+0	-1,1015E-6
218,2771E+0	1,1014E-6	3,0000E+0	2,2147E+0	2,2148E+0	-1,1002E-6
218,7898E+0	1,1018E-6	3,0000E+0	2,2147E+0	2,2148E+0	-1,0969E-6
219,3025E+0	1,1016E-6	3,0000E+0	2,2142E+0	2,2149E+0	-1,0979E-6
219,8152E+0	1,1013E-6	3,0000E+0	2,2151E+0	2,2150E+0	-1,1041E-6
220,3279E+0	1,1018E-6	3,0000E+0	2,2146E+0	2,2149E+0	-1,1010E-6
220,8406E+0	1,1032E-6	3,0000E+0	2,2144E+0	2,2150E+0	-1,0987E-6
221,3533E+0	1,1002E-6	3,0000E+0	2,2149E+0	2,2153E+0	-1,1042E-6
221,8660E+0	1,1026E-6	3,0000E+0	2,2148E+0	2,2151E+0	-1,0961E-6
222,3786E+0	1,1014E-6	3,0000E+0	2,2149E+0	2,2148E+0	-1,1007E-6
222,8913E+0	1,0996E-6	3,0000E+0	2,2151E+0	2,2151E+0	-1,1045E-6
223,4040E+0	1,1021E-6	3,0000E+0	2,2149E+0	2,2149E+0	-1,0964E-6
223,9167E+0	1,1020E-6	3,0000E+0	2,2149E+0	2,2150E+0	-1,1009E-6
224,4294E+0	1,1030E-6	3,0000E+0	2,2141E+0	2,2148E+0	-1,0988E-6
224,9421E+0	1,1013E-6	3,0000E+0	2,2152E+0	2,2153E+0	-1,1003E-6
225,4548E+0	1,0998E-6	3,0000E+0	2,2148E+0	2,2151E+0	-1,1046E-6
225,9675E+0	1,0983E-6	3,0000E+0	2,2151E+0	2,2153E+0	-1,1002E-6
226,4802E+0	1,0986E-6	3,0000E+0	2,2144E+0	2,2148E+0	-1,0926E-6
226,9929E+0	1,0953E-6	3,0000E+0	2,2144E+0	2,2151E+0	-1,0955E-6
227,5055E+0	1,0954E-6	3,0000E+0	2,2144E+0	2,2147E+0	-1,0912E-6
228,0182E+0	1,0929E-6	3,0000E+0	2,2152E+0	2,2151E+0	-1,0931E-6
228,5309E+0	1,0931E-6	3,0000E+0	2,2146E+0	2,2150E+0	-1,0917E-6
229,0436E+0	1,0925E-6	3,0000E+0	2,2151E+0	2,2152E+0	-1,0883E-6
229,5562E+0	1,0921E-6	3,0000E+0	2,2151E+0	2,2149E+0	-1,0889E-6
230,0689E+0	1,0904E-6	3,0000E+0	2,2144E+0	2,2153E+0	-1,0937E-6
230,5816E+0	1,0908E-6	3,0000E+0	2,2147E+0	2,2149E+0	-1,0893E-6
231,0943E+0	1,0902E-6	3,0000E+0	2,2147E+0	2,2151E+0	-1,0926E-6
231,6070E+0	1,0893E-6	3,0000E+0	2,2149E+0	2,2154E+0	-1,0927E-6
232,1197E+0	1,0916E-6	3,0000E+0	2,2148E+0	2,2149E+0	-1,0849E-6
232,6324E+0	1,0906E-6	3,0000E+0	2,2149E+0	2,2149E+0	-1,0891E-6
233,1450E+0	1,0900E-6	3,0000E+0	2,2149E+0	2,2150E+0	-1,0884E-6
233,6577E+0	1,0899E-6	3,0000E+0	2,2141E+0	2,2148E+0	-1,0832E-6
234,1704E+0	1,0872E-6	3,0000E+0	2,2150E+0	2,2152E+0	-1,0908E-6
234,6831E+0	1,0874E-6	3,0000E+0	2,2147E+0	2,2151E+0	-1,0867E-6
235,1958E+0	1,0877E-6	3,0000E+0	2,2145E+0	2,2149E+0	-1,0808E-6
235,7085E+0	1,0846E-6	3,0000E+0	2,2151E+0	2,2153E+0	-1,0878E-6
236,2212E+0	1,0837E-6	3,0000E+0	2,2148E+0	2,2151E+0	-1,0857E-6
236,7339E+0	1,0847E-6	3,0000E+0	2,2148E+0	2,2148E+0	-1,0824E-6
237,2466E+0	1,0829E-6	3,0000E+0	2,2145E+0	2,2149E+0	-1,0867E-6
237,7592E+0	1,0831E-6	3,0000E+0	2,2145E+0	2,2148E+0	-1,0812E-6
238,2719E+0	1,0839E-6	3,0000E+0	2,2149E+0	2,2149E+0	-1,0785E-6
238,7846E+0	1,0804E-6	3,0000E+0	2,2149E+0	2,2152E+0	-1,0871E-6
239,2973E+0	1,0802E-6	3,0000E+0	2,2149E+0	2,2151E+0	-1,0770E-6
239,8100E+0	1,0772E-6	3,0000E+0	2,2144E+0	2,2148E+0	-1,0786E-6
240,3227E+0	1,0766E-6	3,0000E+0	2,2145E+0	2,2144E+0	-1,0786E-6
240,8353E+0	1,0771E-6	3,0000E+0	2,2144E+0	2,2147E+0	-1,0719E-6
241,3481E+0	1,0771E-6	3,0000E+0	2,2141E+0	2,2147E+0	-1,0726E-6
241,8607E+0	1,0751E-6	3,0000E+0	2,2145E+0	2,2148E+0	-1,0760E-6
242,3734E+0	1,0728E-6	3,0000E+0	2,2145E+0	2,2148E+0	-1,0717E-6
242,8861E+0	1,0715E-6	3,0000E+0	2,2143E+0	2,2150E+0	-1,0737E-6
243,3988E+0	1,0717E-6	3,0000E+0	2,2145E+0	2,2146E+0	-1,0705E-6
243,9115E+0	1,0697E-6	3,0000E+0	2,2145E+0	2,2145E+0	-1,0690E-6
244,4242E+0	1,0688E-6	3,0000E+0	2,2144E+0	2,2148E+0	-1,0699E-6
244,9369E+0	1,0690E-6	3,0000E+0	2,2144E+0	2,2148E+0	-1,0666E-6
245,4496E+0	1,0687E-6	3,0000E+0	2,2143E+0	2,2144E+0	-1,0624E-6
245,9623E+0	1,0657E-6	3,0000E+0	2,2144E+0	2,2148E+0	-1,0690E-6
246,4749E+0	1,0648E-6	3,0000E+0	2,2144E+0	2,2148E+0	-1,0676E-6
246,9876E+0	1,0659E-6	3,0000E+0	2,2140E+0	2,2146E+0	-1,0606E-6
247,5003E+0	1,0645E-6	3,0000E+0	2,2138E+0	2,2147E+0	-1,0641E-6
248,0130E+0	1,0627E-6	3,0000E+0	2,2145E+0	2,2146E+0	-1,0655E-6
248,5257E+0	1,0640E-6	3,0000E+0	2,2138E+0	2,2146E+0	-1,0586E-6
249,0384E+0	1,0617E-6	3,0000E+0	2,2142E+0	2,2147E+0	-1,0655E-6
249,5511E+0	1,0624E-6	3,0000E+0	2,2139E+0	2,2143E+0	-1,0594E-6
250,0638E+0	1,0626E-6	3,0000E+0	2,2136E+0	2,2143E+0	-1,0579E-6
250,5764E+0	1,0600E-6	3,0000E+0	2,2139E+0	2,2143E+0	-1,0648E-6
251,0891E+0	1,0603E-6	3,0000E+0	2,2139E+0	2,2138E+0	-1,0615E-6
251,6018E+0	1,0618E-6	3,0000E+0	2,2139E+0	2,2142E+0	-1,0571E-6
252,1145E+0	1,0601E-6	3,0000E+0	2,2139E+0	2,2143E+0	-1,0613E-6
252,6271E+0	1,0593E-6	3,0000E+0	2,2135E+0	2,2144E+0	-1,0592E-6
253,1398E+0	1,0606E-6	3,0000E+0	2,2138E+0	2,2141E+0	-1,0549E-6
253,6525E+0	1,0598E-6	3,0000E+0	2,2136E+0	2,2138E+0	-1,0581E-6
254,1652E+0	1,0594E-6	3,0000E+0	2,2137E+0	2,2138E+0	-1,0549E-6
254,6779E+0	1,0584E-6	3,0000E+0	2,2139E+0	2,2141E+0	-1,0588E-6
255,1906E+0	1,0584E-6	3,0000E+0	2,2136E+0	2,2138E+0	-1,0600E-6
255,7033E+0	1,0589E-6	3,0000E+0	2,2139E+0	2,2138E+0	-1,0557E-6
256,2160E+0	1,0580E-6	3,0000E+0	2,2139E+0	2,2139E+0	-1,0594E-6
256,7287E+0	1,0595E-6	3,0000E+0	2,2136E+0	2,2138E+0	-1,0583E-6
257,2413E+0	1,0587E-6	3,0000E+0	2,2136E+0	2,2138E+0	-1,0571E-6
257,7540E+0	1,0581E-6	3,0000E+0	2,2139E+0	2,2141E+0	-1,0617E-6
258,2666E+0	1,0589E-6	3,0000E+0	2,2131E+0	2,2141E+0	-1,0607E-6
258,7793E+0	1,0593E-6	3,0000E+0	2,2131E+0	2,2137E+0	-1,0586E-6
259,2920E+0	1,0598E-6	3,0000E+0	2,2134E+0	2,2135E+0	-1,0601E-6
259,8047E+0	1,0590E-6	3,0000E+0	2,2136E+0	2,2138E+0	-1,0635E-6
260,3173E+0	1,0614E-6	3,0000E+0	2,2134E+0	2,2138E+0	-1,0568E-6
260,8300E+0	1,0600E-6	3,0000E+0	2,2131E+0	2,2135E+0	-1,0624E-6
261,3427E+0	1,0597E-6	3,0000E+0	2,2134E+0	2,2131E+0	-1,0624E-6
261,8553E+0	1,0612E-6	3,0000E+0	2,2125E+0	2,2133E+0	-1,0566E-6
262,3680E+0	1,0611E-6	3,0000E+0	2,2130E+0	2,2134E+0	-1,0621E-6
262,8807E+0	1,0611E-6	3,0000E+0	2,2134E+0	2,2136E+0	-1,0602E-6
263,3934E+0	1,0612E-6	3,0000E+0	2,2128E+0	2,2133E+0	-1,0588E-6
263,9060E+0	1,0618E-6	3,0000E+0	2,2132E+0	2,2132E+0	-1,0622E-6
264,4188E+0	1,0617E-6	3,0000E+0	2,2132E+0	2,2133E+0	-1,0629E-6
264,9315E+0	1,0613E-6	3,0000E+0	2,2130E+0	2,2133E+0	-1,0624E-6
265,4441E+0	1,0600E-6	3,0000E+0	2,2124E+0	2,2133E+0	-1,0656E-6
265,9568E+0	1,0606E-6	3,0000E+0	2,2129E+0	2,2133E+0	-1,0619E-6
266,4695E+0	1,0608E-6	3,0000E+0	2,2129E+0	2,2133E+0	-1,0620E-6
266,9821E+0	1,0607E-6	3,0000E+0	2,2129E+0	2,2131E+0	-1,0632E-6
267,4948E+0	1,0618E-6	3,0000E+0	2,2125E+0	2,2134E+0	-1,0583E-6
268,0074E+0	1,0620E-6	3,0000E+0	2,2125E+0	2,2128E+0	-1,0582E-6
268,5201E+0	1,0598E-6	3,0000E+0	2,2125E+0	2,2130E+0	-1,0661E-6
269,0328E+0	1,0607E-6	3,0000E+0	2,2129E+0	2,2128E+0	-1,0604E-6
269,5455E+0	1,0619E-6	3,0000E+0	2,2126E+0	2,2124E+0	-1,0574E-6
270,0582E+0	1,0595E-6	3,0000E+0	2,2127E+0	2,2130E+0	-1,0647E-6
270,5708E+0	1,0603E-6	3,0000E+0	2,2127E+0	2,2128E+0	-1,0600E-6
271,0835E+0	1,0602E-6	3,0000E+0	2,2123E+0	2,2128E+0	-1,0624E-6
271,5961E+0	1,0615E-6	3,0000E+0	2,2121E+0	2,2125E+0	-1,0610E-6
272,1088E+0	1,0620E-6	3,0000E+0	2,2125E+0	2,2125E+0	-1,0584E-6
272,6215E+0	1,0625E-6	3,0000E+0	2,2122E+0	2,2123E+0	-1,0604E-6
273,1342E+0	1,0627E-6	3,0000E+0	2,2124E+0	2,2125E+0	-1,0619E-6
273,6468E+0	1,0627E-6	3,0000E+0	2,2122E+0	2,2127E+0	-1,0614E-6
274,1594E+0	1,0630E-6	3,0000E+0	2,2123E+0	2,2123E+0	-1,0636E-6
274,6721E+0	1,0619E-6	3,0000E+0	2,2124E+0	2,2125E+0	-1,0662E-6
275,1848E+0	1,0647E-6	3,0000E+0	2,2119E+0	2,2120E+0	-1,0591E-6
275,6974E+0	1,0642E-6	3,0000E+0	2,2119E+0	2,2122E+0	-1,0648E-6
276,2101E+0	1,0641E-6	3,0000E+0	2,2119E+0	2,2121E+0	-1,0648E-6
276,7228E+0	1,0652E-6	3,0000E+0	2,2119E+0	2,2123E+0	-1,0607E-6
277,2354E+0	1,0651E-6	3,0000E+0	2,2120E+0	2,2122E+0	-1,0649E-6
277,7481E+0	1,0649E-6	3,0000E+0	2,2119E+0	2,2122E+0	-1,0642E-6
278,2608E+0	1,0654E-6	3,0000E+0	2,2118E+0	2,2121E+0	-1,0632E-6
278,7735E+0	1,0654E-6	3,0000E+0	2,2116E+0	2,2118E+0	-1,0655E-6
279,2862E+0	1,0665E-6	3,0000E+0	2,2109E+0	2,2115E+0	-1,0620E-6
279,7988E+0	1,0663E-6	3,0000E+0	2,2116E+0	2,2118E+0	-1,0625E-6
280,3115E+0	1,0643E-6	3,0000E+0	2,2118E+0	2,2118E+0	-1,0703E-6
280,8242E+0	1,0654E-6	3,0000E+0	2,2116E+0	2,2120E+0	-1,0667E-6
281,3369E+0	1,0664E-6	3,0000E+0	2,2118E+0	2,2119E+0	-1,0652E-6
281,8495E+0	1,0675E-6	3,0000E+0	2,2114E+0	2,2117E+0	-1,0672E-6
282,3622E+0	1,0673E-6	3,0000E+0	2,2109E+0	2,2118E+0	-1,0646E-6
282,8749E+0	1,0670E-6	3,0000E+0	2,2112E+0	2,2115E+0	-1,0677E-6
283,3876E+0	1,0679E-6	3,0000E+0	2,2112E+0	2,2113E+0	-1,0678E-6
283,9002E+0	1,0685E-6	3,0000E+0	2,2112E+0	2,2116E+0	-1,0649E-6
284,4129E+0	1,0685E-6	3,0000E+0	2,2111E+0	2,2114E+0	-1,0681E-6
284,9256E+0	1,0683E-6	3,0000E+0	2,2109E+0	2,2113E+0	-1,0693E-6
285,4383E+0	1,0694E-6	3,0000E+0	2,2106E+0	2,2113E+0	-1,0645E-6
285,9510E+0	1,0687E-6	3,0000E+0	2,2113E+0	2,2113E+0	-1,0701E-6
286,4636E+0	1,0681E-6	3,0000E+0	2,2111E+0	2,2113E+0	-1,0721E-6
286,9763E+0	1,0714E-6	3,0000E+0	2,2104E+0	2,2110E+0	-1,0640E-6
287,4890E+0	1,0692E-6	3,0000E+0	2,2104E+0	2,2110E+0	-1,0730E-6
288,0016E+0	1,0714E-6	3,0000E+0	2,2106E+0	2,2109E+0	-1,0679E-6
288,5143E+0	1,0692E-6	3,0000E+0	2,2109E+0	2,2111E+0	-1,0713E-6
289,0270E+0	1,0708E-6	3,0000E+0	2,2105E+0	2,2110E+0	-1,0724E-6
289,5396E+0	1,0703E-6	3,0000E+0	2,2106E+0	2,2110E+0	-1,0714E-6
290,0523E+0	1,0723E-6	3,0000E+0	2,2100E+0	2,2106E+0	-1,0682E-6
290,5650E+0	1,0715E-6	3,0000E+0	2,2100E+0	2,2108E+0	-1,0725E-6
291,0777E+0	1,0724E-6	3,0000E+0	2,2099E+0	2,2106E+0	-1,0681E-6
291,5904E+0	1,0730E-6	3,0000E+0	2,2105E+0	2,2103E+0	-1,0695E-6
292,1031E+0	1,0722E-6	3,0000E+0	2,2103E+0	2,2103E+0	-1,0733E-6
292,6158E+0	1,0728E-6	3,0000E+0	2,2106E+0	2,2104E+0	-1,0710E-6
293,1284E+0	1,0739E-6	3,0000E+0	2,2101E+0	2,2103E+0	-1,0722E-6
293,6411E+0	1,0736E-6	3,0000E+0	2,2102E+0	2,2103E+0	-1,0748E-6
294,1538E+0	1,0747E-6	3,0000E+0	2,2092E+0	2,2102E+0	-1,0703E-6
294,6665E+0	1,0740E-6	3,0000E+0	2,2100E+0	2,2103E+0	-1,0774E-6
295,1792E+0	1,0752E-6	3,0000E+0	2,2092E+0	2,2102E+0	-1,0743E-6
295,6919E+0	1,0757E-6	3,0000E+0	2,2090E+0	2,2099E+0	-1,0717E-6
296,2046E+0	1,0744E-6	3,0000E+0	2,2099E+0	2,2103E+0	-1,0790E-6
296,7173E+0	1,0755E-6	3,0000E+0	2,2099E+0	2,2103E+0	-1,0748E-6
297,2299E+0	1,0752E-6	3,0000E+0	2,2096E+0	2,2098E+0	-1,0757E-6
297,7426E+0	1,0749E-6	3,0000E+0	2,2099E+0	2,2101E+0	-1,0801E-6
298,2553E+0	1,0754E-6	3,0000E+0	2,2097E+0	2,2099E+0	-1,0771E-6
298,7680E+0	1,0757E-6	3,0000E+0	2,2094E+0	2,2094E+0	-1,0770E-6
299,2807E+0	1,0762E-6	3,0000E+0	2,2094E+0	2,2096E+0	-1,0817E-6
299,7934E+0	1,0777E-6	3,0000E+0	2,2092E+0	2,2093E+0	-1,0741E-6
300,3061E+0	1,0778E-6	3,0000E+0	2,2086E+0	2,2091E+0	-1,0762E-6
300,8188E+0	1,0774E-6	3,0000E+0	2,2091E+0	2,2093E+0	-1,0771E-6
301,3315E+0	1,0787E-6	3,0000E+0	2,2092E+0	2,2093E+0	-1,0723E-6
301,8441E+0	1,0778E-6	3,0000E+0	2,2090E+0	2,2093E+0	-1,0778E-6
302,3568E+0	1,0767E-6	3,0000E+0	2,2093E+0	2,2093E+0	-1,0807E-6
302,8694E+0	1,0777E-6	3,0000E+0	2,2089E+0	2,2092E+0	-1,0766E-6
303,3821E+0	1,0773E-6	3,0000E+0	2,2088E+0	2,2092E+0	-1,0813E-6
303,8948E+0	1,0775E-6	3,0000E+0	2,2088E+0	2,2090E+0	-1,0788E-6
304,4075E+0	1,0792E-6	3,0000E+0	2,2088E+0	2,2090E+0	-1,0752E-6
304,9202E+0	1,0789E-6	3,0000E+0	2,2086E+0	2,2089E+0	-1,0786E-6
305,4329E+0	1,0789E-6	3,0000E+0	2,2088E+0	2,2090E+0	-1,0763E-6
305,9455E+0	1,0792E-6	3,0000E+0	2,2080E+0	2,2087E+0	-1,0760E-6
306,4582E+0	1,0793E-6	3,0000E+0	2,2085E+0	2,2087E+0	-1,0786E-6
306,9709E+0	1,0795E-6	3,0000E+0	2,2087E+0	2,2085E+0	-1,0747E-6
307,4836E+0	1,0794E-6	3,0000E+0	2,2083E+0	2,2084E+0	-1,0764E-6
307,9963E+0	1,0790E-6	3,0000E+0	2,2083E+0	2,2085E+0	-1,0791E-6
308,5090E+0	1,0782E-6	3,0000E+0	2,2076E+0	2,2086E+0	-1,0773E-6
309,0217E+0	1,0790E-6	3,0000E+0	2,2081E+0	2,2084E+0	-1,0779E-6
309,5344E+0	1,0779E-6	3,0000E+0	2,2083E+0	2,2086E+0	-1,0810E-6
310,0471E+0	1,0781E-6	3,0000E+0	2,2081E+0	2,2083E+0	-1,0782E-6
310,5598E+0	1,0775E-6	3,0000E+0	2,2075E+0	2,2084E+0	-1,0824E-6
311,0725E+0	1,0776E-6	3,0000E+0	2,2077E+0	2,2084E+0	-1,0811E-6
311,5852E+0	1,0790E-6	3,0000E+0	2,2080E+0	2,2085E+0	-1,0765E-6
312,0978E+0	1,0781E-6	3,0000E+0	2,2079E+0	2,2077E+0	-1,0810E-6
312,6105E+0	1,0797E-6	3,0000E+0	2,2079E+0	2,2079E+0	-1,0755E-6
313,1232E+0	1,0798E-6	3,0000E+0	2,2077E+0	2,2077E+0	-1,0757E-6
313,6359E+0	1,0793E-6	3,0000E+0	2,2073E+0	2,2082E+0	-1,0804E-6
314,1485E+0	1,0807E-6	3,0000E+0	2,2075E+0	2,2079E+0	-1,0763E-6
314,6613E+0	1,0813E-6	3,0000E+0	2,2075E+0	2,2074E+0	-1,0782E-6
315,1739E+0	1,0816E-6	3,0000E+0	2,2071E+0	2,2073E+0	-1,0831E-6
315,6866E+0	1,0831E-6	3,0000E+0	2,2072E+0	2,2074E+0	-1,0785E-6
316,1993E+0	1,0829E-6	3,0000E+0	2,2073E+0	2,2075E+0	-1,0832E-6
316,7120E+0	1,0818E-6	3,0000E+0	2,2074E+0	2,2076E+0	-1,0874E-6
317,2247E+0	1,0850E-6	3,0000E+0	2,2065E+0	2,2073E+0	-1,0790E-6
317,7374E+0	1,0841E-6	3,0000E+0	2,2071E+0	2,2073E+0	-1,0871E-6
318,2501E+0	1,0867E-6	3,0000E+0	2,2069E+0	2,2072E+0	-1,0838E-6
318,7628E+0	1,0867E-6	3,0000E+0	2,2067E+0	2,2073E+0	-1,0855E-6
319,2755E+0	1,0882E-6	3,0000E+0	2,2069E+0	2,2069E+0	-1,0873E-6
319,7881E+0	1,0880E-6	3,0000E+0	2,2071E+0	2,2074E+0	-1,0898E-6
320,3008E+0	1,0895E-6	3,0000E+0	2,2066E+0	2,2069E+0	-1,0888E-6
320,8135E+0	1,0906E-6	3,0000E+0	2,2064E+0	2,2068E+0	-1,0934E-6
321,3262E+0	1,0916E-6	3,0000E+0	2,2067E+0	2,2070E+0	-1,0926E-6
321,8389E+0	1,0938E-6	3,0000E+0	2,2066E+0	2,2068E+0	-1,0886E-6
322,3515E+0	1,0926E-6	3,0000E+0	2,2058E+0	2,2068E+0	-1,0950E-6
322,8642E+0	1,0928E-6	3,0000E+0	2,2067E+0	2,2067E+0	-1,0931E-6
323,3769E+0	1,0940E-6	3,0000E+0	2,2061E+0	2,2064E+0	-1,0909E-6
323,8896E+0	1,0933E-6	3,0000E+0	2,2066E+0	2,2065E+0	-1,0971E-6
324,4023E+0	1,0938E-6	3,0000E+0	2,2063E+0	2,2064E+0	-1,0918E-6
324,9150E+0	1,0945E-6	3,0000E+0	2,2061E+0	2,2063E+0	-1,0926E-6
325,4277E+0	1,0929E-6	3,0000E+0	2,2059E+0	2,2066E+0	-1,0973E-6
325,9404E+0	1,0941E-6	3,0000E+0	2,2060E+0	2,2063E+0	-1,0924E-6
326,4531E+0	1,0952E-6	3,0000E+0	2,2058E+0	2,2058E+0	-1,0929E-6
326,9658E+0	1,0954E-6	3,0000E+0	2,2059E+0	2,2057E+0	-1,0933E-6
327,4785E+0	1,0958E-6	3,0000E+0	2,2053E+0	2,2061E+0	-1,0897E-6
327,9912E+0	1,0942E-6	3,0000E+0	2,2054E+0	2,2063E+0	-1,0970E-6
328,5039E+0	1,0957E-6	3,0000E+0	2,2055E+0	2,2056E+0	-1,0935E-6
329,0166E+0	1,0946E-6	3,0000E+0	2,2057E+0	2,2060E+0	-1,0945E-6
329,5292E+0	1,0957E-6	3,0000E+0	2,2056E+0	2,2057E+0	-1,0955E-6
330,0420E+0	1,0955E-6	3,0000E+0	2,2053E+0	2,2053E+0	-1,0949E-6
330,5547E+0	1,0957E-6	3,0000E+0	2,2053E+0	2,2056E+0	-1,0923E-6
331,0674E+0	1,0957E-6	3,0000E+0	2,2049E+0	2,2055E+0	-1,0961E-6
331,5801E+0	1,0938E-6	3,0000E+0	2,2058E+0	2,2056E+0	-1,0965E-6
332,0928E+0	1,0934E-6	3,0000E+0	2,2048E+0	2,2056E+0	-1,0942E-6
332,6054E+0	1,0926E-6	3,0000E+0	2,2053E+0	2,2054E+0	-1,0978E-6
333,1182E+0	1,0925E-6	3,0000E+0	2,2053E+0	2,2056E+0	-1,0943E-6
333,6308E+0	1,0929E-6	3,0000E+0	2,2049E+0	2,2052E+0	-1,0921E-6
334,1435E+0	1,0927E-6	3,0000E+0	2,2046E+0	2,2051E+0	-1,0950E-6
334,6563E+0	1,0932E-6	3,0000E+0	2,2048E+0	2,2050E+0	-1,0898E-6
335,1689E+0	1,0935E-6	3,0000E+0	2,2048E+0	2,2048E+0	-1,0893E-6
335,6816E+0	1,0925E-6	3,0000E+0	2,2042E+0	2,2049E+0	-1,0932E-6
336,1943E+0	1,0934E-6	3,0000E+0	2,2043E+0	2,2047E+0	-1,0889E-6
336,7070E+0	1,0935E-6	3,0000E+0	2,2042E+0	2,2047E+0	-1,0883E-6
337,2197E+0	1,0919E-6	3,0000E+0	2,2045E+0	2,2044E+0	-1,0933E-6
337,7324E+0	1,0911E-6	3,0000E+0	2,2045E+0	2,2047E+0	-1,0905E-6
338,2451E+0	1,0916E-6	3,0000E+0	2,2042E+0	2,2043E+0	-1,0906E-6
338,7578E+0	1,0927E-6	3,0000E+0	2,2039E+0	2,2042E+0	-1,0910E-6
339,2705E+0	1,0931E-6	3,0000E+0	2,2040E+0	2,2042E+0	-1,0870E-6
339,7832E+0	1,0922E-6	3,0000E+0	2,2042E+0	2,2043E+0	-1,0895E-6
340,2959E+0	1,0902E-6	3,0000E+0	2,2035E+0	2,2042E+0	-1,0950E-6
340,8086E+0	1,0920E-6	3,0000E+0	2,2037E+0	2,2039E+0	-1,0868E-6
341,3213E+0	1,0906E-6	3,0000E+0	2,2038E+0	2,2040E+0	-1,0889E-6
341,8340E+0	1,0890E-6	3,0000E+0	2,2038E+0	2,2037E+0	-1,0907E-6
342,3467E+0	1,0892E-6	3,0000E+0	2,2038E+0	2,2042E+0	-1,0877E-6
342,8594E+0	1,0898E-6	3,0000E+0	2,2030E+0	2,2036E+0	-1,0881E-6
343,3721E+0	1,0894E-6	3,0000E+0	2,2030E+0	2,2037E+0	-1,0884E-6
343,8848E+0	1,0890E-6	3,0000E+0	2,2032E+0	2,2037E+0	-1,0853E-6
344,3975E+0	1,0874E-6	3,0000E+0	2,2037E+0	2,2037E+0	-1,0912E-6
344,9102E+0	1,0889E-6	3,0000E+0	2,2034E+0	2,2034E+0	-1,0868E-6
345,4229E+0	1,0876E-6	3,0000E+0	2,2030E+0	2,2035E+0	-1,0852E-6
345,9356E+0	1,0877E-6	3,0000E+0	2,2032E+0	2,2032E+0	-1,0892E-6
346,4483E+0	1,0863E-6	3,0000E+0	2,2032E+0	2,2034E+0	-1,0900E-6
346,9610E+0	1,0875E-6	3,0000E+0	2,2027E+0	2,2031E+0	-1,0862E-6
347,4737E+0	1,0863E-6	3,0000E+0	2,2024E+0	2,2031E+0	-1,0886E-6
347,9864E+0	1,0866E-6	3,0000E+0	2,2028E+0	2,2029E+0	-1,0863E-6
348,4990E+0	1,0881E-6	3,0000E+0	2,2028E+0	2,2030E+0	-1,0820E-6
349,0117E+0	1,0863E-6	3,0000E+0	2,2023E+0	2,2029E+0	-1,0870E-6
349,5244E+0	1,0875E-6	3,0000E+0	2,2022E+0	2,2030E+0	-1,0822E-6
350,0371E+0	1,0868E-6	3,0000E+0	2,2021E+0	2,2027E+0	-1,0826E-6
350,5498E+0	1,0852E-6	3,0000E+0	2,2023E+0	2,2027E+0	-1,0889E-6
351,0626E+0	1,0848E-6	3,0000E+0	2,2027E+0	2,2029E+0	-1,0847E-6
351,5753E+0	1,0855E-6	3,0000E+0	2,2019E+0	2,2028E+0	-1,0845E-6
352,0880E+0	1,0835E-6	3,0000E+0	2,2022E+0	2,2027E+0	-1,0898E-6
352,6007E+0	1,0838E-6	3,0000E+0	2,2022E+0	2,2023E+0	-1,0836E-6
353,1133E+0	1,0837E-6	3,0000E+0	2,2023E+0	2,2024E+0	-1,0854E-6
353,6260E+0	1,0825E-6	3,0000E+0	2,2022E+0	2,2024E+0	-1,0883E-6
354,1387E+0	1,0831E-6	3,0000E+0	2,2021E+0	2,2025E+0	-1,0830E-6
354,6514E+0	1,0808E-6	3,0000E+0	2,2020E+0	2,2024E+0	-1,0852E-6
355,1642E+0	1,0783E-6	3,0000E+0	2,2014E+0	2,2022E+0	-1,0822E-6
355,6768E+0	1,0777E-6	3,0000E+0	2,2017E+0	2,2019E+0	-1,0735E-6
356,1895E+0	1,0752E-6	3,0000E+0	2,2020E+0	2,2020E+0	-1,0770E-6
356,7022E+0	1,0728E-6	3,0000E+0	2,2017E+0	2,2017E+0	-1,0762E-6
357,2149E+0	1,0735E-6	3,0000E+0	2,2015E+0	2,2020E+0	-1,0671E-6
357,7277E+0	1,0699E-6	3,0000E+0	2,2015E+0	2,2019E+0	-1,0745E-6
358,2404E+0	1,0701E-6	3,0000E+0	2,2008E+0	2,2017E+0	-1,0676E-6
358,7531E+0	1,0679E-6	3,0000E+0	2,2013E+0	2,2017E+0	-1,0676E-6
359,2658E+0	1,0674E-6	3,0000E+0	2,2013E+0	2,2014E+0	-1,0670E-6
359,7785E+0	1,0672E-6	3,0000E+0	2,2012E+0	2,2013E+0	-1,0633E-6
360,2911E+0	1,0662E-6	3,0000E+0	2,2011E+0	2,2014E+0	-1,0631E-6
360,8038E+0	1,0650E-6	3,0000E+0	2,2011E+0	2,2017E+0	-1,0689E-6
361,3165E+0	1,0658E-6	3,0000E+0	2,2009E+0	2,2014E+0	-1,0629E-6
361,8292E+0	1,0661E-6	3,0000E+0	2,2011E+0	2,2012E+0	-1,0629E-6
362,3419E+0	1,0650E-6	3,0000E+0	2,2003E+0	2,2009E+0	-1,0653E-6
362,8546E+0	1,0654E-6	3,0000E+0	2,2008E+0	2,2010E+0	-1,0611E-6
363,3673E+0	1,0660E-6	3,0000E+0	2,2007E+0	2,2010E+0	-1,0644E-6
363,8800E+0	1,0643E-6	3,0000E+0	2,2007E+0	2,2010E+0	-1,0685E-6
364,3927E+0	1,0659E-6	3,0000E+0	2,2004E+0	2,2011E+0	-1,0612E-6
364,9054E+0	1,0656E-6	3,0000E+0	2,2004E+0	2,2007E+0	-1,0662E-6
365,4181E+0	1,0651E-6	3,0000E+0	2,2008E+0	2,2009E+0	-1,0690E-6
365,9308E+0	1,0663E-6	3,0000E+0	2,2008E+0	2,2008E+0	-1,0652E-6
366,4435E+0	1,0667E-6	3,0000E+0	2,2002E+0	2,2007E+0	-1,0666E-6
366,9562E+0	1,0673E-6	3,0000E+0	2,2001E+0	2,2003E+0	-1,0649E-6
367,4689E+0	1,0665E-6	3,0000E+0	2,1993E+0	2,2002E+0	-1,0642E-6
367,9816E+0	1,0653E-6	3,0000E+0	2,1999E+0	2,2006E+0	-1,0703E-6
368,4943E+0	1,0662E-6	3,0000E+0	2,2003E+0	2,2003E+0	-1,0654E-6
369,0070E+0	1,0666E-6	3,0000E+0	2,1994E+0	2,2002E+0	-1,0637E-6
369,5197E+0	1,0669E-6	3,0000E+0	2,1996E+0	2,2001E+0	-1,0666E-6
370,0324E+0	1,0675E-6	3,0000E+0	2,1998E+0	2,1999E+0	-1,0632E-6
370,5451E+0	1,0671E-6	3,0000E+0	2,1997E+0	2,2000E+0	-1,0644E-6
371,0578E+0	1,0670E-6	3,0000E+0	2,1991E+0	2,1998E+0	-1,0674E-6
371,5705E+0	1,0668E-6	3,0000E+0	2,1993E+0	2,1997E+0	-1,0664E-6
372,0832E+0	1,0665E-6	3,0000E+0	2,1988E+0	2,1998E+0	-1,0682E-6
372,5959E+0	1,0674E-6	3,0000E+0	2,1997E+0	2,1996E+0	-1,0670E-6
373,1086E+0	1,0674E-6	3,0000E+0	2,1996E+0	2,1994E+0	-1,0647E-6
373,6213E+0	1,0665E-6	3,0000E+0	2,1992E+0	2,1994E+0	-1,0689E-6
374,1340E+0	1,0660E-6	3,0000E+0	2,1991E+0	2,1996E+0	-1,0706E-6
374,6467E+0	1,0673E-6	3,0000E+0	2,1988E+0	2,1991E+0	-1,0641E-6
375,1594E+0	1,0658E-6	3,0000E+0	2,1988E+0	2,1990E+0	-1,0700E-6
375,6721E+0	1,0659E-6	3,0000E+0	2,1991E+0	2,1990E+0	-1,0684E-6
376,1848E+0	1,0672E-6	3,0000E+0	2,1982E+0	2,1989E+0	-1,0611E-6
376,6974E+0	1,0637E-6	3,0000E+0	2,1988E+0	2,1992E+0	-1,0693E-6
377,2102E+0	1,0647E-6	3,0000E+0	2,1983E+0	2,1985E+0	-1,0640E-6
377,7229E+0	1,0647E-6	3,0000E+0	2,1984E+0	2,1987E+0	-1,0585E-6
378,2356E+0	1,0628E-6	3,0000E+0	2,1986E+0	2,1987E+0	-1,0630E-6
378,7483E+0	1,0603E-6	3,0000E+0	2,1984E+0	2,1987E+0	-1,0615E-6
379,2610E+0	1,0606E-6	3,0000E+0	2,1986E+0	2,1987E+0	-1,0597E-6
379,7737E+0	1,0590E-6	3,0000E+0	2,1983E+0	2,1983E+0	-1,0586E-6
380,2864E+0	1,0565E-6	3,0000E+0	2,1983E+0	2,1985E+0	-1,0559E-6
380,7991E+0	1,0552E-6	3,0000E+0	2,1974E+0	2,1983E+0	-1,0533E-6
381,3118E+0	1,0531E-6	3,0000E+0	2,1979E+0	2,1981E+0	-1,0540E-6
381,8245E+0	1,0523E-6	3,0000E+0	2,1979E+0	2,1982E+0	-1,0490E-6
382,3372E+0	1,0499E-6	3,0000E+0	2,1976E+0	2,1979E+0	-1,0516E-6
382,8499E+0	1,0488E-6	3,0000E+0	2,1981E+0	2,1983E+0	-1,0527E-6
383,3626E+0	1,0473E-6	3,0000E+0	2,1978E+0	2,1982E+0	-1,0476E-6
383,8753E+0	1,0475E-6	3,0000E+0	2,1976E+0	2,1978E+0	-1,0472E-6
384,3879E+0	1,0452E-6	3,0000E+0	2,1978E+0	2,1979E+0	-1,0500E-6
384,9006E+0	1,0456E-6	3,0000E+0	2,1978E+0	2,1979E+0	-1,0460E-6
385,4133E+0	1,0447E-6	3,0000E+0	2,1972E+0	2,1977E+0	-1,0463E-6
385,9260E+0	1,0446E-6	3,0000E+0	2,1976E+0	2,1972E+0	-1,0430E-6
386,4387E+0	1,0440E-6	3,0000E+0	2,1973E+0	2,1973E+0	-1,0406E-6
386,9514E+0	1,0421E-6	3,0000E+0	2,1970E+0	2,1975E+0	-1,0447E-6
387,4641E+0	1,0422E-6	3,0000E+0	2,1971E+0	2,1972E+0	-1,0421E-6
387,9768E+0	1,0414E-6	3,0000E+0	2,1973E+0	2,1971E+0	-1,0423E-6
388,4895E+0	1,0400E-6	3,0000E+0	2,1968E+0	2,1972E+0	-1,0463E-6
389,0022E+0	1,0415E-6	3,0000E+0	2,1968E+0	2,1970E+0	-1,0379E-6
389,5149E+0	1,0402E-6	3,0000E+0	2,1968E+0	2,1971E+0	-1,0400E-6
390,0276E+0	1,0387E-6	3,0000E+0	2,1963E+0	2,1970E+0	-1,0426E-6
390,5403E+0	1,0406E-6	3,0000E+0	2,1967E+0	2,1966E+0	-1,0343E-6
391,0530E+0	1,0390E-6	3,0000E+0	2,1962E+0	2,1965E+0	-1,0389E-6
391,5657E+0	1,0376E-6	3,0000E+0	2,1962E+0	2,1966E+0	-1,0417E-6
392,0784E+0	1,0378E-6	3,0000E+0	2,1961E+0	2,1967E+0	-1,0375E-6
392,5910E+0	1,0372E-6	3,0000E+0	2,1964E+0	2,1967E+0	-1,0418E-6
393,1037E+0	1,0376E-6	3,0000E+0	2,1966E+0	2,1965E+0	-1,0407E-6
393,6164E+0	1,0377E-6	3,0000E+0	2,1957E+0	2,1965E+0	-1,0386E-6
394,1291E+0	1,0377E-6	3,0000E+0	2,1961E+0	2,1962E+0	-1,0399E-6
394,6418E+0	1,0388E-6	3,0000E+0	2,1960E+0	2,1958E+0	-1,0353E-6
395,1544E+0	1,0393E-6	3,0000E+0	2,1958E+0	2,1958E+0	-1,0351E-6
395,6671E+0	1,0390E-6	3,0000E+0	2,1958E+0	2,1957E+0	-1,0381E-6
396,1798E+0	1,0396E-6	3,0000E+0	2,1958E+0	2,1962E+0	-1,0360E-6
396,6925E+0	1,0390E-6	3,0000E+0	2,1958E+0	2,1962E+0	-1,0378E-6
397,2052E+0	1,0382E-6	3,0000E+0	2,1957E+0	2,1962E+0	-1,0413E-6
397,7179E+0	1,0399E-6	3,0000E+0	2,1949E+0	2,1957E+0	-1,0362E-6
398,2306E+0	1,0386E-6	3,0000E+0	2,1953E+0	2,1957E+0	-1,0392E-6
398,7432E+0	1,0381E-6	3,0000E+0	2,1951E+0	2,1958E+0	-1,0426E-6
399,2560E+0	1,0405E-6	3,0000E+0	2,1947E+0	2,1955E+0	-1,0344E-6
399,7686E+0	1,0388E-6	3,0000E+0	2,1944E+0	2,1951E+0	-1,0397E-6
400,2813E+0	1,0387E-6	3,0000E+0	2,1949E+0	2,1956E+0	-1,0417E-6
400,7940E+0	1,0410E-6	3,0000E+0	2,1945E+0	2,1953E+0	-1,0350E-6
401,3067E+0	1,0398E-6	3,0000E+0	2,1944E+0	2,1952E+0	-1,0421E-6
401,8194E+0	1,0414E-6	3,0000E+0	2,1945E+0	2,1950E+0	-1,0368E-6
402,3321E+0	1,0412E-6	3,0000E+0	2,1948E+0	2,1952E+0	-1,0413E-6
402,8448E+0	1,0409E-6	3,0000E+0	2,1949E+0	2,1950E+0	-1,0464E-6
403,3575E+0	1,0424E-6	3,0000E+0	2,1948E+0	2,1949E+0	-1,0429E-6
403,8702E+0	1,0449E-6	3,0000E+0	2,1943E+0	2,1946E+0	-1,0407E-6
404,3829E+0	1,0430E-6	3,0000E+0	2,1948E+0	2,1947E+0	-1,0494E-6
404,8956E+0	1,0460E-6	3,0000E+0	2,1943E+0	2,1948E+0	-1,0415E-6
405,4083E+0	1,0450E-6	3,0000E+0	2,1942E+0	2,1945E+0	-1,0461E-6
405,9211E+0	1,0440E-6	3,0000E+0	2,1939E+0	2,1946E+0	-1,0502E-6
406,4337E+0	1,0468E-6	3,0000E+0	2,1944E+0	2,1943E+0	-1,0437E-6
406,9464E+0	1,0457E-6	3,0000E+0	2,1944E+0	2,1944E+0	-1,0487E-6
407,4591E+0	1,0472E-6	3,0000E+0	2,1941E+0	2,1941E+0	-1,0468E-6
407,9718E+0	1,0473E-6	3,0000E+0	2,1939E+0	2,1944E+0	-1,0440E-6
408,4845E+0	1,0476E-6	3,0000E+0	2,1938E+0	2,1943E+0	-1,0488E-6
408,9971E+0	1,0469E-6	3,0000E+0	2,1940E+0	2,1942E+0	-1,0492E-6
409,5098E+0	1,0489E-6	3,0000E+0	2,1938E+0	2,1939E+0	-1,0430E-6
410,0226E+0	1,0460E-6	3,0000E+0	2,1941E+0	2,1942E+0	-1,0523E-6
410,5352E+0	1,0469E-6	3,0000E+0	2,1937E+0	2,1938E+0	-1,0470E-6
411,0480E+0	1,0484E-6	3,0000E+0	2,1935E+0	2,1937E+0	-1,0444E-6
411,5607E+0	1,0484E-6	3,0000E+0	2,1933E+0	2,1934E+0	-1,0477E-6
412,0734E+0	1,0489E-6	3,0000E+0	2,1933E+0	2,1937E+0	-1,0438E-6
412,5861E+0	1,0482E-6	3,0000E+0	2,1931E+0	2,1932E+0	-1,0470E-6
413,0988E+0	1,0470E-6	3,0000E+0	2,1932E+0	2,1935E+0	-1,0516E-6
413,6115E+0	1,0479E-6	3,0000E+0	2,1933E+0	2,1932E+0	-1,0472E-6
414,1242E+0	1,0480E-6	3,0000E+0	2,1928E+0	2,1932E+0	-1,0467E-6
414,6369E+0	1,0463E-6	3,0000E+0	2,1933E+0	2,1933E+0	-1,0509E-6
415,1495E+0	1,0477E-6	3,0000E+0	2,1924E+0	2,1930E+0	-1,0457E-6
415,6622E+0	1,0470E-6	3,0000E+0	2,1928E+0	2,1927E+0	-1,0481E-6
416,1749E+0	1,0474E-6	3,0000E+0	2,1924E+0	2,1929E+0	-1,0451E-6
416,6876E+0	1,0481E-6	3,0000E+0	2,1928E+0	2,1926E+0	-1,0420E-6
417,2003E+0	1,0464E-6	3,0000E+0	2,1927E+0	2,1928E+0	-1,0484E-6
417,7130E+0	1,0456E-6	3,0000E+0	2,1928E+0	2,1929E+0	-1,0473E-6
418,2256E+0	1,0457E-6	3,0000E+0	2,1924E+0	2,1928E+0	-1,0460E-6
418,7383E+0	1,0452E-6	3,0000E+0	2,1922E+0	2,1925E+0	-1,0506E-6
419,2510E+0	1,0454E-6	3,0000E+0	2,1923E+0	2,1923E+0	-1,0460E-6
419,7637E+0	1,0474E-6	3,0000E+0	2,1914E+0	2,1922E+0	-1,0426E-6
420,2764E+0	1,0459E-6	3,0000E+0	2,1915E+0	2,1922E+0	-1,0478E-6
420,7891E+0	1,0456E-6	3,0000E+0	2,1919E+0	2,1924E+0	-1,0455E-6
421,3018E+0	1,0460E-6	3,0000E+0	2,1913E+0	2,1918E+0	-1,0455E-6
421,8145E+0	1,0460E-6	3,0000E+0	2,1919E+0	2,1921E+0	-1,0488E-6
422,3271E+0	1,0475E-6	3,0000E+0	2,1917E+0	2,1922E+0	-1,0417E-6
422,8398E+0	1,0455E-6	3,0000E+0	2,1919E+0	2,1922E+0	-1,0496E-6
423,3525E+0	1,0461E-6	3,0000E+0	2,1919E+0	2,1922E+0	-1,0474E-6
423,8652E+0	1,0456E-6	3,0000E+0	2,1915E+0	2,1919E+0	-1,0457E-6
424,3779E+0	1,0468E-6	3,0000E+0	2,1913E+0	2,1916E+0	-1,0468E-6
424,8906E+0	1,0454E-6	3,0000E+0	2,1913E+0	2,1917E+0	-1,0482E-6
425,4033E+0	1,0474E-6	3,0000E+0	2,1908E+0	2,1915E+0	-1,0431E-6
425,9160E+0	1,0473E-6	3,0000E+0	2,1911E+0	2,1913E+0	-1,0494E-6
426,4287E+0	1,0469E-6	3,0000E+0	2,1912E+0	2,1915E+0	-1,0477E-6
426,9414E+0	1,0479E-6	3,0000E+0	2,1908E+0	2,1912E+0	-1,0449E-6
427,4541E+0	1,0465E-6	3,0000E+0	2,1910E+0	2,1912E+0	-1,0518E-6
427,9668E+0	1,0488E-6	3,0000E+0	2,1912E+0	2,1912E+0	-1,0446E-6
428,4795E+0	1,0475E-6	3,0000E+0	2,1907E+0	2,1912E+0	-1,0500E-6
428,9922E+0	1,0489E-6	3,0000E+0	2,1910E+0	2,1908E+0	-1,0474E-6
429,5049E+0	1,0477E-6	3,0000E+0	2,1907E+0	2,1912E+0	-1,0467E-6
430,0176E+0	1,0487E-6	3,0000E+0	2,1900E+0	2,1906E+0	-1,0476E-6
430,5303E+0	1,0488E-6	3,0000E+0	2,1904E+0	2,1903E+0	-1,0465E-6
431,0430E+0	1,0490E-6	3,0000E+0	2,1900E+0	2,1906E+0	-1,0436E-6
431,5557E+0	1,0472E-6	3,0000E+0	2,1907E+0	2,1907E+0	-1,0496E-6
432,0684E+0	1,0466E-6	3,0000E+0	2,1900E+0	2,1904E+0	-1,0483E-6
432,5811E+0	1,0484E-6	3,0000E+0	2,1902E+0	2,1900E+0	-1,0425E-6
433,0938E+0	1,0459E-6	3,0000E+0	2,1902E+0	2,1906E+0	-1,0503E-6
433,6064E+0	1,0459E-6	3,0000E+0	2,1902E+0	2,1905E+0	-1,0468E-6
434,1192E+0	1,0463E-6	3,0000E+0	2,1898E+0	2,1905E+0	-1,0470E-6
434,6319E+0	1,0444E-6	3,0000E+0	2,1900E+0	2,1902E+0	-1,0510E-6
435,1446E+0	1,0456E-6	3,0000E+0	2,1898E+0	2,1901E+0	-1,0453E-6
435,6573E+0	1,0443E-6	3,0000E+0	2,1896E+0	2,1901E+0	-1,0479E-6
436,1700E+0	1,0437E-6	3,0000E+0	2,1892E+0	2,1899E+0	-1,0500E-6
436,6826E+0	1,0448E-6	3,0000E+0	2,1897E+0	2,1897E+0	-1,0429E-6
437,1954E+0	1,0450E-6	3,0000E+0	2,1892E+0	2,1896E+0	-1,0452E-6
437,7080E+0	1,0453E-6	3,0000E+0	2,1893E+0	2,1897E+0	-1,0443E-6
438,2207E+0	1,0461E-6	3,0000E+0	2,1891E+0	2,1893E+0	-1,0394E-6
438,7334E+0	1,0440E-6	3,0000E+0	2,1890E+0	2,1892E+0	-1,0469E-6
439,2461E+0	1,0443E-6	3,0000E+0	2,1890E+0	2,1897E+0	-1,0443E-6
439,7588E+0	1,0449E-6	3,0000E+0	2,1887E+0	2,1891E+0	-1,0395E-6
440,2715E+0	1,0444E-6	3,0000E+0	2,1887E+0	2,1889E+0	-1,0444E-6
440,7842E+0	1,0446E-6	3,0000E+0	2,1887E+0	2,1892E+0	-1,0412E-6
441,2969E+0	1,0434E-6	3,0000E+0	2,1887E+0	2,1886E+0	-1,0415E-6
441,8096E+0	1,0441E-6	3,0000E+0	2,1889E+0	2,1890E+0	-1,0448E-6
442,3223E+0	1,0434E-6	3,0000E+0	2,1886E+0	2,1889E+0	-1,0439E-6
442,8350E+0	1,0446E-6	3,0000E+0	2,1884E+0	2,1887E+0	-1,0407E-6
443,3477E+0	1,0425E-6	3,0000E+0	2,1887E+0	2,1886E+0	-1,0472E-6
443,8604E+0	1,0456E-6	3,0000E+0	2,1883E+0	2,1883E+0	-1,0399E-6
444,3731E+0	1,0442E-6	3,0000E+0	2,1882E+0	2,1887E+0	-1,0439E-6
444,8858E+0	1,0448E-6	3,0000E+0	2,1882E+0	2,1886E+0	-1,0441E-6
445,3984E+0	1,0438E-6	3,0000E+0	2,1882E+0	2,1886E+0	-1,0428E-6
445,9111E+0	1,0446E-6	3,0000E+0	2,1878E+0	2,1882E+0	-1,0441E-6
446,4238E+0	1,0428E-6	3,0000E+0	2,1880E+0	2,1887E+0	-1,0478E-6
446,9365E+0	1,0441E-6	3,0000E+0	2,1879E+0	2,1882E+0	-1,0438E-6
447,4492E+0	1,0434E-6	3,0000E+0	2,1879E+0	2,1881E+0	-1,0481E-6
447,9619E+0	1,0450E-6	3,0000E+0	2,1875E+0	2,1878E+0	-1,0435E-6
448,4745E+0	1,0455E-6	3,0000E+0	2,1876E+0	2,1877E+0	-1,0399E-6
448,9872E+0	1,0443E-6	3,0000E+0	2,1876E+0	2,1877E+0	-1,0448E-6
449,4999E+0	1,0452E-6	3,0000E+0	2,1875E+0	2,1877E+0	-1,0409E-6
450,0126E+0	1,0449E-6	3,0000E+0	2,1867E+0	2,1874E+0	-1,0401E-6
450,5253E+0	1,0420E-6	3,0000E+0	2,1871E+0	2,1875E+0	-1,0476E-6
451,0381E+0	1,0447E-6	3,0000E+0	2,1867E+0	2,1872E+0	-1,0409E-6
451,5508E+0	1,0425E-6	3,0000E+0	2,1872E+0	2,1878E+0	-1,0431E-6
452,0634E+0	1,0424E-6	3,0000E+0	2,1871E+0	2,1874E+0	-1,0446E-6
452,5761E+0	1,0431E-6	3,0000E+0	2,1871E+0	2,1873E+0	-1,0403E-6
453,0889E+0	1,0422E-6	3,0000E+0	2,1872E+0	2,1873E+0	-1,0412E-6
453,6016E+0	1,0418E-6	3,0000E+0	2,1871E+0	2,1872E+0	-1,0440E-6
454,1143E+0	1,0426E-6	3,0000E+0	2,1870E+0	2,1872E+0	-1,0383E-6
454,6270E+0	1,0420E-6	3,0000E+0	2,1869E+0	2,1871E+0	-1,0401E-6
455,1396E+0	1,0417E-6	3,0000E+0	2,1867E+0	2,1869E+0	-1,0413E-6
455,6523E+0	1,0430E-6	3,0000E+0	2,1865E+0	2,1865E+0	-1,0358E-6
456,1650E+0	1,0409E-6	3,0000E+0	2,1864E+0	2,1864E+0	-1,0414E-6
456,6777E+0	1,0411E-6	3,0000E+0	2,1864E+0	2,1867E+0	-1,0408E-6
457,1904E+0	1,0419E-6	3,0000E+0	2,1857E+0	2,1864E+0	-1,0371E-6
457,7032E+0	1,0411E-6	3,0000E+0	2,1864E+0	2,1866E+0	-1,0421E-6
458,2159E+0	1,0394E-6	3,0000E+0	2,1862E+0	2,1865E+0	-1,0444E-6
458,7285E+0	1,0424E-6	3,0000E+0	2,1860E+0	2,1864E+0	-1,0351E-6
459,2412E+0	1,0392E-6	3,0000E+0	2,1861E+0	2,1864E+0	-1,0449E-6
459,7540E+0	1,0414E-6	3,0000E+0	2,1859E+0	2,1862E+0	-1,0388E-6
460,2667E+0	1,0416E-6	3,0000E+0	2,1857E+0	2,1859E+0	-1,0363E-6
460,7793E+0	1,0396E-6	3,0000E+0	2,1852E+0	2,1859E+0	-1,0423E-6
461,2920E+0	1,0391E-6	3,0000E+0	2,1857E+0	2,1859E+0	-1,0408E-6
461,8047E+0	1,0401E-6	3,0000E+0	2,1855E+0	2,1857E+0	-1,0378E-6
462,3174E+0	1,0403E-6	3,0000E+0	2,1857E+0	2,1855E+0	-1,0397E-6
462,8301E+0	1,0410E-6	3,0000E+0	2,1855E+0	2,1856E+0	-1,0361E-6
463,3428E+0	1,0399E-6	3,0000E+0	2,1852E+0	2,1853E+0	-1,0373E-6
463,8554E+0	1,0398E-6	3,0000E+0	2,1852E+0	2,1854E+0	-1,0420E-6
464,3681E+0	1,0399E-6	3,0000E+0	2,1850E+0	2,1854E+0	-1,0379E-6
464,8808E+0	1,0401E-6	3,0000E+0	2,1852E+0	2,1850E+0	-1,0382E-6
465,3935E+0	1,0398E-6	3,0000E+0	2,1849E+0	2,1851E+0	-1,0405E-6
465,9062E+0	1,0410E-6	3,0000E+0	2,1848E+0	2,1851E+0	-1,0356E-6
466,4189E+0	1,0406E-6	3,0000E+0	2,1850E+0	2,1845E+0	-1,0380E-6
466,9316E+0	1,0393E-6	3,0000E+0	2,1847E+0	2,1846E+0	-1,0409E-6
467,4443E+0	1,0409E-6	3,0000E+0	2,1843E+0	2,1848E+0	-1,0355E-6
467,9570E+0	1,0404E-6	3,0000E+0	2,1853E+0	2,1846E+0	-1,0387E-6
468,4697E+0	1,0404E-6	3,0000E+0	2,1840E+0	2,1847E+0	-1,0389E-6
468,9823E+0	1,0412E-6	3,0000E+0	2,1846E+0	2,1846E+0	-1,0341E-6
469,4950E+0	1,0398E-6	3,0000E+0	2,1842E+0	2,1844E+0	-1,0394E-6
470,0077E+0	1,0396E-6	3,0000E+0	2,1842E+0	2,1847E+0	-1,0380E-6
470,5204E+0	1,0393E-6	3,0000E+0	2,1844E+0	2,1846E+0	-1,0383E-6
471,0331E+0	1,0375E-6	3,0000E+0	2,1843E+0	2,1846E+0	-1,0421E-6
471,5458E+0	1,0375E-6	3,0000E+0	2,1837E+0	2,1845E+0	-1,0401E-6
472,0584E+0	1,0386E-6	3,0000E+0	2,1841E+0	2,1844E+0	-1,0363E-6
472,5711E+0	1,0369E-6	3,0000E+0	2,1841E+0	2,1838E+0	-1,0416E-6
473,0838E+0	1,0390E-6	3,0000E+0	2,1837E+0	2,1841E+0	-1,0352E-6
473,5965E+0	1,0396E-6	3,0000E+0	2,1836E+0	2,1837E+0	-1,0330E-6
474,1092E+0	1,0380E-6	3,0000E+0	2,1834E+0	2,1836E+0	-1,0391E-6
474,6219E+0	1,0370E-6	3,0000E+0	2,1836E+0	2,1837E+0	-1,0383E-6
475,1346E+0	1,0377E-6	3,0000E+0	2,1831E+0	2,1838E+0	-1,0367E-6
475,6473E+0	1,0373E-6	3,0000E+0	2,1830E+0	2,1836E+0	-1,0395E-6
476,1600E+0	1,0375E-6	3,0000E+0	2,1832E+0	2,1834E+0	-1,0357E-6
476,6727E+0	1,0380E-6	3,0000E+0	2,1829E+0	2,1834E+0	-1,0361E-6
477,1854E+0	1,0372E-6	3,0000E+0	2,1831E+0	2,1833E+0	-1,0390E-6
477,6981E+0	1,0391E-6	3,0000E+0	2,1828E+0	2,1831E+0	-1,0333E-6
478,2108E+0	1,0373E-6	3,0000E+0	2,1831E+0	2,1834E+0	-1,0380E-6
478,7235E+0	1,0366E-6	3,0000E+0	2,1825E+0	2,1832E+0	-1,0400E-6
479,2362E+0	1,0381E-6	3,0000E+0	2,1830E+0	2,1831E+0	-1,0341E-6
479,7489E+0	1,0372E-6	3,0000E+0	2,1823E+0	2,1830E+0	-1,0388E-6
480,2616E+0	1,0356E-6	3,0000E+0	2,1825E+0	2,1831E+0	-1,0406E-6
480,7743E+0	1,0387E-6	3,0000E+0	2,1826E+0	2,1826E+0	-1,0318E-6
481,2870E+0	1,0364E-6	3,0000E+0	2,1827E+0	2,1831E+0	-1,0397E-6
481,7997E+0	1,0380E-6	3,0000E+0	2,1817E+0	2,1828E+0	-1,0342E-6
482,3124E+0	1,0369E-6	3,0000E+0	2,1823E+0	2,1827E+0	-1,0352E-6
482,8250E+0	1,0362E-6	3,0000E+0	2,1822E+0	2,1824E+0	-1,0393E-6
483,3377E+0	1,0364E-6	3,0000E+0	2,1823E+0	2,1825E+0	-1,0370E-6
483,8504E+0	1,0371E-6	3,0000E+0	2,1817E+0	2,1826E+0	-1,0334E-6
484,3632E+0	1,0365E-6	3,0000E+0	2,1817E+0	2,1821E+0	-1,0371E-6
484,8759E+0	1,0371E-6	3,0000E+0	2,1817E+0	2,1821E+0	-1,0324E-6
485,3885E+0	1,0372E-6	3,0000E+0	2,1819E+0	2,1819E+0	-1,0327E-6
485,9013E+0	1,0345E-6	3,0000E+0	2,1814E+0	2,1821E+0	-1,0386E-6
486,4139E+0	1,0368E-6	3,0000E+0	2,1816E+0	2,1817E+0	-1,0303E-6
486,9266E+0	1,0362E-6	3,0000E+0	2,1807E+0	2,1814E+0	-1,0327E-6
487,4393E+0	1,0343E-6	3,0000E+0	2,1815E+0	2,1816E+0	-1,0372E-6
487,9520E+0	1,0352E-6	3,0000E+0	2,1814E+0	2,1818E+0	-1,0310E-6
488,4647E+0	1,0340E-6	3,0000E+0	2,1815E+0	2,1817E+0	-1,0362E-6
488,9774E+0	1,0330E-6	3,0000E+0	2,1812E+0	2,1816E+0	-1,0374E-6
489,4901E+0	1,0332E-6	3,0000E+0	2,1813E+0	2,1815E+0	-1,0317E-6
490,0028E+0	1,0338E-6	3,0000E+0	2,1810E+0	2,1813E+0	-1,0337E-6
490,5155E+0	1,0340E-6	3,0000E+0	2,1808E+0	2,1812E+0	-1,0307E-6
491,0282E+0	1,0326E-6	3,0000E+0	2,1806E+0	2,1813E+0	-1,0320E-6
491,5408E+0	1,0316E-6	3,0000E+0	2,1806E+0	2,1812E+0	-1,0365E-6
492,0535E+0	1,0324E-6	3,0000E+0	2,1808E+0	2,1812E+0	-1,0318E-6
492,5662E+0	1,0326E-6	3,0000E+0	2,1808E+0	2,1810E+0	-1,0313E-6
493,0789E+0	1,0312E-6	3,0000E+0	2,1809E+0	2,1808E+0	-1,0350E-6
493,5916E+0	1,0320E-6	3,0000E+0	2,1812E+0	2,1812E+0	-1,0312E-6
494,1043E+0	1,0321E-6	3,0000E+0	2,1797E+0	2,1806E+0	-1,0301E-6
494,6170E+0	1,0308E-6	3,0000E+0	2,1802E+0	2,1811E+0	-1,0349E-6
495,1297E+0	1,0332E-6	3,0000E+0	2,1803E+0	2,1806E+0	-1,0266E-6
495,6424E+0	1,0313E-6	3,0000E+0	2,1802E+0	2,1807E+0	-1,0340E-6
496,1550E+0	1,0308E-6	3,0000E+0	2,1801E+0	2,1806E+0	-1,0351E-6
496,6677E+0	1,0318E-6	3,0000E+0	2,1803E+0	2,1806E+0	-1,0299E-6
497,1804E+0	1,0310E-6	3,0000E+0	2,1803E+0	2,1802E+0	-1,0350E-6
497,6931E+0	1,0312E-6	3,0000E+0	2,1799E+0	2,1805E+0	-1,0325E-6
498,2058E+0	1,0314E-6	3,0000E+0	2,1796E+0	2,1801E+0	-1,0323E-6
498,7185E+0	1,0308E-6	3,0000E+0	2,1798E+0	2,1800E+0	-1,0348E-6
499,2312E+0	1,0325E-6	3,0000E+0	2,1789E+0	2,1798E+0	-1,0276E-6
499,7439E+0	1,0314E-6	3,0000E+0	2,1796E+0	2,1799E+0	-1,0319E-6
500,2566E+0	1,0313E-6	3,0000E+0	2,1795E+0	2,1797E+0	-1,0336E-6
500,7693E+0	1,0324E-6	3,0000E+0	2,1794E+0	2,1794E+0	-1,0274E-6
501,2820E+0	1,0326E-6	3,0000E+0	2,1792E+0	2,1792E+0	-1,0307E-6
501,7947E+0	1,0317E-6	3,0000E+0	2,1790E+0	2,1794E+0	-1,0324E-6
502,3074E+0	1,0307E-6	3,0000E+0	2,1797E+0	2,1795E+0	-1,0315E-6
502,8200E+0	1,0301E-6	3,0000E+0	2,1792E+0	2,1793E+0	-1,0359E-6
503,3327E+0	1,0310E-6	3,0000E+0	2,1785E+0	2,1796E+0	-1,0319E-6
503,8455E+0	1,0314E-6	3,0000E+0	2,1791E+0	2,1795E+0	-1,0306E-6
504,3582E+0	1,0303E-6	3,0000E+0	2,1792E+0	2,1795E+0	-1,0364E-6
504,8708E+0	1,0321E-6	3,0000E+0	2,1787E+0	2,1786E+0	-1,0286E-6
505,3835E+0	1,0313E-6	3,0000E+0	2,1785E+0	2,1787E+0	-1,0338E-6
505,8963E+0	1,0324E-6	3,0000E+0	2,1783E+0	2,1786E+0	-1,0314E-6
506,4089E+0	1,0316E-6	3,0000E+0	2,1789E+0	2,1790E+0	-1,0316E-6
506,9217E+0	1,0317E-6	3,0000E+0	2,1783E+0	2,1784E+0	-1,0326E-6
507,4344E+0	1,0333E-6	3,0000E+0	2,1778E+0	2,1783E+0	-1,0294E-6
507,9471E+0	1,0322E-6	3,0000E+0	2,1786E+0	2,1786E+0	-1,0303E-6
508,4597E+0	1,0321E-6	3,0000E+0	2,1782E+0	2,1787E+0	-1,0335E-6
508,9724E+0	1,0322E-6	3,0000E+0	2,1782E+0	2,1783E+0	-1,0295E-6
509,4851E+0	1,0333E-6	3,0000E+0	2,1778E+0	2,1781E+0	-1,0289E-6
509,9978E+0	1,0317E-6	3,0000E+0	2,1780E+0	2,1782E+0	-1,0349E-6
510,5105E+0	1,0328E-6	3,0000E+0	2,1778E+0	2,1783E+0	-1,0314E-6
511,0233E+0	1,0327E-6	3,0000E+0	2,1779E+0	2,1780E+0	-1,0324E-6
511,5359E+0	1,0316E-6	3,0000E+0	2,1777E+0	2,1781E+0	-1,0342E-6
512,0486E+0	1,0328E-6	3,0000E+0	2,1776E+0	2,1781E+0	-1,0294E-6
512,5613E+0	1,0314E-6	3,0000E+0	2,1778E+0	2,1779E+0	-1,0357E-6
513,0740E+0	1,0328E-6	3,0000E+0	2,1778E+0	2,1776E+0	-1,0294E-6
513,5867E+0	1,0319E-6	3,0000E+0	2,1773E+0	2,1775E+0	-1,0304E-6
514,0994E+0	1,0322E-6	3,0000E+0	2,1776E+0	2,1776E+0	-1,0351E-6
514,6121E+0	1,0317E-6	3,0000E+0	2,1772E+0	2,1775E+0	-1,0306E-6
515,1248E+0	1,0316E-6	3,0000E+0	2,1768E+0	2,1772E+0	-1,0305E-6
515,6375E+0	1,0303E-6	3,0000E+0	2,1771E+0	2,1774E+0	-1,0344E-6
