Time	Cur1	Volt1	Volt2	Volt3	Cur4
527,0069E-3	99,9284E-3	3,0000E+0	2,8350E+0	2,8353E+0	-99,9314E-3
1,0398E+0	23,1678E-3	3,0000E+0	2,9619E+0	2,9624E+0	-23,1678E-3
1,5525E+0	9,0056E-3	3,0000E+0	2,9850E+0	2,9855E+0	-9,0048E-3
2,1789E+0	2,4607E-3	3,0000E+0	2,9934E+0	2,9938E+0	-2,4612E-3
2,6916E+0	2,1842E-3	3,0000E+0	2,9965E+0	2,9969E+0	-2,1846E-3
3,2043E+0	1,8293E-3	3,0000E+0	2,9971E+0	2,9977E+0	-1,8292E-3
3,7170E+0	1,5748E-3	3,0000E+0	2,9976E+0	2,9980E+0	-1,5750E-3
4,2297E+0	1,4244E-3	3,0000E+0	2,9977E+0	2,9981E+0	-1,4245E-3
4,7424E+0	1,2729E-3	3,0000E+0	2,9976E+0	2,9982E+0	-1,2730E-3
5,2551E+0	1,0734E-3	3,0000E+0	2,9966E+0	2,9972E+0	-1,0730E-3
5,7678E+0	916,3427E-6	3,0000E+0	2,9980E+0	2,9991E+0	-916,5067E-6
6,2805E+0	867,3298E-6	3,0000E+0	2,9988E+0	2,9992E+0	-867,1284E-6
6,7932E+0	1,4492E-3	3,0000E+0	2,9962E+0	2,9970E+0	-1,4493E-3
7,3059E+0	802,1334E-6	3,0000E+0	2,9981E+0	2,9991E+0	-802,2013E-6
7,8186E+0	1,5346E-3	3,0000E+0	2,9979E+0	2,9978E+0	-1,5346E-3
8,3313E+0	754,8440E-6	3,0000E+0	2,9989E+0	2,9995E+0	-755,0084E-6
8,8440E+0	1,3364E-3	3,0000E+0	2,9977E+0	2,9984E+0	-1,3364E-3
9,3566E+0	731,9769E-6	3,0000E+0	2,9991E+0	2,9992E+0	-731,8952E-6
9,8694E+0	1,1285E-3	3,0000E+0	2,9980E+0	2,9987E+0	-1,1284E-3
10,3821E+0	674,0526E-6	3,0000E+0	2,9987E+0	2,9992E+0	-674,4483E-6
10,8948E+0	808,7329E-6	3,0000E+0	2,9983E+0	2,9992E+0	-808,5470E-6
11,4075E+0	523,3149E-6	3,0000E+0	2,9987E+0	2,9997E+0	-523,5401E-6
11,9202E+0	724,8310E-6	3,0000E+0	2,9989E+0	2,9991E+0	-724,8772E-6
12,4329E+0	554,8412E-6	3,0000E+0	2,9991E+0	2,9996E+0	-554,9320E-6
12,9456E+0	723,4858E-6	3,0000E+0	2,9989E+0	2,9992E+0	-723,4903E-6
13,4584E+0	580,6508E-6	3,0000E+0	2,9992E+0	2,9995E+0	-580,7348E-6
13,9711E+0	672,2871E-6	3,0000E+0	2,9989E+0	2,9994E+0	-672,3892E-6
14,4838E+0	564,0468E-6	3,0000E+0	2,9991E+0	2,9996E+0	-564,1353E-6
14,9965E+0	618,2301E-6	3,0000E+0	2,9993E+0	2,9991E+0	-618,0941E-6
15,6228E+0	242,7508E-6	3,0000E+0	2,9990E+0	2,9993E+0	-242,7598E-6
16,1355E+0	467,1262E-6	3,0000E+0	2,9999E+0	3,0002E+0	-467,1311E-6
16,6482E+0	476,6723E-6	3,0000E+0	2,9994E+0	2,9999E+0	-476,6649E-6
17,1609E+0	428,7946E-6	3,0000E+0	2,9998E+0	3,0001E+0	-428,7859E-6
17,6736E+0	457,9039E-6	3,0000E+0	2,9995E+0	3,0001E+0	-457,9042E-6
18,1863E+0	387,1366E-6	3,0000E+0	2,9998E+0	3,0001E+0	-387,1913E-6
18,6990E+0	463,8418E-6	3,0000E+0	2,9993E+0	2,9998E+0	-463,9028E-6
19,2117E+0	346,2314E-6	3,0000E+0	2,9997E+0	3,0000E+0	-346,2440E-6
19,7244E+0	430,2917E-6	3,0000E+0	2,9993E+0	2,9996E+0	-430,3076E-6
20,2371E+0	301,2806E-6	3,0000E+0	2,9997E+0	3,0001E+0	-301,2865E-6
20,7498E+0	411,4854E-6	3,0000E+0	2,9992E+0	2,9999E+0	-411,4881E-6
21,2625E+0	296,0113E-6	3,0000E+0	2,9996E+0	3,0002E+0	-295,9816E-6
21,7752E+0	449,6614E-6	3,0000E+0	2,9981E+0	2,9985E+0	-449,6315E-6
22,2879E+0	286,7764E-6	3,0000E+0	2,9992E+0	3,0000E+0	-286,7757E-6
22,9137E+0	567,5778E-6	3,0000E+0	2,9981E+0	2,9983E+0	-567,7913E-6
23,4264E+0	446,8952E-6	3,0000E+0	2,9996E+0	2,9996E+0	-446,8042E-6
23,9391E+0	443,9107E-6	3,0000E+0	2,9992E+0	2,9998E+0	-443,9046E-6
24,5654E+0	191,9084E-6	3,0000E+0	2,9993E+0	2,9997E+0	-191,9425E-6
25,0781E+0	482,4798E-6	3,0000E+0	2,9999E+0	3,0006E+0	-482,5247E-6
25,5908E+0	385,2736E-6	3,0000E+0	2,9989E+0	2,9999E+0	-385,2870E-6
26,1035E+0	449,4974E-6	3,0000E+0	3,0000E+0	3,0002E+0	-449,5096E-6
26,6162E+0	380,9422E-6	3,0000E+0	2,9995E+0	2,9998E+0	-380,9657E-6
27,1289E+0	390,8625E-6	3,0000E+0	2,9993E+0	2,9998E+0	-390,8610E-6
27,6416E+0	385,7951E-6	3,0000E+0	2,9994E+0	2,9997E+0	-385,8125E-6
28,1543E+0	349,3055E-6	3,0000E+0	2,9993E+0	3,0002E+0	-349,3169E-6
28,6670E+0	366,6104E-6	3,0000E+0	2,9993E+0	2,9994E+0	-366,6315E-6
29,1797E+0	309,1908E-6	3,0000E+0	3,0001E+0	3,0003E+0	-309,1893E-6
29,6924E+0	363,6709E-6	3,0000E+0	2,9993E+0	2,9999E+0	-363,7058E-6
30,2051E+0	254,0043E-6	3,0000E+0	2,9999E+0	3,0003E+0	-254,0045E-6
30,7178E+0	354,0449E-6	3,0000E+0	2,9998E+0	3,0001E+0	-354,0333E-6
31,2305E+0	240,9215E-6	3,0000E+0	2,9991E+0	3,0004E+0	-240,9102E-6
31,7432E+0	357,4974E-6	3,0000E+0	2,9995E+0	2,9999E+0	-357,5055E-6
32,2559E+0	241,1486E-6	3,0000E+0	2,9993E+0	2,9999E+0	-241,1624E-6
32,7686E+0	363,4059E-6	3,0000E+0	2,9981E+0	2,9988E+0	-363,4410E-6
33,2813E+0	203,3595E-6	3,0000E+0	2,9999E+0	3,0002E+0	-203,3763E-6
33,9071E+0	489,3926E-6	3,0000E+0	2,9977E+0	2,9986E+0	-489,5006E-6
34,5334E+0	180,7643E-6	3,0000E+0	2,9996E+0	2,9996E+0	-180,7820E-6
35,1592E+0	305,3211E-6	3,0000E+0	2,9997E+0	3,0002E+0	-305,6876E-6
35,7855E+0	277,5415E-6	3,0000E+0	2,9977E+0	2,9981E+0	-277,6623E-6
36,2982E+0	206,6565E-6	3,0000E+0	2,9997E+0	2,9998E+0	-206,6719E-6
36,9240E+0	532,7728E-6	3,0000E+0	2,9984E+0	2,9986E+0	-533,0375E-6
37,5503E+0	173,9054E-6	3,0000E+0	2,9991E+0	2,9997E+0	-173,9259E-6
38,0630E+0	451,3309E-6	3,0000E+0	2,9994E+0	2,9996E+0	-451,3256E-6
38,5757E+0	313,4130E-6	3,0000E+0	2,9996E+0	3,0000E+0	-313,4475E-6
39,0884E+0	414,4208E-6	3,0000E+0	3,0000E+0	3,0001E+0	-414,4348E-6
39,6011E+0	317,8496E-6	3,0000E+0	2,9997E+0	3,0000E+0	-317,8403E-6
40,1137E+0	361,6775E-6	3,0000E+0	3,0001E+0	3,0003E+0	-361,6922E-6
40,6264E+0	338,9772E-6	3,0000E+0	2,9996E+0	2,9998E+0	-339,0096E-6
41,1391E+0	306,1966E-6	3,0000E+0	2,9996E+0	3,0001E+0	-306,2132E-6
41,6518E+0	329,2586E-6	3,0000E+0	2,9996E+0	2,9999E+0	-329,2531E-6
42,1645E+0	272,4993E-6	3,0000E+0	3,0001E+0	3,0001E+0	-272,4877E-6
42,6772E+0	303,8374E-6	3,0000E+0	2,9997E+0	3,0000E+0	-303,8507E-6
43,1899E+0	225,0674E-6	3,0000E+0	3,0000E+0	3,0004E+0	-225,0585E-6
43,7026E+0	315,8689E-6	3,0000E+0	3,0000E+0	3,0001E+0	-315,8604E-6
44,2153E+0	212,1108E-6	3,0000E+0	3,0000E+0	3,0003E+0	-212,1156E-6
44,7280E+0	323,1862E-6	3,0000E+0	2,9995E+0	3,0001E+0	-323,1915E-6
45,2407E+0	204,2679E-6	3,0000E+0	2,9998E+0	3,0004E+0	-204,2759E-6
45,7535E+0	317,5637E-6	3,0000E+0	2,9996E+0	2,9997E+0	-317,6091E-6
46,2662E+0	203,2586E-6	3,0000E+0	2,9998E+0	3,0003E+0	-203,2964E-6
46,7789E+0	434,6610E-6	3,0000E+0	2,9970E+0	2,9979E+0	-434,6625E-6
47,2916E+0	199,2425E-6	3,0000E+0	2,9995E+0	2,9999E+0	-199,2484E-6
47,9174E+0	515,2022E-6	3,0000E+0	2,9986E+0	2,9988E+0	-514,7150E-6
48,5436E+0	171,2477E-6	3,0000E+0	2,9996E+0	2,9996E+0	-171,2524E-6
49,0563E+0	465,1076E-6	3,0000E+0	2,9998E+0	3,0003E+0	-465,1007E-6
49,5690E+0	308,1142E-6	3,0000E+0	2,9996E+0	2,9998E+0	-308,1090E-6
50,0817E+0	404,0210E-6	3,0000E+0	3,0000E+0	3,0001E+0	-404,0519E-6
50,5944E+0	314,9521E-6	3,0000E+0	2,9993E+0	2,9996E+0	-314,9608E-6
51,1071E+0	334,2167E-6	3,0000E+0	2,9991E+0	2,9994E+0	-334,2091E-6
51,6198E+0	287,3694E-6	3,0000E+0	2,9991E+0	2,9997E+0	-287,4063E-6
52,1325E+0	291,7345E-6	3,0000E+0	3,0002E+0	3,0005E+0	-291,7318E-6
52,6452E+0	306,6508E-6	3,0000E+0	2,9998E+0	3,0000E+0	-306,6924E-6
53,1579E+0	256,3972E-6	3,0000E+0	3,0000E+0	3,0001E+0	-256,3795E-6
53,6706E+0	301,7684E-6	3,0000E+0	2,9993E+0	2,9999E+0	-301,7784E-6
54,1833E+0	236,9139E-6	3,0000E+0	2,9999E+0	3,0003E+0	-236,9210E-6
54,6960E+0	301,3857E-6	3,0000E+0	2,9991E+0	2,9998E+0	-301,3706E-6
55,2087E+0	186,2480E-6	3,0000E+0	3,0001E+0	3,0004E+0	-186,2593E-6
55,7214E+0	306,9073E-6	3,0000E+0	2,9995E+0	3,0000E+0	-306,8941E-6
56,2341E+0	181,4245E-6	3,0000E+0	2,9999E+0	3,0002E+0	-181,4209E-6
56,7468E+0	299,3756E-6	3,0000E+0	2,9996E+0	2,9997E+0	-299,3655E-6
57,2595E+0	183,4473E-6	3,0000E+0	2,9998E+0	3,0002E+0	-183,4471E-6
57,7722E+0	379,5081E-6	3,0000E+0	2,9967E+0	2,9970E+0	-379,5491E-6
58,2849E+0	163,0683E-6	3,0000E+0	2,9998E+0	3,0003E+0	-163,0764E-6
58,9107E+0	476,8241E-6	3,0000E+0	2,9984E+0	2,9986E+0	-477,0615E-6
59,5370E+0	154,3927E-6	3,0000E+0	2,9995E+0	2,9997E+0	-154,3918E-6
60,0497E+0	434,7872E-6	3,0000E+0	2,9996E+0	3,0005E+0	-434,7634E-6
60,5624E+0	292,6849E-6	3,0000E+0	2,9996E+0	3,0000E+0	-292,7070E-6
61,0751E+0	389,2561E-6	3,0000E+0	3,0001E+0	3,0001E+0	-389,2763E-6
61,5878E+0	311,5374E-6	3,0000E+0	2,9988E+0	3,0000E+0	-311,5349E-6
62,1005E+0	332,7070E-6	3,0000E+0	2,9990E+0	3,0003E+0	-332,6958E-6
62,6132E+0	288,5006E-6	3,0000E+0	2,9995E+0	3,0001E+0	-288,4950E-6
63,1259E+0	266,8011E-6	3,0000E+0	3,0004E+0	3,0003E+0	-266,8044E-6
63,6386E+0	292,1298E-6	3,0000E+0	2,9996E+0	3,0001E+0	-292,1605E-6
64,1513E+0	248,2136E-6	3,0000E+0	3,0002E+0	3,0004E+0	-248,2287E-6
64,6640E+0	299,6195E-6	3,0000E+0	2,9991E+0	2,9999E+0	-299,6261E-6
65,1767E+0	219,9790E-6	3,0000E+0	3,0001E+0	3,0003E+0	-220,0226E-6
65,6894E+0	287,5418E-6	3,0000E+0	2,9996E+0	3,0000E+0	-287,5408E-6
66,2020E+0	195,7689E-6	3,0000E+0	2,9997E+0	3,0001E+0	-195,7636E-6
66,7148E+0	264,6101E-6	3,0000E+0	2,9988E+0	2,9997E+0	-264,6185E-6
67,2275E+0	159,9479E-6	3,0000E+0	2,9996E+0	3,0005E+0	-159,9615E-6
67,7401E+0	283,3659E-6	3,0000E+0	2,9995E+0	3,0000E+0	-283,3708E-6
68,2528E+0	166,8405E-6	3,0000E+0	2,9999E+0	3,0005E+0	-166,8302E-6
68,7656E+0	383,3518E-6	3,0000E+0	2,9976E+0	2,9980E+0	-383,3492E-6
69,2782E+0	164,3888E-6	3,0000E+0	2,9991E+0	3,0000E+0	-164,3879E-6
69,9040E+0	487,7953E-6	3,0000E+0	2,9982E+0	2,9986E+0	-487,9457E-6
70,5303E+0	164,3131E-6	3,0000E+0	2,9993E+0	2,9998E+0	-164,3081E-6
71,0431E+0	427,5204E-6	3,0000E+0	2,9998E+0	3,0002E+0	-427,5122E-6
71,5557E+0	263,5504E-6	3,0000E+0	2,9991E+0	3,0001E+0	-263,5592E-6
72,0685E+0	362,6742E-6	3,0000E+0	3,0000E+0	3,0003E+0	-362,7011E-6
72,5812E+0	281,3642E-6	3,0000E+0	2,9995E+0	2,9999E+0	-281,3615E-6
73,0938E+0	325,8019E-6	3,0000E+0	3,0002E+0	3,0003E+0	-325,7935E-6
73,6066E+0	280,6198E-6	3,0000E+0	3,0000E+0	3,0001E+0	-280,6553E-6
74,1193E+0	288,0338E-6	3,0000E+0	3,0000E+0	3,0003E+0	-288,0578E-6
74,6320E+0	275,5650E-6	3,0000E+0	2,9993E+0	2,9995E+0	-275,5563E-6
75,1447E+0	228,3981E-6	3,0000E+0	2,9986E+0	2,9991E+0	-228,4003E-6
75,6574E+0	265,0727E-6	3,0000E+0	2,9999E+0	3,0002E+0	-265,0894E-6
76,1701E+0	195,8194E-6	3,0000E+0	3,0000E+0	3,0004E+0	-195,8224E-6
76,6828E+0	284,0556E-6	3,0000E+0	3,0006E+0	3,0003E+0	-284,0518E-6
77,1955E+0	180,0746E-6	3,0000E+0	3,0000E+0	3,0005E+0	-180,0589E-6
77,7082E+0	286,3012E-6	3,0000E+0	3,0002E+0	3,0001E+0	-286,2881E-6
78,2209E+0	177,1435E-6	3,0000E+0	3,0000E+0	3,0001E+0	-177,1248E-6
78,7336E+0	285,3214E-6	3,0000E+0	2,9995E+0	2,9998E+0	-285,3087E-6
79,2463E+0	148,0637E-6	3,0000E+0	2,9992E+0	3,0002E+0	-148,0696E-6
79,7590E+0	336,3236E-6	3,0000E+0	2,9981E+0	2,9981E+0	-336,3361E-6
80,2717E+0	140,7043E-6	3,0000E+0	2,9998E+0	3,0003E+0	-140,7091E-6
80,8975E+0	460,9349E-6	3,0000E+0	2,9980E+0	2,9989E+0	-460,8403E-6
81,5237E+0	150,2547E-6	3,0000E+0	2,9995E+0	2,9998E+0	-150,2470E-6
82,0364E+0	436,8268E-6	3,0000E+0	3,0001E+0	3,0004E+0	-436,8442E-6
82,5491E+0	278,2817E-6	3,0000E+0	2,9995E+0	3,0000E+0	-278,2802E-6
83,0618E+0	385,0760E-6	3,0000E+0	2,9999E+0	3,0001E+0	-385,1021E-6
83,5745E+0	283,9126E-6	3,0000E+0	2,9994E+0	2,9997E+0	-283,9089E-6
84,0872E+0	308,8628E-6	3,0000E+0	3,0002E+0	3,0006E+0	-308,8656E-6
84,6000E+0	266,9777E-6	3,0000E+0	3,0001E+0	3,0000E+0	-266,9852E-6
85,1127E+0	267,0156E-6	3,0000E+0	3,0001E+0	3,0006E+0	-267,0020E-6
85,6254E+0	275,8972E-6	3,0000E+0	2,9996E+0	3,0001E+0	-275,9304E-6
86,1381E+0	233,5748E-6	3,0000E+0	3,0001E+0	3,0002E+0	-233,5834E-6
86,6508E+0	291,1668E-6	3,0000E+0	2,9995E+0	3,0000E+0	-291,1559E-6
87,1635E+0	206,7616E-6	3,0000E+0	3,0000E+0	3,0001E+0	-206,7434E-6
87,6762E+0	280,0100E-6	3,0000E+0	2,9997E+0	2,9999E+0	-280,0121E-6
88,1889E+0	159,0017E-6	3,0000E+0	2,9997E+0	3,0006E+0	-159,0326E-6
88,7016E+0	273,8240E-6	3,0000E+0	2,9999E+0	3,0001E+0	-273,8496E-6
89,2143E+0	157,0799E-6	3,0000E+0	3,0002E+0	3,0006E+0	-157,0947E-6
89,7269E+0	284,6569E-6	3,0000E+0	2,9996E+0	2,9998E+0	-284,6739E-6
90,2397E+0	146,3437E-6	3,0000E+0	2,9998E+0	3,0000E+0	-146,3587E-6
90,7523E+0	330,5413E-6	3,0000E+0	2,9980E+0	2,9983E+0	-330,5436E-6
91,2650E+0	133,8286E-6	3,0000E+0	2,9999E+0	3,0004E+0	-133,8698E-6
91,7777E+0	484,8011E-6	3,0000E+0	2,9978E+0	2,9988E+0	-484,7862E-6
92,2904E+0	146,7011E-6	3,0000E+0	2,9998E+0	3,0002E+0	-146,7076E-6
92,9162E+0	491,4103E-6	3,0000E+0	2,9991E+0	2,9991E+0	-491,5178E-6
93,5425E+0	147,3404E-6	3,0000E+0	2,9996E+0	2,9999E+0	-147,3465E-6
94,0552E+0	370,0798E-6	3,0000E+0	3,0001E+0	3,0006E+0	-370,1079E-6
94,5679E+0	274,6482E-6	3,0000E+0	2,9998E+0	3,0000E+0	-274,6693E-6
95,0806E+0	340,2219E-6	3,0000E+0	2,9998E+0	3,0004E+0	-340,2161E-6
95,5933E+0	288,5216E-6	3,0000E+0	2,9995E+0	2,9999E+0	-288,5160E-6
96,1060E+0	291,0616E-6	3,0000E+0	2,9995E+0	3,0003E+0	-291,0382E-6
96,6187E+0	268,9080E-6	3,0000E+0	2,9988E+0	2,9999E+0	-268,9146E-6
97,1314E+0	233,1291E-6	3,0000E+0	2,9998E+0	3,0003E+0	-233,1504E-6
97,6441E+0	279,9974E-6	3,0000E+0	2,9991E+0	2,9998E+0	-279,9743E-6
98,1568E+0	197,3417E-6	3,0000E+0	2,9998E+0	3,0000E+0	-197,3273E-6
98,6696E+0	256,2794E-6	3,0000E+0	2,9995E+0	3,0002E+0	-256,2870E-6
99,2953E+0	414,7384E-6	3,0000E+0	2,9994E+0	2,9996E+0	-414,4878E-6
99,9216E+0	278,7148E-6	3,0000E+0	2,9963E+0	2,9966E+0	-278,7216E-6
100,2534E+0	1,9036E-3	3,0000E+0	2,9935E+0	2,9943E+0	-1,9039E-3
100,7661E+0	1,6007E-3	3,0000E+0	2,9971E+0	2,9981E+0	-1,6006E-3
101,2788E+0	1,5292E-3	3,0000E+0	2,9970E+0	2,9976E+0	-1,5294E-3
101,9051E+0	173,2914E-6	3,0000E+0	2,9992E+0	2,9995E+0	-173,2996E-6
102,4178E+0	259,0549E-6	3,0000E+0	2,9997E+0	3,0002E+0	-259,0488E-6
102,9305E+0	268,9963E-6	3,0000E+0	2,9993E+0	3,0001E+0	-268,9987E-6
103,4432E+0	248,4911E-6	3,0000E+0	2,9996E+0	3,0001E+0	-248,5398E-6
103,9559E+0	257,2761E-6	3,0000E+0	2,9991E+0	3,0002E+0	-257,2875E-6
104,4686E+0	257,5662E-6	3,0000E+0	2,9996E+0	3,0004E+0	-257,5986E-6
104,9813E+0	307,9124E-6	3,0000E+0	2,9992E+0	2,9998E+0	-307,9072E-6
105,6071E+0	982,2956E-6	3,0000E+0	2,9940E+0	2,9942E+0	-982,9886E-6
106,1198E+0	3,1555E-3	3,0000E+0	2,9949E+0	2,9951E+0	-3,1555E-3
106,6325E+0	3,2221E-3	3,0000E+0	2,9948E+0	2,9952E+0	-3,2222E-3
107,1452E+0	3,3625E-3	3,0000E+0	2,9945E+0	2,9951E+0	-3,3626E-3
107,6578E+0	3,2135E-3	3,0000E+0	2,9948E+0	2,9952E+0	-3,2139E-3
108,1705E+0	3,2745E-3	3,0000E+0	2,9946E+0	2,9952E+0	-3,2746E-3
108,6832E+0	3,2645E-3	3,0000E+0	2,9947E+0	2,9951E+0	-3,2646E-3
109,1959E+0	3,2267E-3	3,0000E+0	2,9949E+0	2,9951E+0	-3,2272E-3
109,7086E+0	3,2029E-3	3,0000E+0	2,9948E+0	2,9951E+0	-3,2028E-3
110,2213E+0	3,2409E-3	3,0000E+0	2,9932E+0	2,9936E+0	-3,2412E-3
110,7340E+0	3,1921E-3	3,0000E+0	2,9947E+0	2,9953E+0	-3,1922E-3
111,2467E+0	3,2596E-3	3,0000E+0	2,9941E+0	2,9951E+0	-3,2594E-3
111,7594E+0	3,1835E-3	3,0000E+0	2,9951E+0	2,9951E+0	-3,1834E-3
112,2721E+0	3,2381E-3	3,0000E+0	2,9947E+0	2,9950E+0	-3,2381E-3
112,7848E+0	3,1956E-3	3,0000E+0	2,9949E+0	2,9951E+0	-3,1954E-3
113,2975E+0	3,2271E-3	3,0000E+0	2,9946E+0	2,9951E+0	-3,2270E-3
113,8102E+0	3,1711E-3	3,0000E+0	2,9948E+0	2,9953E+0	-3,1712E-3
114,3229E+0	3,2619E-3	3,0000E+0	2,9947E+0	2,9949E+0	-3,2619E-3
114,8356E+0	3,1669E-3	3,0000E+0	2,9950E+0	2,9951E+0	-3,1671E-3
115,3483E+0	3,3690E-3	3,0000E+0	2,9944E+0	2,9947E+0	-3,3688E-3
115,8610E+0	3,2096E-3	3,0000E+0	2,9949E+0	2,9949E+0	-3,2097E-3
116,3737E+0	3,4796E-3	3,0000E+0	2,9940E+0	2,9946E+0	-3,4797E-3
116,8864E+0	3,1602E-3	3,0000E+0	2,9942E+0	2,9953E+0	-3,1602E-3
117,3991E+0	3,5611E-3	3,0000E+0	2,9942E+0	2,9944E+0	-3,5611E-3
117,9118E+0	3,1487E-3	3,0000E+0	2,9947E+0	2,9952E+0	-3,1485E-3
118,4245E+0	3,7204E-3	3,0000E+0	2,9933E+0	2,9943E+0	-3,7209E-3
118,9372E+0	3,1436E-3	3,0000E+0	2,9948E+0	2,9954E+0	-3,1437E-3
119,4499E+0	3,6824E-3	3,0000E+0	2,9942E+0	2,9943E+0	-3,6827E-3
119,9626E+0	3,1643E-3	3,0000E+0	2,9947E+0	2,9952E+0	-3,1645E-3
120,4753E+0	3,5667E-3	3,0000E+0	2,9943E+0	2,9948E+0	-3,5667E-3
120,9880E+0	3,1436E-3	3,0000E+0	2,9942E+0	2,9944E+0	-3,1434E-3
121,5007E+0	3,5034E-3	3,0000E+0	2,9942E+0	2,9950E+0	-3,5036E-3
122,0134E+0	3,1951E-3	3,0000E+0	2,9942E+0	2,9941E+0	-3,1952E-3
122,5260E+0	3,3882E-3	3,0000E+0	2,9944E+0	2,9947E+0	-3,3882E-3
123,0387E+0	3,7433E-3	3,0000E+0	2,9936E+0	2,9937E+0	-3,7435E-3
123,5515E+0	3,3298E-3	3,0000E+0	2,9946E+0	2,9951E+0	-3,3297E-3
124,0641E+0	3,6768E-3	3,0000E+0	2,9941E+0	2,9941E+0	-3,6768E-3
124,5769E+0	3,2797E-3	3,0000E+0	2,9945E+0	2,9952E+0	-3,2795E-3
125,0896E+0	3,5514E-3	3,0000E+0	2,9936E+0	2,9944E+0	-3,5515E-3
125,6023E+0	3,2574E-3	3,0000E+0	2,9951E+0	2,9950E+0	-3,2572E-3
126,1149E+0	3,4506E-3	3,0000E+0	2,9947E+0	2,9949E+0	-3,4506E-3
126,6276E+0	3,2278E-3	3,0000E+0	2,9947E+0	2,9951E+0	-3,2276E-3
127,1404E+0	3,3961E-3	3,0000E+0	2,9947E+0	2,9950E+0	-3,3960E-3
127,6530E+0	3,2022E-3	3,0000E+0	2,9945E+0	2,9952E+0	-3,2021E-3
128,1657E+0	3,3177E-3	3,0000E+0	2,9946E+0	2,9948E+0	-3,3178E-3
128,6784E+0	3,2335E-3	3,0000E+0	2,9949E+0	2,9951E+0	-3,2333E-3
129,1911E+0	3,2767E-3	3,0000E+0	2,9944E+0	2,9951E+0	-3,2770E-3
129,7038E+0	3,1746E-3	3,0000E+0	2,9947E+0	2,9954E+0	-3,1745E-3
130,2165E+0	3,2486E-3	3,0000E+0	2,9948E+0	2,9951E+0	-3,2486E-3
130,7292E+0	3,1600E-3	3,0000E+0	2,9946E+0	2,9952E+0	-3,1601E-3
131,2419E+0	3,2356E-3	3,0000E+0	2,9949E+0	2,9950E+0	-3,2356E-3
131,7546E+0	3,1510E-3	3,0000E+0	2,9951E+0	2,9952E+0	-3,1509E-3
132,2673E+0	3,2164E-3	3,0000E+0	2,9945E+0	2,9953E+0	-3,2164E-3
132,7800E+0	3,1816E-3	3,0000E+0	2,9942E+0	2,9942E+0	-3,1815E-3
133,2926E+0	3,1979E-3	3,0000E+0	2,9951E+0	2,9951E+0	-3,1979E-3
133,8053E+0	3,2054E-3	3,0000E+0	2,9947E+0	2,9949E+0	-3,2056E-3
134,3181E+0	3,2316E-3	3,0000E+0	2,9947E+0	2,9949E+0	-3,2315E-3
134,8307E+0	3,2062E-3	3,0000E+0	2,9948E+0	2,9951E+0	-3,2062E-3
135,3434E+0	3,1825E-3	3,0000E+0	2,9941E+0	2,9953E+0	-3,1827E-3
135,8561E+0	3,2700E-3	3,0000E+0	2,9948E+0	2,9951E+0	-3,2699E-3
136,3688E+0	3,1738E-3	3,0000E+0	2,9949E+0	2,9951E+0	-3,1740E-3
136,8815E+0	3,2094E-3	3,0000E+0	2,9949E+0	2,9952E+0	-3,2093E-3
137,3942E+0	3,2483E-3	3,0000E+0	2,9945E+0	2,9951E+0	-3,2482E-3
137,9069E+0	3,2030E-3	3,0000E+0	2,9947E+0	2,9953E+0	-3,2029E-3
138,4196E+0	3,3891E-3	3,0000E+0	2,9942E+0	2,9947E+0	-3,3893E-3
138,9323E+0	3,1999E-3	3,0000E+0	2,9946E+0	2,9952E+0	-3,1998E-3
139,4450E+0	3,4810E-3	3,0000E+0	2,9940E+0	2,9946E+0	-3,4811E-3
139,9577E+0	3,2191E-3	3,0000E+0	2,9947E+0	2,9951E+0	-3,2191E-3
140,4704E+0	3,5568E-3	3,0000E+0	2,9938E+0	2,9943E+0	-3,5570E-3
140,9830E+0	3,1939E-3	3,0000E+0	2,9949E+0	2,9951E+0	-3,1939E-3
141,4958E+0	3,7104E-3	3,0000E+0	2,9941E+0	2,9946E+0	-3,7107E-3
142,0085E+0	3,1898E-3	3,0000E+0	2,9948E+0	2,9951E+0	-3,1898E-3
142,5211E+0	3,5339E-3	3,0000E+0	2,9945E+0	2,9947E+0	-3,5338E-3
143,0338E+0	3,6749E-3	3,0000E+0	2,9940E+0	2,9943E+0	-3,6752E-3
143,5465E+0	3,4515E-3	3,0000E+0	2,9944E+0	2,9950E+0	-3,4517E-3
144,0592E+0	3,6263E-3	3,0000E+0	2,9941E+0	2,9946E+0	-3,6263E-3
144,5719E+0	3,3898E-3	3,0000E+0	2,9944E+0	2,9944E+0	-3,3900E-3
145,0846E+0	3,4785E-3	3,0000E+0	2,9944E+0	2,9948E+0	-3,4786E-3
145,5973E+0	3,3826E-3	3,0000E+0	2,9946E+0	2,9947E+0	-3,3826E-3
146,1100E+0	3,3968E-3	3,0000E+0	2,9947E+0	2,9947E+0	-3,3970E-3
146,6227E+0	3,3271E-3	3,0000E+0	2,9946E+0	2,9951E+0	-3,3272E-3
147,1354E+0	3,3554E-3	3,0000E+0	2,9947E+0	2,9950E+0	-3,3555E-3
147,6481E+0	3,2909E-3	3,0000E+0	2,9946E+0	2,9951E+0	-3,2909E-3
148,1608E+0	3,2743E-3	3,0000E+0	2,9946E+0	2,9947E+0	-3,2743E-3
148,6735E+0	3,3210E-3	3,0000E+0	2,9947E+0	2,9951E+0	-3,3211E-3
149,1862E+0	3,2375E-3	3,0000E+0	2,9947E+0	2,9951E+0	-3,2377E-3
149,6989E+0	3,2546E-3	3,0000E+0	2,9951E+0	2,9946E+0	-3,2547E-3
150,2116E+0	3,2698E-3	3,0000E+0	2,9948E+0	2,9950E+0	-3,2698E-3
150,7243E+0	3,2326E-3	3,0000E+0	2,9941E+0	2,9951E+0	-3,2327E-3
151,2370E+0	3,1982E-3	3,0000E+0	2,9950E+0	2,9951E+0	-3,1981E-3
151,7496E+0	3,2211E-3	3,0000E+0	2,9946E+0	2,9952E+0	-3,2211E-3
152,2624E+0	3,1705E-3	3,0000E+0	2,9950E+0	2,9950E+0	-3,1705E-3
152,7750E+0	3,2241E-3	3,0000E+0	2,9950E+0	2,9951E+0	-3,2240E-3
153,2877E+0	3,1624E-3	3,0000E+0	2,9949E+0	2,9953E+0	-3,1622E-3
153,8004E+0	3,2033E-3	3,0000E+0	2,9950E+0	2,9951E+0	-3,2034E-3
154,3131E+0	3,1843E-3	3,0000E+0	2,9950E+0	2,9952E+0	-3,1844E-3
154,8258E+0	3,1949E-3	3,0000E+0	2,9947E+0	2,9949E+0	-3,1947E-3
155,3385E+0	3,1430E-3	3,0000E+0	2,9948E+0	2,9953E+0	-3,1430E-3
155,8512E+0	3,2469E-3	3,0000E+0	2,9946E+0	2,9951E+0	-3,2468E-3
156,6078E+0	-51,1027E-9	3,0000E+0	2,9326E+0	2,9331E+0	50,3744E-9
157,1205E+0	50,2455E-9	3,0000E+0	2,8857E+0	2,8859E+0	-51,3063E-9
157,6332E+0	154,3743E-9	3,0000E+0	2,8390E+0	2,8389E+0	-151,2256E-9
158,1459E+0	252,0176E-9	3,0000E+0	2,7932E+0	2,7934E+0	-254,5309E-9
158,6586E+0	353,0573E-9	3,0000E+0	2,7467E+0	2,7469E+0	-352,6499E-9
159,1712E+0	451,3067E-9	3,0000E+0	2,7015E+0	2,7017E+0	-449,2000E-9
159,8040E+0	573,6641E-9	3,0000E+0	2,6463E+0	2,6466E+0	-574,2219E-9
160,3167E+0	667,4735E-9	3,0000E+0	2,6023E+0	2,6020E+0	-663,8569E-9
160,8293E+0	761,8720E-9	3,0000E+0	2,5574E+0	2,5578E+0	-764,0075E-9
161,3420E+0	855,5551E-9	3,0000E+0	2,5143E+0	2,5143E+0	-858,5218E-9
161,8546E+0	950,7533E-9	3,0000E+0	2,4705E+0	2,4703E+0	-944,3712E-9
162,3674E+0	1,0407E-6	3,0000E+0	2,4263E+0	2,4271E+0	-1,0449E-6
162,8801E+0	1,1331E-6	3,0000E+0	2,3838E+0	2,3843E+0	-1,1299E-6
163,3927E+0	1,2209E-6	3,0000E+0	2,3420E+0	2,3421E+0	-1,2150E-6
163,9054E+0	1,3074E-6	3,0000E+0	2,2999E+0	2,2998E+0	-1,3129E-6
164,4181E+0	1,3987E-6	3,0000E+0	2,2557E+0	2,2560E+0	-1,3949E-6
164,9308E+0	1,4869E-6	3,0000E+0	2,2121E+0	2,2124E+0	-1,4875E-6
165,4434E+0	1,5736E-6	3,0000E+0	2,1691E+0	2,1691E+0	-1,5790E-6
165,9561E+0	1,6623E-6	3,0000E+0	2,1249E+0	2,1249E+0	-1,6569E-6
166,4688E+0	1,7459E-6	3,0000E+0	2,0819E+0	2,0817E+0	-1,7485E-6
166,9815E+0	1,8276E-6	3,0000E+0	2,0380E+0	2,0380E+0	-1,8296E-6
167,4942E+0	1,9111E-6	3,0000E+0	1,9941E+0	1,9942E+0	-1,9064E-6
168,0069E+0	1,9907E-6	3,0000E+0	1,9495E+0	1,9497E+0	-1,9929E-6
168,5197E+0	2,0679E-6	3,0000E+0	1,9060E+0	1,9063E+0	-2,0707E-6
169,0323E+0	2,1554E-6	3,0000E+0	1,8573E+0	1,8572E+0	-2,1540E-6
169,5450E+0	2,2318E-6	3,0000E+0	1,8126E+0	1,8123E+0	-2,2310E-6
170,0577E+0	2,3021E-6	3,0000E+0	1,7688E+0	1,7686E+0	-2,2971E-6
170,5704E+0	2,3657E-6	3,0000E+0	1,7269E+0	1,7270E+0	-2,3681E-6
171,0831E+0	2,3900E-6	3,0000E+0	1,7025E+0	1,7033E+0	-2,3953E-6
171,5958E+0	2,3834E-6	3,0000E+0	1,6956E+0	1,6958E+0	-2,3795E-6
172,1085E+0	2,3786E-6	3,0000E+0	1,6875E+0	1,6877E+0	-2,3792E-6
172,6212E+0	2,3761E-6	3,0000E+0	1,6788E+0	1,6792E+0	-2,3790E-6
173,1338E+0	2,3774E-6	3,0000E+0	1,6694E+0	1,6702E+0	-2,3764E-6
173,6465E+0	2,3794E-6	3,0000E+0	1,6602E+0	1,6606E+0	-2,3851E-6
174,1592E+0	2,3857E-6	3,0000E+0	1,6515E+0	1,6516E+0	-2,3814E-6
174,6719E+0	2,3904E-6	3,0000E+0	1,6416E+0	1,6422E+0	-2,3910E-6
175,1846E+0	2,3991E-6	3,0000E+0	1,6318E+0	1,6316E+0	-2,4007E-6
175,6973E+0	2,4055E-6	3,0000E+0	1,6219E+0	1,6223E+0	-2,4063E-6
176,2100E+0	2,4159E-6	3,0000E+0	1,6119E+0	1,6115E+0	-2,4151E-6
176,7227E+0	2,4182E-6	3,0000E+0	1,6041E+0	1,6043E+0	-2,4230E-6
177,2354E+0	2,4156E-6	3,0000E+0	1,6008E+0	1,6015E+0	-2,4105E-6
177,7481E+0	2,4088E-6	3,0000E+0	1,5987E+0	1,5990E+0	-2,4096E-6
178,2608E+0	2,4036E-6	3,0000E+0	1,5965E+0	1,5973E+0	-2,4016E-6
178,7735E+0	2,3976E-6	3,0000E+0	1,5949E+0	1,5953E+0	-2,4000E-6
179,2862E+0	2,3939E-6	3,0000E+0	1,5932E+0	1,5931E+0	-2,3933E-6
179,7988E+0	2,3884E-6	3,0000E+0	1,5909E+0	1,5912E+0	-2,3862E-6
180,3115E+0	2,3844E-6	3,0000E+0	1,5890E+0	1,5894E+0	-2,3832E-6
180,8242E+0	2,3793E-6	3,0000E+0	1,5871E+0	1,5873E+0	-2,3802E-6
181,3369E+0	2,3742E-6	3,0000E+0	1,5847E+0	1,5857E+0	-2,3747E-6
181,8496E+0	2,3697E-6	3,0000E+0	1,5831E+0	1,5832E+0	-2,3743E-6
182,3624E+0	2,3668E-6	3,0000E+0	1,5809E+0	1,5812E+0	-2,3696E-6
182,8751E+0	2,3645E-6	3,0000E+0	1,5788E+0	1,5792E+0	-2,3641E-6
183,3877E+0	2,3617E-6	3,0000E+0	1,5769E+0	1,5770E+0	-2,3655E-6
183,9004E+0	2,3621E-6	3,0000E+0	1,5747E+0	1,5747E+0	-2,3578E-6
184,4131E+0	2,3587E-6	3,0000E+0	1,5723E+0	1,5723E+0	-2,3612E-6
184,9258E+0	2,3581E-6	3,0000E+0	1,5700E+0	1,5704E+0	-2,3592E-6
185,4384E+0	2,3565E-6	3,0000E+0	1,5681E+0	1,5681E+0	-2,3555E-6
185,9511E+0	2,3555E-6	3,0000E+0	1,5657E+0	1,5658E+0	-2,3579E-6
186,4638E+0	2,3557E-6	3,0000E+0	1,5632E+0	1,5632E+0	-2,3562E-6
186,9765E+0	2,3574E-6	3,0000E+0	1,5608E+0	1,5608E+0	-2,3515E-6
187,4892E+0	2,3557E-6	3,0000E+0	1,5587E+0	1,5591E+0	-2,3604E-6
188,0019E+0	2,3584E-6	3,0000E+0	1,5562E+0	1,5565E+0	-2,3542E-6
188,5146E+0	2,3587E-6	3,0000E+0	1,5534E+0	1,5538E+0	-2,3557E-6
189,0273E+0	2,3587E-6	3,0000E+0	1,5512E+0	1,5520E+0	-2,3649E-6
189,5399E+0	2,3628E-6	3,0000E+0	1,5490E+0	1,5497E+0	-2,3568E-6
190,0527E+0	2,3625E-6	3,0000E+0	1,5469E+0	1,5471E+0	-2,3656E-6
190,5653E+0	2,3642E-6	3,0000E+0	1,5447E+0	1,5451E+0	-2,3696E-6
191,0780E+0	2,3681E-6	3,0000E+0	1,5422E+0	1,5421E+0	-2,3649E-6
191,5907E+0	2,3679E-6	3,0000E+0	1,5402E+0	1,5404E+0	-2,3718E-6
192,1034E+0	2,3661E-6	3,0000E+0	1,5394E+0	1,5399E+0	-2,3670E-6
192,6161E+0	2,3647E-6	3,0000E+0	1,5396E+0	1,5399E+0	-2,3595E-6
193,1288E+0	2,3595E-6	3,0000E+0	1,5400E+0	1,5400E+0	-2,3641E-6
193,6415E+0	2,3584E-6	3,0000E+0	1,5396E+0	1,5399E+0	-2,3542E-6
194,1542E+0	2,3544E-6	3,0000E+0	1,5399E+0	1,5398E+0	-2,3552E-6
194,6669E+0	2,3503E-6	3,0000E+0	1,5395E+0	1,5399E+0	-2,3562E-6
195,1796E+0	2,3501E-6	3,0000E+0	1,5396E+0	1,5396E+0	-2,3456E-6
195,6923E+0	2,3454E-6	3,0000E+0	1,5395E+0	1,5395E+0	-2,3473E-6
196,2050E+0	2,3429E-6	3,0000E+0	1,5393E+0	1,5395E+0	-2,3473E-6
196,7177E+0	2,3410E-6	3,0000E+0	1,5393E+0	1,5392E+0	-2,3381E-6
197,2304E+0	2,3368E-6	3,0000E+0	1,5390E+0	1,5390E+0	-2,3414E-6
197,7431E+0	2,3348E-6	3,0000E+0	1,5391E+0	1,5392E+0	-2,3380E-6
198,2558E+0	2,3331E-6	3,0000E+0	1,5387E+0	1,5389E+0	-2,3294E-6
198,7685E+0	2,3299E-6	3,0000E+0	1,5382E+0	1,5385E+0	-2,3346E-6
199,2812E+0	2,3289E-6	3,0000E+0	1,5380E+0	1,5383E+0	-2,3275E-6
199,7939E+0	2,3260E-6	3,0000E+0	1,5375E+0	1,5376E+0	-2,3269E-6
200,3065E+0	2,3243E-6	3,0000E+0	1,5366E+0	1,5375E+0	-2,3262E-6
200,8192E+0	2,3228E-6	3,0000E+0	1,5370E+0	1,5370E+0	-2,3171E-6
201,3319E+0	2,3192E-6	3,0000E+0	1,5367E+0	1,5368E+0	-2,3201E-6
201,8446E+0	2,3174E-6	3,0000E+0	1,5358E+0	1,5365E+0	-2,3159E-6
202,3573E+0	2,3153E-6	3,0000E+0	1,5359E+0	1,5361E+0	-2,3097E-6
202,8700E+0	2,3113E-6	3,0000E+0	1,5355E+0	1,5358E+0	-2,3102E-6
203,3827E+0	2,3073E-6	3,0000E+0	1,5353E+0	1,5356E+0	-2,3053E-6
203,8953E+0	2,3045E-6	3,0000E+0	1,5347E+0	1,5350E+0	-2,3019E-6
204,4080E+0	2,3003E-6	3,0000E+0	1,5345E+0	1,5347E+0	-2,3014E-6
204,9207E+0	2,2980E-6	3,0000E+0	1,5335E+0	1,5342E+0	-2,2938E-6
205,4333E+0	2,2962E-6	3,0000E+0	1,5337E+0	1,5338E+0	-2,2908E-6
205,9460E+0	2,2919E-6	3,0000E+0	1,5335E+0	1,5336E+0	-2,2934E-6
206,4588E+0	2,2890E-6	3,0000E+0	1,5330E+0	1,5332E+0	-2,2867E-6
206,9714E+0	2,2851E-6	3,0000E+0	1,5326E+0	1,5326E+0	-2,2892E-6
207,4841E+0	2,2825E-6	3,0000E+0	1,5317E+0	1,5323E+0	-2,2879E-6
207,9968E+0	2,2812E-6	3,0000E+0	1,5316E+0	1,5320E+0	-2,2813E-6
208,5095E+0	2,2776E-6	3,0000E+0	1,5315E+0	1,5316E+0	-2,2840E-6
209,0222E+0	2,2784E-6	3,0000E+0	1,5299E+0	1,5308E+0	-2,2749E-6
209,5348E+0	2,2751E-6	3,0000E+0	1,5304E+0	1,5306E+0	-2,2732E-6
210,0475E+0	2,2727E-6	3,0000E+0	1,5295E+0	1,5300E+0	-2,2772E-6
210,5602E+0	2,2716E-6	3,0000E+0	1,5285E+0	1,5290E+0	-2,2693E-6
211,0728E+0	2,2698E-6	3,0000E+0	1,5288E+0	1,5290E+0	-2,2701E-6
211,5855E+0	2,2672E-6	3,0000E+0	1,5279E+0	1,5283E+0	-2,2724E-6
212,0982E+0	2,2651E-6	3,0000E+0	1,5279E+0	1,5279E+0	-2,2652E-6
212,6109E+0	2,2619E-6	3,0000E+0	1,5274E+0	1,5276E+0	-2,2666E-6
213,1236E+0	2,2593E-6	3,0000E+0	1,5267E+0	1,5271E+0	-2,2641E-6
213,6362E+0	2,2582E-6	3,0000E+0	1,5263E+0	1,5263E+0	-2,2569E-6
214,1489E+0	2,2541E-6	3,0000E+0	1,5257E+0	1,5257E+0	-2,2573E-6
214,6616E+0	2,2521E-6	3,0000E+0	1,5250E+0	1,5252E+0	-2,2503E-6
215,1742E+0	2,2501E-6	3,0000E+0	1,5244E+0	1,5249E+0	-2,2460E-6
215,6869E+0	2,2460E-6	3,0000E+0	1,5240E+0	1,5244E+0	-2,2499E-6
216,1996E+0	2,2463E-6	3,0000E+0	1,5234E+0	1,5236E+0	-2,2437E-6
216,7123E+0	2,2451E-6	3,0000E+0	1,5224E+0	1,5228E+0	-2,2427E-6
217,2250E+0	2,2433E-6	3,0000E+0	1,5224E+0	1,5225E+0	-2,2426E-6
217,7377E+0	2,2401E-6	3,0000E+0	1,5219E+0	1,5220E+0	-2,2391E-6
218,2504E+0	2,2386E-6	3,0000E+0	1,5212E+0	1,5210E+0	-2,2378E-6
218,7631E+0	2,2361E-6	3,0000E+0	1,5204E+0	1,5207E+0	-2,2337E-6
219,2757E+0	2,2346E-6	3,0000E+0	1,5194E+0	1,5202E+0	-2,2267E-6
219,7885E+0	2,2286E-6	3,0000E+0	1,5193E+0	1,5199E+0	-2,2343E-6
220,3011E+0	2,2288E-6	3,0000E+0	1,5183E+0	1,5189E+0	-2,2248E-6
220,8138E+0	2,2270E-6	3,0000E+0	1,5179E+0	1,5181E+0	-2,2216E-6
221,3265E+0	2,2238E-6	3,0000E+0	1,5176E+0	1,5179E+0	-2,2231E-6
221,8392E+0	2,2215E-6	3,0000E+0	1,5169E+0	1,5173E+0	-2,2210E-6
222,3519E+0	2,2191E-6	3,0000E+0	1,5162E+0	1,5164E+0	-2,2205E-6
222,8646E+0	2,2163E-6	3,0000E+0	1,5158E+0	1,5158E+0	-2,2212E-6
223,3773E+0	2,2162E-6	3,0000E+0	1,5149E+0	1,5153E+0	-2,2128E-6
223,8900E+0	2,2145E-6	3,0000E+0	1,5144E+0	1,5148E+0	-2,2154E-6
224,4026E+0	2,2127E-6	3,0000E+0	1,5137E+0	1,5138E+0	-2,2119E-6
224,9153E+0	2,2110E-6	3,0000E+0	1,5131E+0	1,5138E+0	-2,2081E-6
225,4280E+0	2,2087E-6	3,0000E+0	1,5122E+0	1,5128E+0	-2,2110E-6
225,9407E+0	2,2084E-6	3,0000E+0	1,5120E+0	1,5118E+0	-2,2056E-6
226,4534E+0	2,2058E-6	3,0000E+0	1,5114E+0	1,5114E+0	-2,2048E-6
226,9661E+0	2,2037E-6	3,0000E+0	1,5106E+0	1,5108E+0	-2,2090E-6
227,4788E+0	2,2044E-6	3,0000E+0	1,5094E+0	1,5099E+0	-2,1985E-6
227,9915E+0	2,2012E-6	3,0000E+0	1,5093E+0	1,5094E+0	-2,2035E-6
228,5042E+0	2,2017E-6	3,0000E+0	1,5080E+0	1,5086E+0	-2,1992E-6
229,0169E+0	2,2000E-6	3,0000E+0	1,5083E+0	1,5084E+0	-2,1986E-6
229,5296E+0	2,1970E-6	3,0000E+0	1,5070E+0	1,5072E+0	-2,1975E-6
230,0423E+0	2,1945E-6	3,0000E+0	1,5062E+0	1,5069E+0	-2,1962E-6
230,5550E+0	2,1915E-6	3,0000E+0	1,5062E+0	1,5064E+0	-2,1930E-6
231,0677E+0	2,1914E-6	3,0000E+0	1,5048E+0	1,5054E+0	-2,1914E-6
231,5804E+0	2,1903E-6	3,0000E+0	1,5049E+0	1,5049E+0	-2,1921E-6
232,0930E+0	2,1919E-6	3,0000E+0	1,5038E+0	1,5039E+0	-2,1898E-6
232,6057E+0	2,1915E-6	3,0000E+0	1,5029E+0	1,5035E+0	-2,1973E-6
233,1184E+0	2,1947E-6	3,0000E+0	1,5026E+0	1,5028E+0	-2,1897E-6
233,6311E+0	2,1956E-6	3,0000E+0	1,5018E+0	1,5020E+0	-2,1980E-6
234,1438E+0	2,1973E-6	3,0000E+0	1,5015E+0	1,5016E+0	-2,1957E-6
234,6565E+0	2,1973E-6	3,0000E+0	1,5006E+0	1,5009E+0	-2,1974E-6
235,1692E+0	2,1989E-6	3,0000E+0	1,5001E+0	1,4999E+0	-2,2033E-6
235,6819E+0	2,2005E-6	3,0000E+0	1,4993E+0	1,4995E+0	-2,2018E-6
236,1946E+0	2,2041E-6	3,0000E+0	1,4984E+0	1,4988E+0	-2,2001E-6
236,7073E+0	2,2058E-6	3,0000E+0	1,4973E+0	1,4978E+0	-2,2059E-6
237,2200E+0	2,2093E-6	3,0000E+0	1,4966E+0	1,4972E+0	-2,2076E-6
237,7327E+0	2,2126E-6	3,0000E+0	1,4963E+0	1,4961E+0	-2,2081E-6
238,2454E+0	2,2150E-6	3,0000E+0	1,4954E+0	1,4956E+0	-2,2157E-6
238,7581E+0	2,2193E-6	3,0000E+0	1,4947E+0	1,4951E+0	-2,2183E-6
239,2707E+0	2,2215E-6	3,0000E+0	1,4947E+0	1,4943E+0	-2,2251E-6
239,7834E+0	2,2249E-6	3,0000E+0	1,4932E+0	1,4934E+0	-2,2229E-6
240,2961E+0	2,2249E-6	3,0000E+0	1,4927E+0	1,4929E+0	-2,2226E-6
240,8088E+0	2,2252E-6	3,0000E+0	1,4922E+0	1,4924E+0	-2,2311E-6
241,3215E+0	2,2303E-6	3,0000E+0	1,4915E+0	1,4918E+0	-2,2307E-6
241,8342E+0	2,2320E-6	3,0000E+0	1,4907E+0	1,4911E+0	-2,2313E-6
242,3469E+0	2,2316E-6	3,0000E+0	1,4897E+0	1,4903E+0	-2,2353E-6
242,8595E+0	2,2327E-6	3,0000E+0	1,4892E+0	1,4896E+0	-2,2302E-6
243,3722E+0	2,2336E-6	3,0000E+0	1,4884E+0	1,4885E+0	-2,2301E-6
243,8849E+0	2,2330E-6	3,0000E+0	1,4875E+0	1,4877E+0	-2,2315E-6
244,3976E+0	2,2329E-6	3,0000E+0	1,4871E+0	1,4873E+0	-2,2284E-6
244,9103E+0	2,2321E-6	3,0000E+0	1,4861E+0	1,4861E+0	-2,2301E-6
245,4230E+0	2,2311E-6	3,0000E+0	1,4853E+0	1,4852E+0	-2,2284E-6
245,9357E+0	2,2314E-6	3,0000E+0	1,4847E+0	1,4845E+0	-2,2247E-6
246,4484E+0	2,2306E-6	3,0000E+0	1,4841E+0	1,4842E+0	-2,2348E-6
246,9610E+0	2,2401E-6	3,0000E+0	1,4836E+0	1,4837E+0	-2,2435E-6
247,4737E+0	2,2398E-6	3,0000E+0	1,4827E+0	1,4830E+0	-2,2377E-6
247,9864E+0	2,2351E-6	3,0000E+0	1,4820E+0	1,4822E+0	-2,2393E-6
248,4991E+0	2,2347E-6	3,0000E+0	1,4812E+0	1,4812E+0	-2,2309E-6
249,0119E+0	2,2351E-6	3,0000E+0	1,4802E+0	1,4804E+0	-2,2329E-6
249,5246E+0	2,2339E-6	3,0000E+0	1,4793E+0	1,4801E+0	-2,2390E-6
250,0373E+0	2,2362E-6	3,0000E+0	1,4792E+0	1,4792E+0	-2,2334E-6
250,5500E+0	2,2444E-6	3,0000E+0	1,4781E+0	1,4781E+0	-2,2438E-6
251,0627E+0	2,2433E-6	3,0000E+0	1,4775E+0	1,4775E+0	-2,2460E-6
251,5754E+0	2,2406E-6	3,0000E+0	1,4769E+0	1,4770E+0	-2,2401E-6
252,0880E+0	2,2373E-6	3,0000E+0	1,4757E+0	1,4762E+0	-2,2412E-6
252,6008E+0	2,2364E-6	3,0000E+0	1,4751E+0	1,4752E+0	-2,2331E-6
253,1134E+0	2,2313E-6	3,0000E+0	1,4746E+0	1,4746E+0	-2,2325E-6
253,6261E+0	2,2289E-6	3,0000E+0	1,4735E+0	1,4737E+0	-2,2318E-6
254,1389E+0	2,2284E-6	3,0000E+0	1,4723E+0	1,4732E+0	-2,2237E-6
254,6515E+0	2,2249E-6	3,0000E+0	1,4718E+0	1,4726E+0	-2,2267E-6
255,1642E+0	2,2226E-6	3,0000E+0	1,4714E+0	1,4717E+0	-2,2253E-6
255,6769E+0	2,2231E-6	3,0000E+0	1,4705E+0	1,4710E+0	-2,2237E-6
256,1896E+0	2,2272E-6	3,0000E+0	1,4700E+0	1,4700E+0	-2,2282E-6
256,7023E+0	2,2310E-6	3,0000E+0	1,4689E+0	1,4692E+0	-2,2300E-6
257,2149E+0	2,2351E-6	3,0000E+0	1,4679E+0	1,4684E+0	-2,2290E-6
257,7276E+0	2,2327E-6	3,0000E+0	1,4674E+0	1,4673E+0	-2,2317E-6
258,2404E+0	2,2332E-6	3,0000E+0	1,4670E+0	1,4672E+0	-2,2377E-6
258,7531E+0	2,2350E-6	3,0000E+0	1,4661E+0	1,4660E+0	-2,2271E-6
259,2657E+0	2,2284E-6	3,0000E+0	1,4647E+0	1,4651E+0	-2,2333E-6
259,7784E+0	2,2256E-6	3,0000E+0	1,4648E+0	1,4647E+0	-2,2253E-6
260,2911E+0	2,2241E-6	3,0000E+0	1,4641E+0	1,4642E+0	-2,2218E-6
260,8038E+0	2,2241E-6	3,0000E+0	1,4629E+0	1,4632E+0	-2,2297E-6
261,3165E+0	2,2198E-6	3,0000E+0	1,4625E+0	1,4625E+0	-2,2147E-6
261,8292E+0	2,2143E-6	3,0000E+0	1,4612E+0	1,4616E+0	-2,2106E-6
262,3419E+0	2,2132E-6	3,0000E+0	1,4608E+0	1,4611E+0	-2,2182E-6
262,8546E+0	2,2101E-6	3,0000E+0	1,4599E+0	1,4600E+0	-2,2084E-6
263,3673E+0	2,2126E-6	3,0000E+0	1,4592E+0	1,4594E+0	-2,2172E-6
263,8800E+0	2,2105E-6	3,0000E+0	1,4587E+0	1,4589E+0	-2,2169E-6
264,3927E+0	2,2159E-6	3,0000E+0	1,4572E+0	1,4576E+0	-2,2120E-6
264,9054E+0	2,2131E-6	3,0000E+0	1,4567E+0	1,4570E+0	-2,2173E-6
265,4181E+0	2,2140E-6	3,0000E+0	1,4562E+0	1,4562E+0	-2,2121E-6
265,9308E+0	2,2175E-6	3,0000E+0	1,4555E+0	1,4558E+0	-2,2175E-6
266,4435E+0	2,2207E-6	3,0000E+0	1,4538E+0	1,4546E+0	-2,2260E-6
266,9562E+0	2,2713E-6	3,0000E+0	1,4539E+0	1,4538E+0	-2,2718E-6
267,4689E+0	2,2622E-6	3,0000E+0	1,4526E+0	1,4530E+0	-2,2603E-6
267,9816E+0	2,2499E-6	3,0000E+0	1,4519E+0	1,4522E+0	-2,2537E-6
268,4944E+0	2,2443E-6	3,0000E+0	1,4515E+0	1,4514E+0	-2,2410E-6
269,0070E+0	2,2422E-6	3,0000E+0	1,4506E+0	1,4507E+0	-2,2386E-6
269,5197E+0	2,2403E-6	3,0000E+0	1,4498E+0	1,4501E+0	-2,2406E-6
270,0324E+0	2,2412E-6	3,0000E+0	1,4483E+0	1,4492E+0	-2,2367E-6
270,5451E+0	2,2432E-6	3,0000E+0	1,4482E+0	1,4483E+0	-2,2407E-6
271,0578E+0	2,2462E-6	3,0000E+0	1,4474E+0	1,4476E+0	-2,2459E-6
271,5705E+0	2,2500E-6	3,0000E+0	1,4468E+0	1,4467E+0	-2,2502E-6
272,0832E+0	2,2546E-6	3,0000E+0	1,4456E+0	1,4456E+0	-2,2519E-6
272,5959E+0	2,2547E-6	3,0000E+0	1,4452E+0	1,4453E+0	-2,2536E-6
273,1086E+0	2,2519E-6	3,0000E+0	1,4443E+0	1,4444E+0	-2,2483E-6
273,6213E+0	2,2550E-6	3,0000E+0	1,4435E+0	1,4439E+0	-2,2574E-6
274,1340E+0	2,2536E-6	3,0000E+0	1,4427E+0	1,4430E+0	-2,2549E-6
274,6467E+0	2,2577E-6	3,0000E+0	1,4421E+0	1,4422E+0	-2,2534E-6
275,1594E+0	2,2557E-6	3,0000E+0	1,4410E+0	1,4410E+0	-2,2579E-6
275,6721E+0	2,2533E-6	3,0000E+0	1,4404E+0	1,4407E+0	-2,2548E-6
276,1848E+0	2,2543E-6	3,0000E+0	1,4397E+0	1,4398E+0	-2,2509E-6
276,6975E+0	2,2628E-6	3,0000E+0	1,4391E+0	1,4392E+0	-2,2688E-6
277,2102E+0	2,2748E-6	3,0000E+0	1,4382E+0	1,4382E+0	-2,2736E-6
277,7229E+0	2,2753E-6	3,0000E+0	1,4369E+0	1,4368E+0	-2,2714E-6
278,2356E+0	2,2743E-6	3,0000E+0	1,4363E+0	1,4366E+0	-2,2748E-6
278,7483E+0	2,2828E-6	3,0000E+0	1,4359E+0	1,4360E+0	-2,2811E-6
279,2610E+0	2,2940E-6	3,0000E+0	1,4345E+0	1,4348E+0	-2,2923E-6
279,7737E+0	2,2993E-6	3,0000E+0	1,4336E+0	1,4340E+0	-2,3026E-6
280,2863E+0	2,3090E-6	3,0000E+0	1,4324E+0	1,4333E+0	-2,3035E-6
280,7990E+0	2,3279E-6	3,0000E+0	1,4323E+0	1,4328E+0	-2,3312E-6
281,3117E+0	2,3286E-6	3,0000E+0	1,4317E+0	1,4318E+0	-2,3260E-6
281,8244E+0	2,3383E-6	3,0000E+0	1,4308E+0	1,4312E+0	-2,3346E-6
282,3371E+0	2,3525E-6	3,0000E+0	1,4296E+0	1,4300E+0	-2,3557E-6
282,8498E+0	2,3680E-6	3,0000E+0	1,4292E+0	1,4295E+0	-2,3656E-6
283,3625E+0	2,3704E-6	3,0000E+0	1,4285E+0	1,4286E+0	-2,3640E-6
283,8752E+0	2,3485E-6	3,0000E+0	1,4274E+0	1,4280E+0	-2,3480E-6
284,3879E+0	2,3686E-6	3,0000E+0	1,4266E+0	1,4270E+0	-2,3642E-6
284,9006E+0	2,3728E-6	3,0000E+0	1,4262E+0	1,4265E+0	-2,3729E-6
285,4133E+0	2,3719E-6	3,0000E+0	1,4252E+0	1,4256E+0	-2,3725E-6
285,9260E+0	2,3756E-6	3,0000E+0	1,4242E+0	1,4245E+0	-2,3698E-6
286,4387E+0	2,3838E-6	3,0000E+0	1,4232E+0	1,4241E+0	-2,3806E-6
286,9514E+0	2,4010E-6	3,0000E+0	1,4228E+0	1,4234E+0	-2,4022E-6
287,4641E+0	2,4281E-6	3,0000E+0	1,4223E+0	1,4224E+0	-2,4287E-6
287,9768E+0	2,4559E-6	3,0000E+0	1,4207E+0	1,4218E+0	-2,4526E-6
288,4894E+0	2,4512E-6	3,0000E+0	1,4202E+0	1,4208E+0	-2,4544E-6
289,0022E+0	2,4302E-6	3,0000E+0	1,4198E+0	1,4204E+0	-2,4315E-6
289,5148E+0	2,4586E-6	3,0000E+0	1,4189E+0	1,4190E+0	-2,4609E-6
290,0275E+0	2,4563E-6	3,0000E+0	1,4181E+0	1,4180E+0	-2,4611E-6
290,5402E+0	2,4733E-6	3,0000E+0	1,4170E+0	1,4174E+0	-2,4706E-6
291,0529E+0	2,4731E-6	3,0000E+0	1,4162E+0	1,4168E+0	-2,4759E-6
291,5656E+0	2,5038E-6	3,0000E+0	1,4158E+0	1,4163E+0	-2,5078E-6
292,0782E+0	2,5199E-6	3,0000E+0	1,4143E+0	1,4151E+0	-2,5125E-6
292,5910E+0	2,5297E-6	3,0000E+0	1,4138E+0	1,4141E+0	-2,5281E-6
293,1037E+0	2,5320E-6	3,0000E+0	1,4136E+0	1,4137E+0	-2,5326E-6
293,6164E+0	2,5089E-6	3,0000E+0	1,4121E+0	1,4127E+0	-2,5093E-6
294,1291E+0	2,5196E-6	3,0000E+0	1,4115E+0	1,4118E+0	-2,5189E-6
294,6418E+0	2,5260E-6	3,0000E+0	1,4110E+0	1,4111E+0	-2,5263E-6
295,1544E+0	2,5228E-6	3,0000E+0	1,4096E+0	1,4104E+0	-2,5150E-6
295,6671E+0	2,4858E-6	3,0000E+0	1,4091E+0	1,4094E+0	-2,4910E-6
296,1799E+0	2,4855E-6	3,0000E+0	1,4086E+0	1,4090E+0	-2,4854E-6
296,6926E+0	2,4873E-6	3,0000E+0	1,4077E+0	1,4077E+0	-2,4826E-6
297,2053E+0	2,5121E-6	3,0000E+0	1,4065E+0	1,4068E+0	-2,5125E-6
297,7180E+0	2,5258E-6	3,0000E+0	1,4056E+0	1,4064E+0	-2,5211E-6
298,2307E+0	2,5265E-6	3,0000E+0	1,4049E+0	1,4053E+0	-2,5240E-6
298,7434E+0	2,5258E-6	3,0000E+0	1,4045E+0	1,4048E+0	-2,5329E-6
299,2561E+0	2,4925E-6	3,0000E+0	1,4037E+0	1,4040E+0	-2,4918E-6
299,7688E+0	2,5274E-6	3,0000E+0	1,4030E+0	1,4030E+0	-2,5266E-6
300,2815E+0	2,5293E-6	3,0000E+0	1,4021E+0	1,4024E+0	-2,5304E-6
300,7942E+0	2,5186E-6	3,0000E+0	1,4011E+0	1,4017E+0	-2,5159E-6
301,3069E+0	2,4864E-6	3,0000E+0	1,3998E+0	1,3998E+0	-2,4873E-6
301,8195E+0	2,4981E-6	3,0000E+0	1,3972E+0	1,3973E+0	-2,5035E-6
302,3322E+0	2,4943E-6	3,0000E+0	1,3944E+0	1,3945E+0	-2,4908E-6
302,8449E+0	2,5161E-6	3,0000E+0	1,3920E+0	1,3922E+0	-2,5130E-6
303,3576E+0	2,5130E-6	3,0000E+0	1,3907E+0	1,3913E+0	-2,5191E-6
303,8703E+0	2,5151E-6	3,0000E+0	1,3876E+0	1,3876E+0	-2,5099E-6
304,3831E+0	2,5391E-6	3,0000E+0	1,3851E+0	1,3853E+0	-2,5377E-6
304,8958E+0	2,5505E-6	3,0000E+0	1,3829E+0	1,3832E+0	-2,5545E-6
305,4084E+0	2,5595E-6	3,0000E+0	1,3802E+0	1,3803E+0	-2,5529E-6
305,9211E+0	2,5688E-6	3,0000E+0	1,3778E+0	1,3780E+0	-2,5703E-6
306,4338E+0	2,5697E-6	3,0000E+0	1,3755E+0	1,3759E+0	-2,5729E-6
306,9465E+0	2,5730E-6	3,0000E+0	1,3733E+0	1,3738E+0	-2,5707E-6
307,4592E+0	2,5749E-6	3,0000E+0	1,3711E+0	1,3712E+0	-2,5810E-6
307,9719E+0	2,5460E-6	3,0000E+0	1,3686E+0	1,3690E+0	-2,5412E-6
308,4846E+0	2,5881E-6	3,0000E+0	1,3657E+0	1,3665E+0	-2,5819E-6
308,9973E+0	2,5929E-6	3,0000E+0	1,3638E+0	1,3643E+0	-2,5935E-6
309,5100E+0	2,5928E-6	3,0000E+0	1,3617E+0	1,3618E+0	-2,5888E-6
310,0227E+0	2,5963E-6	3,0000E+0	1,3593E+0	1,3597E+0	-2,5923E-6
310,5354E+0	2,5586E-6	3,0000E+0	1,3573E+0	1,3576E+0	-2,5600E-6
311,0481E+0	2,5828E-6	3,0000E+0	1,3547E+0	1,3551E+0	-2,5780E-6
311,5608E+0	2,5940E-6	3,0000E+0	1,3525E+0	1,3531E+0	-2,5952E-6
312,0735E+0	2,5942E-6	3,0000E+0	1,3506E+0	1,3507E+0	-2,6001E-6
312,5862E+0	2,5901E-6	3,0000E+0	1,3478E+0	1,3482E+0	-2,5861E-6
313,0989E+0	2,6073E-6	3,0000E+0	1,3463E+0	1,3461E+0	-2,6097E-6
313,6116E+0	2,4262E-6	3,0000E+0	1,3440E+0	1,3443E+0	-2,4310E-6
314,1243E+0	2,4246E-6	3,0000E+0	1,3411E+0	1,3417E+0	-2,4194E-6
314,6371E+0	2,4257E-6	3,0000E+0	1,3394E+0	1,3396E+0	-2,4301E-6
315,1497E+0	2,4325E-6	3,0000E+0	1,3380E+0	1,3380E+0	-2,4383E-6
315,6624E+0	2,4467E-6	3,0000E+0	1,3365E+0	1,3369E+0	-2,4463E-6
316,1751E+0	2,4467E-6	3,0000E+0	1,3353E+0	1,3355E+0	-2,4465E-6
316,6878E+0	2,4388E-6	3,0000E+0	1,3344E+0	1,3346E+0	-2,4414E-6
317,2005E+0	2,4441E-6	3,0000E+0	1,3328E+0	1,3331E+0	-2,4414E-6
317,7132E+0	2,4391E-6	3,0000E+0	1,3313E+0	1,3319E+0	-2,4399E-6
318,2259E+0	2,4452E-6	3,0000E+0	1,3309E+0	1,3310E+0	-2,4456E-6
318,7386E+0	2,4467E-6	3,0000E+0	1,3297E+0	1,3300E+0	-2,4477E-6
319,2513E+0	2,4496E-6	3,0000E+0	1,3283E+0	1,3284E+0	-2,4493E-6
319,7640E+0	2,4542E-6	3,0000E+0	1,3270E+0	1,3276E+0	-2,4514E-6
320,2767E+0	2,4597E-6	3,0000E+0	1,3260E+0	1,3260E+0	-2,4556E-6
320,7894E+0	2,4642E-6	3,0000E+0	1,3250E+0	1,3254E+0	-2,4698E-6
321,3021E+0	2,4717E-6	3,0000E+0	1,3234E+0	1,3238E+0	-2,4675E-6
321,8148E+0	2,4644E-6	3,0000E+0	1,3226E+0	1,3230E+0	-2,4659E-6
322,3275E+0	2,4631E-6	3,0000E+0	1,3214E+0	1,3215E+0	-2,4627E-6
322,8402E+0	2,4548E-6	3,0000E+0	1,3202E+0	1,3209E+0	-2,4570E-6
323,3529E+0	2,4588E-6	3,0000E+0	1,3188E+0	1,3193E+0	-2,4608E-6
323,8656E+0	2,5213E-6	3,0000E+0	1,3181E+0	1,3182E+0	-2,5286E-6
324,3783E+0	2,6117E-6	3,0000E+0	1,3164E+0	1,3168E+0	-2,6066E-6
324,8909E+0	2,6661E-6	3,0000E+0	1,3149E+0	1,3157E+0	-2,6642E-6
325,4037E+0	2,6789E-6	3,0000E+0	1,3147E+0	1,3149E+0	-2,6776E-6
325,9163E+0	2,6890E-6	3,0000E+0	1,3130E+0	1,3133E+0	-2,6822E-6
326,4290E+0	2,6923E-6	3,0000E+0	1,3121E+0	1,3125E+0	-2,6929E-6
326,9417E+0	2,6868E-6	3,0000E+0	1,3113E+0	1,3113E+0	-2,6873E-6
327,4544E+0	2,6728E-6	3,0000E+0	1,3094E+0	1,3104E+0	-2,6715E-6
327,9671E+0	2,6458E-6	3,0000E+0	1,3091E+0	1,3094E+0	-2,6463E-6
328,4798E+0	2,6637E-6	3,0000E+0	1,3074E+0	1,3078E+0	-2,6638E-6
328,9924E+0	2,6653E-6	3,0000E+0	1,3067E+0	1,3070E+0	-2,6656E-6
329,5051E+0	2,6758E-6	3,0000E+0	1,3054E+0	1,3056E+0	-2,6749E-6
330,0179E+0	2,6579E-6	3,0000E+0	1,3045E+0	1,3047E+0	-2,6564E-6
330,5305E+0	2,6959E-6	3,0000E+0	1,3026E+0	1,3034E+0	-2,6923E-6
331,0432E+0	2,7078E-6	3,0000E+0	1,3016E+0	1,3022E+0	-2,7071E-6
331,5559E+0	2,6809E-6	3,0000E+0	1,3009E+0	1,3014E+0	-2,6794E-6
332,0686E+0	2,7094E-6	3,0000E+0	1,3003E+0	1,3004E+0	-2,7103E-6
332,5812E+0	2,7321E-6	3,0000E+0	1,2990E+0	1,2989E+0	-2,7311E-6
333,0939E+0	2,7420E-6	3,0000E+0	1,2975E+0	1,2982E+0	-2,7422E-6
333,6066E+0	2,7212E-6	3,0000E+0	1,2967E+0	1,2966E+0	-2,7188E-6
334,1193E+0	2,7295E-6	3,0000E+0	1,2957E+0	1,2958E+0	-2,7299E-6
334,6320E+0	2,7742E-6	3,0000E+0	1,2943E+0	1,2945E+0	-2,7716E-6
335,1447E+0	2,7292E-6	3,0000E+0	1,2935E+0	1,2938E+0	-2,7292E-6
335,6573E+0	2,7112E-6	3,0000E+0	1,2926E+0	1,2923E+0	-2,7131E-6
336,1700E+0	2,7382E-6	3,0000E+0	1,2919E+0	1,2918E+0	-2,7354E-6
336,6828E+0	2,7446E-6	3,0000E+0	1,2906E+0	1,2905E+0	-2,7460E-6
337,1954E+0	2,7641E-6	3,0000E+0	1,2883E+0	1,2890E+0	-2,7620E-6
337,7081E+0	2,8008E-6	3,0000E+0	1,2879E+0	1,2886E+0	-2,8017E-6
338,2208E+0	2,8097E-6	3,0000E+0	1,2874E+0	1,2873E+0	-2,8054E-6
338,7335E+0	2,8058E-6	3,0000E+0	1,2865E+0	1,2866E+0	-2,8106E-6
339,2462E+0	2,7677E-6	3,0000E+0	1,2847E+0	1,2849E+0	-2,7653E-6
339,7589E+0	2,7780E-6	3,0000E+0	1,2837E+0	1,2839E+0	-2,7749E-6
340,2716E+0	2,8025E-6	3,0000E+0	1,2829E+0	1,2833E+0	-2,8024E-6
340,7842E+0	2,7993E-6	3,0000E+0	1,2818E+0	1,2822E+0	-2,7988E-6
341,2969E+0	2,7955E-6	3,0000E+0	1,2810E+0	1,2811E+0	-2,7976E-6
341,8096E+0	2,7950E-6	3,0000E+0	1,2795E+0	1,2798E+0	-2,7944E-6
342,3223E+0	2,7935E-6	3,0000E+0	1,2788E+0	1,2789E+0	-2,7899E-6
342,8350E+0	2,8154E-6	3,0000E+0	1,2776E+0	1,2778E+0	-2,8137E-6
343,3477E+0	2,8212E-6	3,0000E+0	1,2765E+0	1,2765E+0	-2,8185E-6
343,8604E+0	2,7843E-6	3,0000E+0	1,2753E+0	1,2754E+0	-2,7770E-6
344,3731E+0	2,8167E-6	3,0000E+0	1,2746E+0	1,2749E+0	-2,8160E-6
344,8858E+0	2,7660E-6	3,0000E+0	1,2735E+0	1,2734E+0	-2,7692E-6
345,3985E+0	2,8056E-6	3,0000E+0	1,2720E+0	1,2727E+0	-2,8043E-6
345,9112E+0	2,8051E-6	3,0000E+0	1,2707E+0	1,2717E+0	-2,8100E-6
346,4239E+0	2,8023E-6	3,0000E+0	1,2699E+0	1,2705E+0	-2,8002E-6
346,9366E+0	2,8046E-6	3,0000E+0	1,2691E+0	1,2692E+0	-2,8000E-6
347,4492E+0	2,7967E-6	3,0000E+0	1,2685E+0	1,2687E+0	-2,8031E-6
347,9619E+0	2,8077E-6	3,0000E+0	1,2670E+0	1,2671E+0	-2,8050E-6
348,4745E+0	2,8040E-6	3,0000E+0	1,2657E+0	1,2665E+0	-2,8013E-6
348,9872E+0	2,7436E-6	3,0000E+0	1,2650E+0	1,2653E+0	-2,7491E-6
349,4999E+0	2,7521E-6	3,0000E+0	1,2640E+0	1,2642E+0	-2,7522E-6
350,0126E+0	2,7958E-6	3,0000E+0	1,2625E+0	1,2632E+0	-2,7903E-6
350,5253E+0	2,8089E-6	3,0000E+0	1,2620E+0	1,2623E+0	-2,8117E-6
351,0380E+0	2,5733E-6	3,0000E+0	1,2615E+0	1,2617E+0	-2,5687E-6
351,5507E+0	2,7305E-6	3,0000E+0	1,2602E+0	1,2602E+0	-2,7243E-6
352,0634E+0	2,6123E-6	3,0000E+0	1,2590E+0	1,2592E+0	-2,6139E-6
352,5762E+0	2,3127E-6	3,0000E+0	1,2578E+0	1,2582E+0	-2,3096E-6
353,0889E+0	2,4354E-6	3,0000E+0	1,2570E+0	1,2572E+0	-2,4368E-6
353,6015E+0	2,6700E-6	3,0000E+0	1,2562E+0	1,2562E+0	-2,6684E-6
354,1143E+0	2,6822E-6	3,0000E+0	1,2548E+0	1,2555E+0	-2,6783E-6
354,6270E+0	2,7148E-6	3,0000E+0	1,2541E+0	1,2541E+0	-2,7164E-6
355,1396E+0	2,7307E-6	3,0000E+0	1,2529E+0	1,2531E+0	-2,7315E-6
355,6523E+0	2,7601E-6	3,0000E+0	1,2519E+0	1,2525E+0	-2,7587E-6
356,1650E+0	2,7617E-6	3,0000E+0	1,2510E+0	1,2515E+0	-2,7638E-6
356,6777E+0	2,7527E-6	3,0000E+0	1,2496E+0	1,2500E+0	-2,7551E-6
357,1904E+0	2,7553E-6	3,0000E+0	1,2489E+0	1,2493E+0	-2,7489E-6
357,7031E+0	2,7594E-6	3,0000E+0	1,2482E+0	1,2486E+0	-2,7620E-6
358,2158E+0	2,7566E-6	3,0000E+0	1,2469E+0	1,2470E+0	-2,7557E-6
358,7285E+0	2,7484E-6	3,0000E+0	1,2459E+0	1,2461E+0	-2,7419E-6
359,2412E+0	2,7543E-6	3,0000E+0	1,2452E+0	1,2452E+0	-2,7528E-6
359,7539E+0	2,7469E-6	3,0000E+0	1,2444E+0	1,2446E+0	-2,7505E-6
360,2666E+0	2,7511E-6	3,0000E+0	1,2434E+0	1,2432E+0	-2,7460E-6
360,7793E+0	2,7507E-6	3,0000E+0	1,2423E+0	1,2422E+0	-2,7544E-6
361,2921E+0	2,7523E-6	3,0000E+0	1,2414E+0	1,2413E+0	-2,7496E-6
361,8047E+0	2,7310E-6	3,0000E+0	1,2401E+0	1,2404E+0	-2,7274E-6
362,3174E+0	2,7228E-6	3,0000E+0	1,2393E+0	1,2394E+0	-2,7259E-6
362,8301E+0	2,6307E-6	3,0000E+0	1,2379E+0	1,2381E+0	-2,6254E-6
363,3428E+0	2,7080E-6	3,0000E+0	1,2373E+0	1,2376E+0	-2,7049E-6
363,8556E+0	2,7028E-6	3,0000E+0	1,2368E+0	1,2368E+0	-2,7089E-6
364,3682E+0	2,7234E-6	3,0000E+0	1,2344E+0	1,2356E+0	-2,7192E-6
364,8809E+0	2,7148E-6	3,0000E+0	1,2346E+0	1,2350E+0	-2,7155E-6
365,3936E+0	2,7012E-6	3,0000E+0	1,2333E+0	1,2335E+0	-2,7018E-6
365,9063E+0	2,6956E-6	3,0000E+0	1,2326E+0	1,2327E+0	-2,6915E-6
366,4190E+0	2,7002E-6	3,0000E+0	1,2315E+0	1,2317E+0	-2,6978E-6
366,9317E+0	2,6867E-6	3,0000E+0	1,2308E+0	1,2308E+0	-2,6940E-6
367,4444E+0	2,6893E-6	3,0000E+0	1,2297E+0	1,2300E+0	-2,6824E-6
367,9571E+0	2,6595E-6	3,0000E+0	1,2293E+0	1,2290E+0	-2,6584E-6
368,4698E+0	2,6799E-6	3,0000E+0	1,2279E+0	1,2282E+0	-2,6829E-6
368,9825E+0	2,6728E-6	3,0000E+0	1,2273E+0	1,2275E+0	-2,6686E-6
369,4951E+0	2,6613E-6	3,0000E+0	1,2257E+0	1,2260E+0	-2,6609E-6
370,0078E+0	2,6644E-6	3,0000E+0	1,2251E+0	1,2256E+0	-2,6680E-6
370,5205E+0	2,6295E-6	3,0000E+0	1,2242E+0	1,2245E+0	-2,6287E-6
371,0332E+0	2,6199E-6	3,0000E+0	1,2234E+0	1,2234E+0	-2,6205E-6
371,5460E+0	2,5895E-6	3,0000E+0	1,2225E+0	1,2228E+0	-2,5927E-6
372,0586E+0	2,6269E-6	3,0000E+0	1,2208E+0	1,2216E+0	-2,6224E-6
372,5714E+0	2,6262E-6	3,0000E+0	1,2204E+0	1,2210E+0	-2,6321E-6
373,0840E+0	2,6646E-6	3,0000E+0	1,2197E+0	1,2198E+0	-2,6643E-6
373,5967E+0	2,6315E-6	3,0000E+0	1,2186E+0	1,2190E+0	-2,6260E-6
374,1094E+0	2,6333E-6	3,0000E+0	1,2180E+0	1,2180E+0	-2,6394E-6
374,6221E+0	2,6935E-6	3,0000E+0	1,2168E+0	1,2168E+0	-2,6887E-6
375,1348E+0	2,7027E-6	3,0000E+0	1,2159E+0	1,2162E+0	-2,7037E-6
375,6475E+0	2,6809E-6	3,0000E+0	1,2153E+0	1,2155E+0	-2,6850E-6
376,1602E+0	2,6873E-6	3,0000E+0	1,2141E+0	1,2144E+0	-2,6825E-6
376,6729E+0	2,6776E-6	3,0000E+0	1,2128E+0	1,2132E+0	-2,6773E-6
377,1856E+0	2,6778E-6	3,0000E+0	1,2117E+0	1,2124E+0	-2,6769E-6
377,6983E+0	2,6785E-6	3,0000E+0	1,2111E+0	1,2112E+0	-2,6736E-6
378,2110E+0	2,6655E-6	3,0000E+0	1,2106E+0	1,2107E+0	-2,6658E-6
378,7237E+0	2,5416E-6	3,0000E+0	1,2114E+0	1,2115E+0	-2,5413E-6
379,2364E+0	2,6203E-6	3,0000E+0	1,2088E+0	1,2087E+0	-2,6160E-6
379,7491E+0	2,6429E-6	3,0000E+0	1,2079E+0	1,2078E+0	-2,6423E-6
380,2617E+0	2,6663E-6	3,0000E+0	1,2066E+0	1,2067E+0	-2,6635E-6
380,7744E+0	2,6391E-6	3,0000E+0	1,2051E+0	1,2054E+0	-2,6395E-6
381,2871E+0	2,6694E-6	3,0000E+0	1,2049E+0	1,2054E+0	-2,6746E-6
381,7998E+0	2,6865E-6	3,0000E+0	1,2036E+0	1,2044E+0	-2,6813E-6
382,3125E+0	2,6899E-6	3,0000E+0	1,2032E+0	1,2037E+0	-2,6899E-6
382,8252E+0	2,6837E-6	3,0000E+0	1,2024E+0	1,2024E+0	-2,6880E-6
383,3379E+0	2,6930E-6	3,0000E+0	1,2015E+0	1,2016E+0	-2,6923E-6
383,8506E+0	2,6875E-6	3,0000E+0	1,2004E+0	1,2004E+0	-2,6826E-6
384,3633E+0	2,6986E-6	3,0000E+0	1,1995E+0	1,2001E+0	-2,6975E-6
384,8760E+0	2,7079E-6	3,0000E+0	1,1992E+0	1,1992E+0	-2,7053E-6
385,3887E+0	2,7023E-6	3,0000E+0	1,1977E+0	1,1980E+0	-2,6998E-6
385,9014E+0	2,4863E-6	3,0000E+0	1,1974E+0	1,1972E+0	-2,4849E-6
386,4141E+0	2,3937E-6	3,0000E+0	1,1963E+0	1,1964E+0	-2,3896E-6
386,9268E+0	2,4307E-6	3,0000E+0	1,1952E+0	1,1955E+0	-2,4299E-6
387,4395E+0	2,4328E-6	3,0000E+0	1,1946E+0	1,1948E+0	-2,4347E-6
387,9522E+0	2,5242E-6	3,0000E+0	1,1935E+0	1,1940E+0	-2,5249E-6
388,4649E+0	2,6532E-6	3,0000E+0	1,1929E+0	1,1930E+0	-2,6596E-6
388,9776E+0	2,7014E-6	3,0000E+0	1,1920E+0	1,1918E+0	-2,7029E-6
389,4903E+0	2,7232E-6	3,0000E+0	1,1910E+0	1,1912E+0	-2,7178E-6
390,0030E+0	2,7131E-6	3,0000E+0	1,1903E+0	1,1903E+0	-2,7181E-6
390,5157E+0	2,7053E-6	3,0000E+0	1,1893E+0	1,1896E+0	-2,7017E-6
391,0284E+0	2,7352E-6	3,0000E+0	1,1883E+0	1,1888E+0	-2,7356E-6
391,5411E+0	2,7567E-6	3,0000E+0	1,1874E+0	1,1879E+0	-2,7637E-6
392,0538E+0	2,7976E-6	3,0000E+0	1,1865E+0	1,1868E+0	-2,7929E-6
392,5665E+0	2,8000E-6	3,0000E+0	1,1855E+0	1,1863E+0	-2,8010E-6
393,0792E+0	2,8125E-6	3,0000E+0	1,1850E+0	1,1850E+0	-2,8143E-6
393,5919E+0	2,8161E-6	3,0000E+0	1,1840E+0	1,1845E+0	-2,8146E-6
394,1046E+0	2,8256E-6	3,0000E+0	1,1829E+0	1,1831E+0	-2,8253E-6
394,6173E+0	2,8136E-6	3,0000E+0	1,1826E+0	1,1828E+0	-2,8184E-6
395,1300E+0	2,8327E-6	3,0000E+0	1,1811E+0	1,1816E+0	-2,8267E-6
395,6426E+0	2,8333E-6	3,0000E+0	1,1806E+0	1,1808E+0	-2,8370E-6
396,1553E+0	2,8340E-6	3,0000E+0	1,1799E+0	1,1801E+0	-2,8309E-6
396,6680E+0	2,8350E-6	3,0000E+0	1,1795E+0	1,1793E+0	-2,8358E-6
397,1808E+0	2,8325E-6	3,0000E+0	1,1783E+0	1,1787E+0	-2,8374E-6
397,6935E+0	2,8284E-6	3,0000E+0	1,1774E+0	1,1776E+0	-2,8267E-6
398,2061E+0	2,8353E-6	3,0000E+0	1,1766E+0	1,1766E+0	-2,8305E-6
398,7188E+0	2,8367E-6	3,0000E+0	1,1756E+0	1,1758E+0	-2,8408E-6
399,2315E+0	2,8597E-6	3,0000E+0	1,1747E+0	1,1749E+0	-2,8535E-6
399,7442E+0	2,8511E-6	3,0000E+0	1,1743E+0	1,1744E+0	-2,8474E-6
400,2570E+0	2,8429E-6	3,0000E+0	1,1738E+0	1,1735E+0	-2,8472E-6
400,7697E+0	2,8461E-6	3,0000E+0	1,1726E+0	1,1727E+0	-2,8408E-6
401,2824E+0	2,8440E-6	3,0000E+0	1,1709E+0	1,1715E+0	-2,8423E-6
401,7951E+0	2,7859E-6	3,0000E+0	1,1706E+0	1,1708E+0	-2,7857E-6
402,3077E+0	2,8307E-6	3,0000E+0	1,1696E+0	1,1704E+0	-2,8301E-6
402,8204E+0	2,8173E-6	3,0000E+0	1,1683E+0	1,1693E+0	-2,8161E-6
403,3331E+0	2,8125E-6	3,0000E+0	1,1684E+0	1,1684E+0	-2,8154E-6
403,8458E+0	2,8269E-6	3,0000E+0	1,1674E+0	1,1673E+0	-2,8187E-6
404,3585E+0	2,7963E-6	3,0000E+0	1,1664E+0	1,1669E+0	-2,7988E-6
404,8713E+0	2,7780E-6	3,0000E+0	1,1660E+0	1,1662E+0	-2,7828E-6
405,3840E+0	2,7874E-6	3,0000E+0	1,1647E+0	1,1650E+0	-2,7796E-6
405,8966E+0	2,7843E-6	3,0000E+0	1,1639E+0	1,1644E+0	-2,7889E-6
406,4093E+0	2,7842E-6	3,0000E+0	1,1636E+0	1,1638E+0	-2,7825E-6
406,9221E+0	2,7659E-6	3,0000E+0	1,1628E+0	1,1628E+0	-2,7655E-6
407,4348E+0	2,7705E-6	3,0000E+0	1,1615E+0	1,1618E+0	-2,7704E-6
407,9474E+0	2,7763E-6	3,0000E+0	1,1608E+0	1,1609E+0	-2,7749E-6
408,4602E+0	2,7871E-6	3,0000E+0	1,1599E+0	1,1602E+0	-2,7866E-6
408,9729E+0	2,7748E-6	3,0000E+0	1,1595E+0	1,1597E+0	-2,7825E-6
409,4856E+0	2,7833E-6	3,0000E+0	1,1587E+0	1,1587E+0	-2,7796E-6
409,9983E+0	2,7759E-6	3,0000E+0	1,1573E+0	1,1579E+0	-2,7716E-6
410,5110E+0	2,7638E-6	3,0000E+0	1,1566E+0	1,1571E+0	-2,7666E-6
411,0237E+0	2,7692E-6	3,0000E+0	1,1561E+0	1,1564E+0	-2,7692E-6
411,5363E+0	2,7911E-6	3,0000E+0	1,1548E+0	1,1557E+0	-2,7950E-6
412,0490E+0	2,7718E-6	3,0000E+0	1,1538E+0	1,1547E+0	-2,7695E-6
412,5617E+0	2,7866E-6	3,0000E+0	1,1537E+0	1,1539E+0	-2,7825E-6
413,0744E+0	2,7724E-6	3,0000E+0	1,1544E+0	1,1547E+0	-2,7734E-6
413,5871E+0	2,7958E-6	3,0000E+0	1,1523E+0	1,1526E+0	-2,7964E-6
414,0998E+0	2,7994E-6	3,0000E+0	1,1517E+0	1,1519E+0	-2,7963E-6
414,6125E+0	2,7973E-6	3,0000E+0	1,1505E+0	1,1506E+0	-2,7994E-6
415,1252E+0	2,7926E-6	3,0000E+0	1,1497E+0	1,1502E+0	-2,7949E-6
415,6380E+0	2,7676E-6	3,0000E+0	1,1493E+0	1,1495E+0	-2,7667E-6
416,1507E+0	2,7425E-6	3,0000E+0	1,1481E+0	1,1481E+0	-2,7440E-6
416,6633E+0	2,7419E-6	3,0000E+0	1,1476E+0	1,1479E+0	-2,7438E-6
417,1760E+0	2,7889E-6	3,0000E+0	1,1466E+0	1,1469E+0	-2,7901E-6
417,6888E+0	2,7953E-6	3,0000E+0	1,1460E+0	1,1464E+0	-2,8001E-6
418,2014E+0	2,8062E-6	3,0000E+0	1,1452E+0	1,1456E+0	-2,8050E-6
418,7141E+0	2,8007E-6	3,0000E+0	1,1443E+0	1,1443E+0	-2,7993E-6
419,2268E+0	2,7952E-6	3,0000E+0	1,1437E+0	1,1436E+0	-2,8005E-6
419,7395E+0	2,7959E-6	3,0000E+0	1,1429E+0	1,1430E+0	-2,7918E-6
420,2522E+0	2,7845E-6	3,0000E+0	1,1420E+0	1,1422E+0	-2,7864E-6
420,7649E+0	2,7689E-6	3,0000E+0	1,1410E+0	1,1416E+0	-2,7700E-6
421,2776E+0	2,7649E-6	3,0000E+0	1,1406E+0	1,1405E+0	-2,7654E-6
421,7903E+0	2,7788E-6	3,0000E+0	1,1396E+0	1,1396E+0	-2,7778E-6
422,3029E+0	2,7726E-6	3,0000E+0	1,1392E+0	1,1391E+0	-2,7692E-6
422,8157E+0	2,7648E-6	3,0000E+0	1,1379E+0	1,1380E+0	-2,7588E-6
423,3284E+0	2,7926E-6	3,0000E+0	1,1370E+0	1,1378E+0	-2,7979E-6
423,8411E+0	2,7950E-6	3,0000E+0	1,1368E+0	1,1367E+0	-2,7945E-6
424,3537E+0	2,7928E-6	3,0000E+0	1,1358E+0	1,1360E+0	-2,7937E-6
424,8665E+0	2,7898E-6	3,0000E+0	1,1347E+0	1,1355E+0	-2,7912E-6
425,3792E+0	2,7607E-6	3,0000E+0	1,1340E+0	1,1346E+0	-2,7607E-6
425,8918E+0	2,7757E-6	3,0000E+0	1,1336E+0	1,1336E+0	-2,7769E-6
426,4046E+0	2,7926E-6	3,0000E+0	1,1326E+0	1,1330E+0	-2,7906E-6
426,9172E+0	2,7743E-6	3,0000E+0	1,1319E+0	1,1323E+0	-2,7735E-6
427,4299E+0	2,7461E-6	3,0000E+0	1,1313E+0	1,1315E+0	-2,7479E-6
427,9426E+0	2,6658E-6	3,0000E+0	1,1304E+0	1,1308E+0	-2,6631E-6
428,4553E+0	2,7176E-6	3,0000E+0	1,1290E+0	1,1300E+0	-2,7125E-6
428,9680E+0	2,7529E-6	3,0000E+0	1,1288E+0	1,1287E+0	-2,7532E-6
429,4807E+0	2,7569E-6	3,0000E+0	1,1282E+0	1,1285E+0	-2,7578E-6
429,9934E+0	2,7512E-6	3,0000E+0	1,1271E+0	1,1272E+0	-2,7455E-6
430,5061E+0	2,7467E-6	3,0000E+0	1,1267E+0	1,1270E+0	-2,7514E-6
431,0188E+0	2,7562E-6	3,0000E+0	1,1260E+0	1,1263E+0	-2,7539E-6
431,5314E+0	2,7620E-6	3,0000E+0	1,1250E+0	1,1252E+0	-2,7584E-6
432,0442E+0	2,7597E-6	3,0000E+0	1,1246E+0	1,1249E+0	-2,7664E-6
432,5568E+0	2,7592E-6	3,0000E+0	1,1236E+0	1,1239E+0	-2,7552E-6
433,0695E+0	2,7642E-6	3,0000E+0	1,1224E+0	1,1230E+0	-2,7651E-6
433,5822E+0	2,7700E-6	3,0000E+0	1,1218E+0	1,1225E+0	-2,7751E-6
434,0949E+0	2,7578E-6	3,0000E+0	1,1213E+0	1,1216E+0	-2,7515E-6
434,6076E+0	2,7876E-6	3,0000E+0	1,1206E+0	1,1205E+0	-2,7838E-6
435,1202E+0	2,8104E-6	3,0000E+0	1,1193E+0	1,1200E+0	-2,8147E-6
435,6330E+0	2,8151E-6	3,0000E+0	1,1194E+0	1,1194E+0	-2,8093E-6
436,1456E+0	2,8181E-6	3,0000E+0	1,1184E+0	1,1186E+0	-2,8162E-6
436,6583E+0	2,8059E-6	3,0000E+0	1,1176E+0	1,1180E+0	-2,8077E-6
437,1710E+0	2,8193E-6	3,0000E+0	1,1175E+0	1,1176E+0	-2,8180E-6
437,6837E+0	2,8015E-6	3,0000E+0	1,1160E+0	1,1159E+0	-2,8017E-6
438,1964E+0	2,8179E-6	3,0000E+0	1,1154E+0	1,1158E+0	-2,8154E-6
438,7091E+0	2,8070E-6	3,0000E+0	1,1147E+0	1,1154E+0	-2,8050E-6
439,2218E+0	2,8056E-6	3,0000E+0	1,1141E+0	1,1147E+0	-2,8118E-6
439,7345E+0	2,8062E-6	3,0000E+0	1,1137E+0	1,1137E+0	-2,8051E-6
440,2471E+0	2,8412E-6	3,0000E+0	1,1120E+0	1,1131E+0	-2,8413E-6
440,7599E+0	2,8432E-6	3,0000E+0	1,1118E+0	1,1122E+0	-2,8426E-6
441,2726E+0	2,8421E-6	3,0000E+0	1,1113E+0	1,1116E+0	-2,8433E-6
441,7853E+0	2,8492E-6	3,0000E+0	1,1099E+0	1,1104E+0	-2,8441E-6
442,2980E+0	2,8332E-6	3,0000E+0	1,1095E+0	1,1099E+0	-2,8402E-6
442,8107E+0	2,8452E-6	3,0000E+0	1,1085E+0	1,1091E+0	-2,8436E-6
443,3234E+0	2,8422E-6	3,0000E+0	1,1084E+0	1,1083E+0	-2,8382E-6
443,8360E+0	2,8370E-6	3,0000E+0	1,1075E+0	1,1078E+0	-2,8413E-6
444,3488E+0	2,8371E-6	3,0000E+0	1,1065E+0	1,1068E+0	-2,8326E-6
444,8615E+0	2,8416E-6	3,0000E+0	1,1058E+0	1,1063E+0	-2,8400E-6
445,3742E+0	2,8250E-6	3,0000E+0	1,1054E+0	1,1054E+0	-2,8293E-6
445,8868E+0	2,8367E-6	3,0000E+0	1,1044E+0	1,1044E+0	-2,8303E-6
446,3996E+0	2,7863E-6	3,0000E+0	1,1041E+0	1,1041E+0	-2,7867E-6
446,9123E+0	2,8286E-6	3,0000E+0	1,1029E+0	1,1033E+0	-2,8261E-6
447,4250E+0	2,8264E-6	3,0000E+0	1,1016E+0	1,1023E+0	-2,8187E-6
447,9377E+0	2,7875E-6	3,0000E+0	1,1015E+0	1,1018E+0	-2,7862E-6
448,4504E+0	2,8274E-6	3,0000E+0	1,1011E+0	1,1010E+0	-2,8243E-6
448,9631E+0	2,8346E-6	3,0000E+0	1,1002E+0	1,1002E+0	-2,8294E-6
449,4757E+0	2,8435E-6	3,0000E+0	1,0996E+0	1,0998E+0	-2,8433E-6
449,9885E+0	2,8592E-6	3,0000E+0	1,0987E+0	1,0989E+0	-2,8573E-6
450,5012E+0	2,8513E-6	3,0000E+0	1,0977E+0	1,0984E+0	-2,8520E-6
451,0138E+0	2,8943E-6	3,0000E+0	1,0976E+0	1,0979E+0	-2,8999E-6
451,5265E+0	2,8567E-6	3,0000E+0	1,0966E+0	1,0969E+0	-2,8541E-6
452,0392E+0	2,8418E-6	3,0000E+0	1,0962E+0	1,0962E+0	-2,8422E-6
452,5519E+0	2,8735E-6	3,0000E+0	1,0953E+0	1,0960E+0	-2,8798E-6
453,0646E+0	2,8308E-6	3,0000E+0	1,0948E+0	1,0951E+0	-2,8311E-6
453,5773E+0	2,8210E-6	3,0000E+0	1,0938E+0	1,0941E+0	-2,8184E-6
454,0900E+0	2,8145E-6	3,0000E+0	1,0928E+0	1,0934E+0	-2,8142E-6
454,6027E+0	2,8026E-6	3,0000E+0	1,0925E+0	1,0928E+0	-2,7971E-6
455,1154E+0	2,8025E-6	3,0000E+0	1,0914E+0	1,0920E+0	-2,7987E-6
455,6281E+0	2,7976E-6	3,0000E+0	1,0913E+0	1,0914E+0	-2,7982E-6
456,1408E+0	2,8151E-6	3,0000E+0	1,0908E+0	1,0908E+0	-2,8107E-6
456,6535E+0	2,8188E-6	3,0000E+0	1,0892E+0	1,0899E+0	-2,8218E-6
457,1663E+0	2,8047E-6	3,0000E+0	1,0893E+0	1,0894E+0	-2,8092E-6
457,6790E+0	2,8040E-6	3,0000E+0	1,0878E+0	1,0885E+0	-2,8038E-6
458,1917E+0	2,7982E-6	3,0000E+0	1,0875E+0	1,0881E+0	-2,8002E-6
458,7043E+0	2,7914E-6	3,0000E+0	1,0872E+0	1,0871E+0	-2,7898E-6
459,2170E+0	2,7409E-6	3,0000E+0	1,0866E+0	1,0869E+0	-2,7405E-6
459,7297E+0	2,8194E-6	3,0000E+0	1,0855E+0	1,0857E+0	-2,8201E-6
460,2424E+0	2,8141E-6	3,0000E+0	1,0852E+0	1,0852E+0	-2,8162E-6
460,7551E+0	2,8228E-6	3,0000E+0	1,0843E+0	1,0848E+0	-2,8215E-6
461,2678E+0	2,8107E-6	3,0000E+0	1,0832E+0	1,0837E+0	-2,8107E-6
461,7805E+0	2,8239E-6	3,0000E+0	1,0827E+0	1,0830E+0	-2,8199E-6
462,2932E+0	2,7601E-6	3,0000E+0	1,0824E+0	1,0828E+0	-2,7615E-6
462,8058E+0	2,8021E-6	3,0000E+0	1,0816E+0	1,0819E+0	-2,8055E-6
463,3185E+0	2,7939E-6	3,0000E+0	1,0808E+0	1,0811E+0	-2,7901E-6
463,8313E+0	2,8013E-6	3,0000E+0	1,0795E+0	1,0800E+0	-2,7970E-6
464,3440E+0	2,7981E-6	3,0000E+0	1,0794E+0	1,0794E+0	-2,7989E-6
464,8567E+0	2,7930E-6	3,0000E+0	1,0787E+0	1,0793E+0	-2,7932E-6
465,3694E+0	2,7902E-6	3,0000E+0	1,0783E+0	1,0783E+0	-2,7930E-6
465,8820E+0	2,7782E-6	3,0000E+0	1,0777E+0	1,0777E+0	-2,7834E-6
466,3947E+0	2,7165E-6	3,0000E+0	1,0766E+0	1,0768E+0	-2,7122E-6
466,9074E+0	2,7689E-6	3,0000E+0	1,0759E+0	1,0763E+0	-2,7678E-6
467,4201E+0	2,7380E-6	3,0000E+0	1,0750E+0	1,0757E+0	-2,7372E-6
467,9329E+0	2,7728E-6	3,0000E+0	1,0744E+0	1,0748E+0	-2,7684E-6
468,4455E+0	2,7631E-6	3,0000E+0	1,0741E+0	1,0743E+0	-2,7626E-6
468,9582E+0	2,6797E-6	3,0000E+0	1,0728E+0	1,0735E+0	-2,6807E-6
469,4709E+0	2,7983E-6	3,0000E+0	1,0727E+0	1,0731E+0	-2,7987E-6
469,9836E+0	2,7983E-6	3,0000E+0	1,0724E+0	1,0723E+0	-2,8014E-6
470,4963E+0	2,7841E-6	3,0000E+0	1,0708E+0	1,0715E+0	-2,7865E-6
471,0090E+0	2,7601E-6	3,0000E+0	1,0699E+0	1,0708E+0	-2,7547E-6
471,5217E+0	2,7561E-6	3,0000E+0	1,0699E+0	1,0701E+0	-2,7557E-6
472,0344E+0	2,7444E-6	3,0000E+0	1,0686E+0	1,0692E+0	-2,7392E-6
472,5471E+0	2,7310E-6	3,0000E+0	1,0686E+0	1,0685E+0	-2,7300E-6
473,0597E+0	2,7385E-6	3,0000E+0	1,0681E+0	1,0682E+0	-2,7423E-6
473,5724E+0	2,7336E-6	3,0000E+0	1,0676E+0	1,0679E+0	-2,7340E-6
474,0851E+0	2,7118E-6	3,0000E+0	1,0663E+0	1,0671E+0	-2,7112E-6
474,5978E+0	2,7292E-6	3,0000E+0	1,0654E+0	1,0661E+0	-2,7292E-6
475,1105E+0	2,7291E-6	3,0000E+0	1,0653E+0	1,0656E+0	-2,7289E-6
475,6232E+0	2,7217E-6	3,0000E+0	1,0646E+0	1,0650E+0	-2,7252E-6
476,1359E+0	2,5987E-6	3,0000E+0	1,0636E+0	1,0641E+0	-2,5978E-6
476,6486E+0	2,6071E-6	3,0000E+0	1,0633E+0	1,0636E+0	-2,6044E-6
477,1613E+0	2,6248E-6	3,0000E+0	1,0622E+0	1,0626E+0	-2,6222E-6
477,6740E+0	2,6495E-6	3,0000E+0	1,0621E+0	1,0625E+0	-2,6532E-6
478,1867E+0	2,6525E-6	3,0000E+0	1,0614E+0	1,0615E+0	-2,6455E-6
478,6994E+0	2,6598E-6	3,0000E+0	1,0606E+0	1,0607E+0	-2,6656E-6
479,2121E+0	2,6571E-6	3,0000E+0	1,0606E+0	1,0607E+0	-2,6593E-6
479,7248E+0	2,6699E-6	3,0000E+0	1,0593E+0	1,0595E+0	-2,6696E-6
480,2375E+0	2,6982E-6	3,0000E+0	1,0585E+0	1,0587E+0	-2,6999E-6
480,7502E+0	2,6910E-6	3,0000E+0	1,0578E+0	1,0582E+0	-2,6867E-6
481,2629E+0	2,6746E-6	3,0000E+0	1,0573E+0	1,0578E+0	-2,6752E-6
481,7756E+0	2,6836E-6	3,0000E+0	1,0569E+0	1,0567E+0	-2,6839E-6
482,2883E+0	2,6863E-6	3,0000E+0	1,0564E+0	1,0565E+0	-2,6874E-6
482,8010E+0	2,6864E-6	3,0000E+0	1,0554E+0	1,0556E+0	-2,6822E-6
483,3137E+0	2,6860E-6	3,0000E+0	1,0550E+0	1,0554E+0	-2,6921E-6
483,8264E+0	2,6796E-6	3,0000E+0	1,0539E+0	1,0541E+0	-2,6758E-6
484,3391E+0	2,6934E-6	3,0000E+0	1,0535E+0	1,0537E+0	-2,6909E-6
484,8518E+0	2,7061E-6	3,0000E+0	1,0522E+0	1,0527E+0	-2,7047E-6
485,3645E+0	2,7002E-6	3,0000E+0	1,0520E+0	1,0521E+0	-2,6969E-6
485,8772E+0	2,7063E-6	3,0000E+0	1,0514E+0	1,0518E+0	-2,7041E-6
486,3899E+0	2,7065E-6	3,0000E+0	1,0505E+0	1,0512E+0	-2,7117E-6
486,9026E+0	2,7053E-6	3,0000E+0	1,0501E+0	1,0505E+0	-2,7049E-6
487,4153E+0	2,6864E-6	3,0000E+0	1,0492E+0	1,0494E+0	-2,6858E-6
487,9280E+0	2,6652E-6	3,0000E+0	1,0487E+0	1,0491E+0	-2,6633E-6
488,4407E+0	2,6805E-6	3,0000E+0	1,0480E+0	1,0483E+0	-2,6746E-6
488,9534E+0	2,6895E-6	3,0000E+0	1,0483E+0	1,0481E+0	-2,6887E-6
489,4661E+0	2,6872E-6	3,0000E+0	1,0473E+0	1,0474E+0	-2,6887E-6
489,9788E+0	2,6783E-6	3,0000E+0	1,0461E+0	1,0462E+0	-2,6781E-6
490,4915E+0	2,6834E-6	3,0000E+0	1,0455E+0	1,0458E+0	-2,6889E-6
491,0042E+0	2,7064E-6	3,0000E+0	1,0452E+0	1,0450E+0	-2,7045E-6
491,5169E+0	2,7391E-6	3,0000E+0	1,0444E+0	1,0449E+0	-2,7368E-6
492,0296E+0	2,7450E-6	3,0000E+0	1,0437E+0	1,0435E+0	-2,7441E-6
492,5423E+0	2,7493E-6	3,0000E+0	1,0433E+0	1,0433E+0	-2,7515E-6
493,0550E+0	2,7179E-6	3,0000E+0	1,0424E+0	1,0431E+0	-2,7146E-6
493,5677E+0	2,7593E-6	3,0000E+0	1,0418E+0	1,0421E+0	-2,7657E-6
494,0804E+0	2,7546E-6	3,0000E+0	1,0406E+0	1,0411E+0	-2,7523E-6
494,5930E+0	2,7666E-6	3,0000E+0	1,0409E+0	1,0410E+0	-2,7652E-6
495,1058E+0	2,7514E-6	3,0000E+0	1,0399E+0	1,0402E+0	-2,7547E-6
495,6184E+0	2,7514E-6	3,0000E+0	1,0394E+0	1,0393E+0	-2,7497E-6
496,1311E+0	2,7583E-6	3,0000E+0	1,0381E+0	1,0387E+0	-2,7553E-6
496,6438E+0	2,7614E-6	3,0000E+0	1,0380E+0	1,0384E+0	-2,7649E-6
497,1565E+0	2,7591E-6	3,0000E+0	1,0374E+0	1,0378E+0	-2,7596E-6
497,6692E+0	2,7736E-6	3,0000E+0	1,0364E+0	1,0371E+0	-2,7734E-6
498,1819E+0	2,7535E-6	3,0000E+0	1,0362E+0	1,0362E+0	-2,7528E-6
498,6945E+0	2,7558E-6	3,0000E+0	1,0356E+0	1,0357E+0	-2,7548E-6
499,2072E+0	2,7556E-6	3,0000E+0	1,0352E+0	1,0352E+0	-2,7606E-6
499,7199E+0	2,7539E-6	3,0000E+0	1,0349E+0	1,0348E+0	-2,7529E-6
500,2326E+0	2,7673E-6	3,0000E+0	1,0338E+0	1,0338E+0	-2,7682E-6
500,7453E+0	2,7996E-6	3,0000E+0	1,0329E+0	1,0334E+0	-2,8042E-6
501,2580E+0	2,8010E-6	3,0000E+0	1,0321E+0	1,0326E+0	-2,7986E-6
501,7707E+0	2,7627E-6	3,0000E+0	1,0313E+0	1,0321E+0	-2,7624E-6
502,2834E+0	2,7790E-6	3,0000E+0	1,0314E+0	1,0312E+0	-2,7793E-6
502,7961E+0	2,7729E-6	3,0000E+0	1,0304E+0	1,0309E+0	-2,7727E-6
503,3088E+0	2,7043E-6	3,0000E+0	1,0293E+0	1,0302E+0	-2,6992E-6
503,8215E+0	2,6977E-6	3,0000E+0	1,0292E+0	1,0299E+0	-2,7035E-6
504,3342E+0	2,7293E-6	3,0000E+0	1,0282E+0	1,0290E+0	-2,7283E-6
504,8469E+0	2,7327E-6	3,0000E+0	1,0275E+0	1,0280E+0	-2,7284E-6
505,3596E+0	2,7217E-6	3,0000E+0	1,0274E+0	1,0275E+0	-2,7216E-6
505,8722E+0	2,7240E-6	3,0000E+0	1,0264E+0	1,0269E+0	-2,7211E-6
506,3849E+0	2,6605E-6	3,0000E+0	1,0260E+0	1,0265E+0	-2,6571E-6
506,8976E+0	2,6355E-6	3,0000E+0	1,0253E+0	1,0260E+0	-2,6389E-6
507,4103E+0	2,6862E-6	3,0000E+0	1,0253E+0	1,0254E+0	-2,6858E-6
507,9230E+0	2,6755E-6	3,0000E+0	1,0245E+0	1,0249E+0	-2,6739E-6
508,4357E+0	2,6713E-6	3,0000E+0	1,0216E+0	1,0217E+0	-2,6754E-6
508,9484E+0	2,7092E-6	3,0000E+0	1,0233E+0	1,0232E+0	-2,7051E-6
509,4611E+0	2,6043E-6	3,0000E+0	1,0224E+0	1,0228E+0	-2,6074E-6
509,9738E+0	2,6447E-6	3,0000E+0	1,0224E+0	1,0221E+0	-2,6429E-6
510,4865E+0	2,6096E-6	3,0000E+0	1,0216E+0	1,0216E+0	-2,6102E-6
510,9992E+0	2,5759E-6	3,0000E+0	1,0210E+0	1,0213E+0	-2,5791E-6
511,5118E+0	2,3378E-6	3,0000E+0	1,0198E+0	1,0201E+0	-2,3373E-6
512,0245E+0	2,6055E-6	3,0000E+0	1,0197E+0	1,0198E+0	-2,6039E-6
512,5372E+0	2,5211E-6	3,0000E+0	1,0187E+0	1,0190E+0	-2,5245E-6
513,0499E+0	2,6630E-6	3,0000E+0	1,0179E+0	1,0184E+0	-2,6578E-6
513,5626E+0	2,6559E-6	3,0000E+0	1,0177E+0	1,0180E+0	-2,6566E-6
514,0753E+0	2,6772E-6	3,0000E+0	1,0171E+0	1,0170E+0	-2,6791E-6
514,5880E+0	2,7081E-6	3,0000E+0	1,0165E+0	1,0166E+0	-2,7045E-6
515,1006E+0	2,6113E-6	3,0000E+0	1,0155E+0	1,0160E+0	-2,6083E-6
515,6133E+0	2,7092E-6	3,0000E+0	1,0158E+0	1,0158E+0	-2,7087E-6
