Time	Cur1	Volt1	Volt2	Volt3	Cur4
640,7952E-3	1,8937E-3	3,0000E+0	2,9947E+0	2,9944E+0	-1,8944E-3
1,1535E+0	1,7061E-3	3,0000E+0	2,9980E+0	2,9977E+0	-1,7064E-3
1,6662E+0	1,4390E-3	3,0000E+0	2,9985E+0	2,9979E+0	-1,4397E-3
2,1789E+0	1,2735E-3	3,0000E+0	2,9987E+0	2,9985E+0	-1,2736E-3
2,6916E+0	1,1628E-3	3,0000E+0	2,9983E+0	2,9987E+0	-1,1633E-3
3,2043E+0	1,1076E-3	3,0000E+0	2,9985E+0	2,9986E+0	-1,1076E-3
3,7170E+0	1,0269E-3	3,0000E+0	2,9986E+0	2,9987E+0	-1,0270E-3
4,2297E+0	977,8820E-6	3,0000E+0	2,9991E+0	2,9989E+0	-978,1229E-6
4,7424E+0	910,7940E-6	3,0000E+0	2,9993E+0	2,9990E+0	-910,9708E-6
5,2551E+0	766,6979E-6	3,0000E+0	2,9984E+0	2,9979E+0	-767,0434E-6
5,7678E+0	697,5923E-6	3,0000E+0	2,9995E+0	2,9993E+0	-697,7902E-6
6,2805E+0	686,3688E-6	3,0000E+0	2,9996E+0	2,9993E+0	-686,3601E-6
6,7932E+0	733,3221E-6	3,0000E+0	2,9984E+0	2,9984E+0	-733,7616E-6
7,3059E+0	659,4664E-6	3,0000E+0	2,9996E+0	2,9994E+0	-660,0539E-6
7,8186E+0	1,4293E-3	3,0000E+0	2,9985E+0	2,9979E+0	-1,4298E-3
8,3313E+0	659,7607E-6	3,0000E+0	2,9994E+0	2,9993E+0	-660,0959E-6
8,8440E+0	1,3546E-3	3,0000E+0	2,9988E+0	2,9982E+0	-1,3546E-3
9,3567E+0	635,2543E-6	3,0000E+0	2,9993E+0	2,9993E+0	-635,5548E-6
9,8694E+0	1,0641E-3	3,0000E+0	2,9979E+0	2,9982E+0	-1,0644E-3
10,3821E+0	448,6607E-6	3,0000E+0	3,0002E+0	2,9996E+0	-449,2266E-6
10,8948E+0	806,2108E-6	3,0000E+0	2,9998E+0	2,9992E+0	-806,2506E-6
11,4075E+0	460,0522E-6	3,0000E+0	3,0002E+0	2,9998E+0	-460,4886E-6
11,9202E+0	718,6098E-6	3,0000E+0	2,9993E+0	2,9992E+0	-718,6335E-6
12,4329E+0	511,0827E-6	3,0000E+0	2,9999E+0	2,9997E+0	-511,2939E-6
12,9456E+0	711,7160E-6	3,0000E+0	2,9998E+0	2,9992E+0	-712,2880E-6
13,4583E+0	526,5936E-6	3,0000E+0	2,9999E+0	2,9995E+0	-527,0524E-6
13,9710E+0	658,8780E-6	3,0000E+0	2,9994E+0	2,9992E+0	-658,8773E-6
14,4837E+0	506,9212E-6	3,0000E+0	2,9997E+0	2,9996E+0	-507,0076E-6
14,9964E+0	585,5688E-6	3,0000E+0	3,0000E+0	2,9994E+0	-586,0942E-6
15,6227E+0	231,3250E-6	3,0000E+0	2,9992E+0	2,9992E+0	-231,3435E-6
16,1354E+0	462,3573E-6	3,0000E+0	3,0004E+0	2,9999E+0	-462,3571E-6
16,6481E+0	432,4322E-6	3,0000E+0	3,0004E+0	3,0000E+0	-432,4369E-6
17,1608E+0	414,1516E-6	3,0000E+0	3,0010E+0	3,0004E+0	-414,1476E-6
17,6735E+0	428,3993E-6	3,0000E+0	3,0005E+0	2,9997E+0	-428,3932E-6
18,1862E+0	375,7023E-6	3,0000E+0	3,0003E+0	3,0002E+0	-375,7364E-6
18,6989E+0	412,5157E-6	3,0000E+0	3,0001E+0	2,9995E+0	-412,5461E-6
19,2116E+0	342,0008E-6	3,0000E+0	3,0003E+0	3,0002E+0	-342,0373E-6
19,7243E+0	412,0784E-6	3,0000E+0	2,9997E+0	2,9997E+0	-412,0711E-6
20,2370E+0	291,8733E-6	3,0000E+0	3,0003E+0	2,9996E+0	-291,8817E-6
20,7497E+0	378,2213E-6	3,0000E+0	2,9999E+0	2,9999E+0	-378,2249E-6
21,2624E+0	269,8752E-6	3,0000E+0	3,0005E+0	3,0001E+0	-269,8598E-6
21,7751E+0	379,4955E-6	3,0000E+0	3,0003E+0	2,9999E+0	-379,5238E-6
22,2878E+0	273,0671E-6	3,0000E+0	3,0004E+0	3,0000E+0	-273,0628E-6
22,8005E+0	456,0451E-6	3,0000E+0	2,9984E+0	2,9980E+0	-456,0393E-6
23,3132E+0	254,0253E-6	3,0000E+0	3,0002E+0	2,9998E+0	-254,0548E-6
23,9390E+0	615,8761E-6	3,0000E+0	2,9982E+0	2,9981E+0	-616,1823E-6
24,5653E+0	183,8678E-6	3,0000E+0	2,9994E+0	2,9989E+0	-183,8402E-6
25,1911E+0	323,9006E-6	3,0000E+0	2,9990E+0	2,9989E+0	-324,2513E-6
25,8173E+0	230,4587E-6	3,0000E+0	2,9973E+0	2,9968E+0	-230,4187E-6
26,3300E+0	204,4277E-6	3,0000E+0	3,0008E+0	3,0003E+0	-204,4413E-6
26,9558E+0	541,2219E-6	3,0000E+0	2,9994E+0	2,9988E+0	-541,3821E-6
27,5821E+0	182,2740E-6	3,0000E+0	2,9995E+0	2,9996E+0	-182,3144E-6
28,0948E+0	453,6102E-6	3,0000E+0	3,0008E+0	3,0002E+0	-453,6139E-6
28,6075E+0	359,4950E-6	3,0000E+0	3,0003E+0	3,0002E+0	-359,5531E-6
29,1202E+0	416,0272E-6	3,0000E+0	3,0006E+0	3,0003E+0	-416,0602E-6
29,6329E+0	358,7464E-6	3,0000E+0	3,0002E+0	2,9999E+0	-358,7545E-6
30,1456E+0	370,0209E-6	3,0000E+0	3,0008E+0	2,9997E+0	-370,0618E-6
30,6583E+0	355,5756E-6	3,0000E+0	3,0004E+0	2,9998E+0	-355,6019E-6
31,1710E+0	318,5897E-6	3,0000E+0	3,0008E+0	2,9999E+0	-318,6030E-6
31,6837E+0	350,7899E-6	3,0000E+0	2,9995E+0	2,9998E+0	-350,7847E-6
32,1964E+0	262,6463E-6	3,0000E+0	3,0005E+0	3,0002E+0	-262,6508E-6
32,7091E+0	320,4317E-6	3,0000E+0	3,0004E+0	2,9997E+0	-320,4274E-6
33,2218E+0	230,7194E-6	3,0000E+0	3,0003E+0	3,0005E+0	-230,7340E-6
33,7345E+0	329,1367E-6	3,0000E+0	3,0004E+0	3,0002E+0	-329,1369E-6
34,2472E+0	221,4971E-6	3,0000E+0	3,0006E+0	3,0004E+0	-221,5368E-6
34,7599E+0	333,0981E-6	3,0000E+0	3,0003E+0	2,9998E+0	-333,1134E-6
35,2726E+0	214,1546E-6	3,0000E+0	3,0005E+0	3,0000E+0	-214,1892E-6
35,7853E+0	349,9531E-6	3,0000E+0	2,9989E+0	2,9987E+0	-349,9777E-6
36,2980E+0	204,9155E-6	3,0000E+0	3,0004E+0	2,9998E+0	-204,9416E-6
36,9238E+0	499,1027E-6	3,0000E+0	2,9986E+0	2,9982E+0	-499,1915E-6
37,5501E+0	174,8895E-6	3,0000E+0	2,9993E+0	2,9995E+0	-174,9036E-6
38,0627E+0	494,5828E-6	3,0000E+0	3,0002E+0	3,0000E+0	-494,6060E-6
38,5754E+0	301,1713E-6	3,0000E+0	3,0000E+0	2,9999E+0	-301,1629E-6
39,0882E+0	433,3364E-6	3,0000E+0	3,0007E+0	3,0004E+0	-433,3448E-6
39,6008E+0	316,8992E-6	3,0000E+0	3,0004E+0	3,0001E+0	-316,9217E-6
40,1135E+0	387,8010E-6	3,0000E+0	3,0005E+0	3,0002E+0	-387,8130E-6
40,6262E+0	314,8092E-6	3,0000E+0	2,9999E+0	2,9998E+0	-314,8578E-6
41,1389E+0	317,9169E-6	3,0000E+0	3,0003E+0	3,0001E+0	-317,9641E-6
41,6516E+0	297,1468E-6	3,0000E+0	3,0001E+0	3,0002E+0	-297,1360E-6
42,1643E+0	269,8121E-6	3,0000E+0	3,0010E+0	3,0006E+0	-269,8220E-6
42,6770E+0	313,0892E-6	3,0000E+0	3,0006E+0	2,9999E+0	-313,0713E-6
43,1897E+0	252,4904E-6	3,0000E+0	3,0005E+0	3,0003E+0	-252,4995E-6
43,7024E+0	314,7587E-6	3,0000E+0	3,0002E+0	2,9998E+0	-314,7821E-6
44,2151E+0	226,1398E-6	3,0000E+0	3,0004E+0	3,0001E+0	-226,1606E-6
44,7278E+0	310,1749E-6	3,0000E+0	3,0000E+0	2,9997E+0	-310,2214E-6
45,2405E+0	182,7955E-6	3,0000E+0	3,0009E+0	3,0006E+0	-182,8104E-6
45,7533E+0	300,5279E-6	3,0000E+0	3,0005E+0	3,0002E+0	-300,5240E-6
46,2660E+0	180,9157E-6	3,0000E+0	3,0008E+0	3,0003E+0	-180,9524E-6
46,7787E+0	316,0245E-6	3,0000E+0	2,9994E+0	2,9987E+0	-316,0726E-6
47,2914E+0	192,8420E-6	3,0000E+0	3,0004E+0	3,0003E+0	-192,8608E-6
47,8041E+0	480,1290E-6	3,0000E+0	2,9989E+0	2,9982E+0	-480,1083E-6
48,3167E+0	182,8123E-6	3,0000E+0	2,9999E+0	3,0000E+0	-182,8356E-6
48,9426E+0	517,3460E-6	3,0000E+0	2,9994E+0	2,9988E+0	-517,5553E-6
49,5688E+0	168,3922E-6	3,0000E+0	3,0001E+0	2,9997E+0	-168,4009E-6
50,0815E+0	431,4061E-6	3,0000E+0	3,0008E+0	3,0003E+0	-431,4112E-6
50,5942E+0	277,0243E-6	3,0000E+0	2,9989E+0	2,9990E+0	-277,0729E-6
51,1069E+0	351,7908E-6	3,0000E+0	3,0004E+0	3,0006E+0	-351,7935E-6
51,6196E+0	293,0676E-6	3,0000E+0	3,0006E+0	2,9999E+0	-293,0839E-6
52,1322E+0	316,2600E-6	3,0000E+0	3,0010E+0	3,0007E+0	-316,2744E-6
52,6449E+0	298,8247E-6	3,0000E+0	2,9997E+0	3,0000E+0	-298,8216E-6
53,1576E+0	275,8426E-6	3,0000E+0	3,0007E+0	3,0004E+0	-275,8875E-6
53,6703E+0	303,0973E-6	3,0000E+0	2,9999E+0	2,9998E+0	-303,1007E-6
54,1830E+0	246,9940E-6	3,0000E+0	3,0007E+0	3,0001E+0	-247,0266E-6
54,6957E+0	301,2764E-6	3,0000E+0	3,0005E+0	2,9998E+0	-301,2764E-6
55,2084E+0	193,1111E-6	3,0000E+0	2,9994E+0	2,9990E+0	-193,1130E-6
55,7211E+0	282,8823E-6	3,0000E+0	2,9999E+0	3,0002E+0	-282,8989E-6
56,2338E+0	176,4496E-6	3,0000E+0	3,0001E+0	3,0003E+0	-176,4757E-6
56,7465E+0	295,8515E-6	3,0000E+0	3,0003E+0	2,9998E+0	-295,8413E-6
57,2592E+0	178,9981E-6	3,0000E+0	3,0007E+0	3,0002E+0	-179,0399E-6
57,7719E+0	310,0151E-6	3,0000E+0	2,9994E+0	2,9991E+0	-310,0238E-6
58,2846E+0	166,6933E-6	3,0000E+0	3,0006E+0	3,0002E+0	-166,7069E-6
58,7973E+0	450,8347E-6	3,0000E+0	2,9989E+0	2,9984E+0	-450,8354E-6
59,3099E+0	162,6477E-6	3,0000E+0	3,0002E+0	2,9998E+0	-162,6506E-6
59,9357E+0	554,4629E-6	3,0000E+0	2,9978E+0	2,9973E+0	-554,9974E-6
60,5620E+0	159,3213E-6	3,0000E+0	2,9999E+0	2,9995E+0	-159,3298E-6
61,0746E+0	387,1786E-6	3,0000E+0	3,0009E+0	3,0006E+0	-387,2203E-6
61,5873E+0	266,2839E-6	3,0000E+0	3,0005E+0	2,9999E+0	-266,2868E-6
62,1001E+0	349,1835E-6	3,0000E+0	3,0009E+0	3,0005E+0	-349,2295E-6
62,6128E+0	283,5173E-6	3,0000E+0	2,9999E+0	3,0000E+0	-283,5168E-6
63,1255E+0	317,8201E-6	3,0000E+0	3,0008E+0	3,0003E+0	-317,8296E-6
63,6382E+0	289,1272E-6	3,0000E+0	2,9998E+0	3,0002E+0	-289,1452E-6
64,1509E+0	269,3201E-6	3,0000E+0	3,0001E+0	3,0002E+0	-269,3343E-6
64,6636E+0	288,3198E-6	3,0000E+0	2,9999E+0	2,9998E+0	-288,3172E-6
65,1763E+0	219,0118E-6	3,0000E+0	2,9997E+0	2,9995E+0	-219,0400E-6
65,6890E+0	268,6641E-6	3,0000E+0	3,0004E+0	3,0003E+0	-268,6786E-6
66,2017E+0	194,4569E-6	3,0000E+0	3,0009E+0	3,0004E+0	-194,4876E-6
66,7144E+0	289,9515E-6	3,0000E+0	3,0002E+0	3,0000E+0	-290,0070E-6
67,2271E+0	182,8039E-6	3,0000E+0	3,0007E+0	3,0003E+0	-182,8272E-6
67,7398E+0	292,2938E-6	3,0000E+0	3,0005E+0	2,9999E+0	-292,2978E-6
68,2525E+0	169,3510E-6	3,0000E+0	3,0005E+0	3,0002E+0	-169,3887E-6
68,7652E+0	284,8883E-6	3,0000E+0	3,0005E+0	2,9999E+0	-284,9081E-6
69,2779E+0	167,4250E-6	3,0000E+0	3,0005E+0	3,0000E+0	-167,4383E-6
69,7906E+0	421,8936E-6	3,0000E+0	2,9986E+0	2,9984E+0	-421,9030E-6
70,3033E+0	141,2721E-6	3,0000E+0	3,0004E+0	3,0004E+0	-141,2886E-6
70,9291E+0	465,7269E-6	3,0000E+0	2,9994E+0	2,9990E+0	-466,0776E-6
71,5554E+0	143,0593E-6	3,0000E+0	3,0001E+0	3,0000E+0	-143,0751E-6
72,0681E+0	402,9066E-6	3,0000E+0	3,0000E+0	3,0003E+0	-402,9539E-6
72,5808E+0	281,8436E-6	3,0000E+0	3,0000E+0	2,9998E+0	-281,8648E-6
73,0935E+0	362,0728E-6	3,0000E+0	3,0009E+0	3,0004E+0	-362,0962E-6
73,6062E+0	269,7827E-6	3,0000E+0	3,0004E+0	2,9998E+0	-269,7967E-6
74,1189E+0	277,0032E-6	3,0000E+0	3,0003E+0	3,0005E+0	-277,0309E-6
74,6316E+0	270,1738E-6	3,0000E+0	3,0008E+0	3,0003E+0	-270,1792E-6
75,1443E+0	247,3052E-6	3,0000E+0	3,0010E+0	3,0005E+0	-247,3208E-6
75,6570E+0	276,8098E-6	3,0000E+0	3,0003E+0	3,0001E+0	-276,8207E-6
76,1697E+0	224,5544E-6	3,0000E+0	3,0010E+0	3,0006E+0	-224,5885E-6
76,6824E+0	288,8707E-6	3,0000E+0	2,9999E+0	3,0000E+0	-288,8720E-6
77,1951E+0	197,9221E-6	3,0000E+0	3,0005E+0	3,0006E+0	-197,9344E-6
77,7079E+0	287,5880E-6	3,0000E+0	3,0004E+0	2,9999E+0	-287,6404E-6
78,2206E+0	186,3742E-6	3,0000E+0	3,0005E+0	3,0002E+0	-186,4043E-6
78,7333E+0	284,2953E-6	3,0000E+0	3,0002E+0	3,0000E+0	-284,2986E-6
79,2459E+0	159,2246E-6	3,0000E+0	3,0008E+0	2,9998E+0	-159,2668E-6
79,7587E+0	262,6925E-6	3,0000E+0	3,0005E+0	2,9998E+0	-262,6803E-6
80,2713E+0	142,1552E-6	3,0000E+0	2,9995E+0	2,9993E+0	-142,1671E-6
80,7841E+0	397,8980E-6	3,0000E+0	2,9984E+0	2,9984E+0	-397,9139E-6
81,2968E+0	144,4597E-6	3,0000E+0	3,0006E+0	3,0003E+0	-144,4916E-6
81,9226E+0	478,2953E-6	3,0000E+0	2,9994E+0	2,9990E+0	-478,2222E-6
82,5489E+0	156,1673E-6	3,0000E+0	2,9994E+0	3,0000E+0	-156,1983E-6
83,0616E+0	405,4340E-6	3,0000E+0	3,0011E+0	3,0004E+0	-405,4675E-6
83,5743E+0	271,7045E-6	3,0000E+0	3,0002E+0	3,0001E+0	-271,7345E-6
84,0869E+0	366,8081E-6	3,0000E+0	3,0006E+0	3,0002E+0	-366,8335E-6
84,5997E+0	281,6585E-6	3,0000E+0	3,0003E+0	2,9999E+0	-281,6841E-6
85,1124E+0	302,2058E-6	3,0000E+0	3,0006E+0	2,9997E+0	-302,2054E-6
85,6251E+0	258,1466E-6	3,0000E+0	3,0005E+0	3,0002E+0	-258,1573E-6
86,1378E+0	238,0577E-6	3,0000E+0	3,0010E+0	3,0007E+0	-238,0732E-6
86,6505E+0	262,3266E-6	3,0000E+0	2,9998E+0	3,0001E+0	-262,3314E-6
87,1632E+0	222,8176E-6	3,0000E+0	3,0002E+0	3,0005E+0	-222,8441E-6
87,6759E+0	278,7695E-6	3,0000E+0	3,0004E+0	2,9999E+0	-278,7795E-6
88,1886E+0	196,0254E-6	3,0000E+0	3,0008E+0	3,0005E+0	-196,0681E-6
88,7013E+0	281,5366E-6	3,0000E+0	2,9999E+0	2,9997E+0	-281,5580E-6
89,2140E+0	171,2645E-6	3,0000E+0	3,0008E+0	3,0004E+0	-171,3013E-6
89,7267E+0	287,2600E-6	3,0000E+0	3,0002E+0	3,0002E+0	-287,2873E-6
90,2394E+0	158,9134E-6	3,0000E+0	3,0004E+0	3,0000E+0	-158,9347E-6
90,7521E+0	269,8500E-6	3,0000E+0	3,0003E+0	2,9998E+0	-269,8429E-6
91,2648E+0	152,0714E-6	3,0000E+0	3,0005E+0	3,0002E+0	-152,0915E-6
91,7775E+0	376,0387E-6	3,0000E+0	2,9986E+0	2,9983E+0	-376,0475E-6
92,2902E+0	130,5905E-6	3,0000E+0	3,0004E+0	3,0002E+0	-130,6286E-6
92,9160E+0	453,7889E-6	3,0000E+0	2,9994E+0	2,9992E+0	-453,8911E-6
93,5423E+0	149,9561E-6	3,0000E+0	3,0002E+0	3,0001E+0	-149,9603E-6
94,0550E+0	194,5325E-6	3,0000E+0	3,0010E+0	3,0002E+0	-194,5590E-6
94,6809E+0	1,1304E-3	3,0000E+0	2,9974E+0	2,9971E+0	-1,1309E-3
95,1936E+0	1,2140E-3	3,0000E+0	2,9984E+0	2,9982E+0	-1,2141E-3
95,7063E+0	1,2907E-3	3,0000E+0	2,9984E+0	2,9983E+0	-1,2910E-3
96,2190E+0	1,1972E-3	3,0000E+0	2,9988E+0	2,9987E+0	-1,1972E-3
96,8453E+0	165,2845E-6	3,0000E+0	3,0001E+0	3,0001E+0	-165,2819E-6
97,3580E+0	231,4638E-6	3,0000E+0	3,0004E+0	3,0001E+0	-231,4864E-6
97,8707E+0	284,3500E-6	3,0000E+0	3,0006E+0	2,9998E+0	-284,3701E-6
98,3834E+0	161,8782E-6	3,0000E+0	3,0004E+0	3,0002E+0	-161,8813E-6
98,8961E+0	218,4398E-6	3,0000E+0	3,0003E+0	3,0002E+0	-218,4725E-6
99,4088E+0	228,9279E-6	3,0000E+0	3,0004E+0	3,0003E+0	-228,9559E-6
99,9215E+0	211,9300E-6	3,0000E+0	3,0004E+0	3,0001E+0	-211,9824E-6
100,4342E+0	248,0496E-6	3,0000E+0	2,9999E+0	3,0002E+0	-248,0564E-6
100,9469E+0	280,8806E-6	3,0000E+0	3,0007E+0	3,0000E+0	-280,8602E-6
101,4596E+0	186,2102E-6	3,0000E+0	3,0004E+0	3,0002E+0	-186,2194E-6
102,1964E+0	4,0031E-3	3,0000E+0	2,9830E+0	2,9827E+0	-4,0047E-3
102,7091E+0	3,2489E-3	3,0000E+0	2,9954E+0	2,9950E+0	-3,2489E-3
103,2218E+0	3,1380E-3	3,0000E+0	2,9954E+0	2,9954E+0	-3,1384E-3
103,7345E+0	3,1989E-3	3,0000E+0	2,9956E+0	2,9952E+0	-3,1991E-3
104,2472E+0	3,1197E-3	3,0000E+0	2,9959E+0	2,9952E+0	-3,1199E-3
104,7599E+0	3,1596E-3	3,0000E+0	2,9953E+0	2,9952E+0	-3,1598E-3
105,2726E+0	3,1246E-3	3,0000E+0	2,9958E+0	2,9952E+0	-3,1245E-3
105,7852E+0	3,1598E-3	3,0000E+0	2,9954E+0	2,9954E+0	-3,1596E-3
106,2979E+0	3,1141E-3	3,0000E+0	2,9953E+0	2,9952E+0	-3,1143E-3
106,8106E+0	3,1628E-3	3,0000E+0	2,9957E+0	2,9952E+0	-3,1629E-3
107,3232E+0	3,1470E-3	3,0000E+0	2,9942E+0	2,9941E+0	-3,1471E-3
107,8359E+0	3,1816E-3	3,0000E+0	2,9954E+0	2,9950E+0	-3,1817E-3
108,3486E+0	3,1637E-3	3,0000E+0	2,9954E+0	2,9952E+0	-3,1640E-3
108,8613E+0	3,1467E-3	3,0000E+0	2,9958E+0	2,9952E+0	-3,1468E-3
109,3740E+0	3,1842E-3	3,0000E+0	2,9953E+0	2,9952E+0	-3,1843E-3
109,8867E+0	3,1639E-3	3,0000E+0	2,9956E+0	2,9953E+0	-3,1640E-3
110,3994E+0	3,1768E-3	3,0000E+0	2,9949E+0	2,9952E+0	-3,1771E-3
110,9121E+0	3,1634E-3	3,0000E+0	2,9956E+0	2,9952E+0	-3,1636E-3
111,4248E+0	3,1442E-3	3,0000E+0	2,9956E+0	2,9950E+0	-3,1442E-3
111,9375E+0	3,1479E-3	3,0000E+0	2,9955E+0	2,9953E+0	-3,1479E-3
112,4502E+0	3,2850E-3	3,0000E+0	2,9952E+0	2,9945E+0	-3,2852E-3
112,9629E+0	3,1329E-3	3,0000E+0	2,9958E+0	2,9952E+0	-3,1330E-3
113,4756E+0	3,6954E-3	3,0000E+0	2,9948E+0	2,9944E+0	-3,6957E-3
113,9883E+0	3,1680E-3	3,0000E+0	2,9949E+0	2,9952E+0	-3,1679E-3
114,5009E+0	3,5867E-3	3,0000E+0	2,9951E+0	2,9945E+0	-3,5869E-3
115,0136E+0	3,1226E-3	3,0000E+0	2,9953E+0	2,9953E+0	-3,1228E-3
115,5263E+0	3,5242E-3	3,0000E+0	2,9945E+0	2,9947E+0	-3,5244E-3
116,0390E+0	3,1319E-3	3,0000E+0	2,9958E+0	2,9952E+0	-3,1320E-3
116,5517E+0	3,3888E-3	3,0000E+0	2,9948E+0	2,9948E+0	-3,3890E-3
117,0644E+0	3,1527E-3	3,0000E+0	2,9953E+0	2,9953E+0	-3,1530E-3
117,5771E+0	3,2733E-3	3,0000E+0	2,9954E+0	2,9950E+0	-3,2736E-3
118,0897E+0	3,1271E-3	3,0000E+0	2,9949E+0	2,9943E+0	-3,1272E-3
118,6025E+0	3,2657E-3	3,0000E+0	2,9956E+0	2,9952E+0	-3,2658E-3
119,1152E+0	3,1850E-3	3,0000E+0	2,9950E+0	2,9947E+0	-3,1849E-3
119,6279E+0	3,2339E-3	3,0000E+0	2,9954E+0	2,9950E+0	-3,2339E-3
120,1406E+0	3,1864E-3	3,0000E+0	2,9956E+0	2,9951E+0	-3,1865E-3
120,6533E+0	3,1964E-3	3,0000E+0	2,9955E+0	2,9950E+0	-3,1962E-3
121,1660E+0	3,2041E-3	3,0000E+0	2,9957E+0	2,9952E+0	-3,2043E-3
121,6787E+0	3,1859E-3	3,0000E+0	2,9958E+0	2,9952E+0	-3,1862E-3
122,1914E+0	3,1748E-3	3,0000E+0	2,9957E+0	2,9954E+0	-3,1747E-3
122,7041E+0	3,2302E-3	3,0000E+0	2,9956E+0	2,9952E+0	-3,2303E-3
123,2168E+0	3,1555E-3	3,0000E+0	2,9956E+0	2,9952E+0	-3,1560E-3
123,7295E+0	3,1378E-3	3,0000E+0	2,9956E+0	2,9950E+0	-3,1379E-3
124,2422E+0	3,1881E-3	3,0000E+0	2,9955E+0	2,9952E+0	-3,1884E-3
124,7549E+0	3,1401E-3	3,0000E+0	2,9951E+0	2,9951E+0	-3,1404E-3
125,2675E+0	3,1682E-3	3,0000E+0	2,9954E+0	2,9951E+0	-3,1681E-3
125,7803E+0	3,1135E-3	3,0000E+0	2,9952E+0	2,9952E+0	-3,1135E-3
126,2930E+0	3,1708E-3	3,0000E+0	2,9950E+0	2,9952E+0	-3,1710E-3
126,8057E+0	3,1548E-3	3,0000E+0	2,9954E+0	2,9953E+0	-3,1548E-3
127,3184E+0	3,1760E-3	3,0000E+0	2,9956E+0	2,9953E+0	-3,1759E-3
127,8311E+0	3,1040E-3	3,0000E+0	2,9955E+0	2,9952E+0	-3,1043E-3
128,3437E+0	3,2162E-3	3,0000E+0	2,9950E+0	2,9950E+0	-3,2165E-3
128,8564E+0	3,1324E-3	3,0000E+0	2,9955E+0	2,9953E+0	-3,1326E-3
129,3691E+0	3,1770E-3	3,0000E+0	2,9954E+0	2,9952E+0	-3,1774E-3
129,8818E+0	3,1519E-3	3,0000E+0	2,9951E+0	2,9947E+0	-3,1520E-3
130,3945E+0	3,1587E-3	3,0000E+0	2,9954E+0	2,9954E+0	-3,1589E-3
130,9072E+0	3,1854E-3	3,0000E+0	2,9954E+0	2,9950E+0	-3,1857E-3
131,4199E+0	3,1255E-3	3,0000E+0	2,9956E+0	2,9951E+0	-3,1256E-3
131,9326E+0	3,1851E-3	3,0000E+0	2,9950E+0	2,9952E+0	-3,1851E-3
132,4453E+0	3,4088E-3	3,0000E+0	2,9942E+0	2,9936E+0	-3,4087E-3
132,9580E+0	3,1242E-3	3,0000E+0	2,9957E+0	2,9954E+0	-3,1242E-3
133,4707E+0	3,5896E-3	3,0000E+0	2,9949E+0	2,9944E+0	-3,5900E-3
133,9834E+0	3,1591E-3	3,0000E+0	2,9955E+0	2,9954E+0	-3,1591E-3
134,4961E+0	3,4959E-3	3,0000E+0	2,9952E+0	2,9947E+0	-3,4959E-3
135,0088E+0	3,1674E-3	3,0000E+0	2,9956E+0	2,9952E+0	-3,1675E-3
135,5215E+0	3,4450E-3	3,0000E+0	2,9951E+0	2,9947E+0	-3,4450E-3
136,0342E+0	3,1870E-3	3,0000E+0	2,9949E+0	2,9950E+0	-3,1870E-3
136,5469E+0	3,2791E-3	3,0000E+0	2,9956E+0	2,9952E+0	-3,2790E-3
137,0596E+0	3,1353E-3	3,0000E+0	2,9955E+0	2,9955E+0	-3,1354E-3
137,5723E+0	3,2432E-3	3,0000E+0	2,9954E+0	2,9952E+0	-3,2431E-3
138,0850E+0	3,1285E-3	3,0000E+0	2,9956E+0	2,9952E+0	-3,1288E-3
138,5977E+0	3,2207E-3	3,0000E+0	2,9957E+0	2,9951E+0	-3,2207E-3
139,1104E+0	3,1377E-3	3,0000E+0	2,9957E+0	2,9952E+0	-3,1379E-3
139,6231E+0	3,1954E-3	3,0000E+0	2,9951E+0	2,9952E+0	-3,1955E-3
140,1358E+0	3,1674E-3	3,0000E+0	2,9958E+0	2,9952E+0	-3,1674E-3
140,6485E+0	3,1533E-3	3,0000E+0	2,9956E+0	2,9953E+0	-3,1535E-3
141,1612E+0	3,1979E-3	3,0000E+0	2,9957E+0	2,9952E+0	-3,1979E-3
141,6739E+0	3,1608E-3	3,0000E+0	2,9951E+0	2,9944E+0	-3,1613E-3
142,1866E+0	3,1191E-3	3,0000E+0	2,9958E+0	2,9952E+0	-3,1195E-3
142,6993E+0	3,2376E-3	3,0000E+0	2,9956E+0	2,9952E+0	-3,2380E-3
143,2120E+0	3,0942E-3	3,0000E+0	2,9955E+0	2,9952E+0	-3,0948E-3
143,7247E+0	3,1476E-3	3,0000E+0	2,9955E+0	2,9952E+0	-3,1482E-3
144,2374E+0	3,1592E-3	3,0000E+0	2,9959E+0	2,9952E+0	-3,1593E-3
144,7501E+0	3,1878E-3	3,0000E+0	2,9954E+0	2,9950E+0	-3,1876E-3
145,2628E+0	3,1188E-3	3,0000E+0	2,9955E+0	2,9953E+0	-3,1190E-3
145,7755E+0	3,1636E-3	3,0000E+0	2,9959E+0	2,9955E+0	-3,1636E-3
146,2882E+0	3,1450E-3	3,0000E+0	2,9956E+0	2,9955E+0	-3,1452E-3
146,8009E+0	3,2113E-3	3,0000E+0	2,9954E+0	2,9952E+0	-3,2113E-3
147,3136E+0	3,1099E-3	3,0000E+0	2,9957E+0	2,9952E+0	-3,1100E-3
147,8263E+0	3,1561E-3	3,0000E+0	2,9949E+0	2,9952E+0	-3,1561E-3
148,3390E+0	3,1614E-3	3,0000E+0	2,9954E+0	2,9953E+0	-3,1614E-3
148,8517E+0	3,1654E-3	3,0000E+0	2,9954E+0	2,9952E+0	-3,1653E-3
149,3644E+0	3,0881E-3	3,0000E+0	2,9959E+0	2,9954E+0	-3,0882E-3
149,8771E+0	3,2188E-3	3,0000E+0	2,9953E+0	2,9951E+0	-3,2192E-3
150,3898E+0	3,1129E-3	3,0000E+0	2,9957E+0	2,9952E+0	-3,1132E-3
150,9025E+0	3,1505E-3	3,0000E+0	2,9954E+0	2,9953E+0	-3,1506E-3
151,4152E+0	3,1244E-3	3,0000E+0	2,9958E+0	2,9955E+0	-3,1246E-3
151,9278E+0	3,1318E-3	3,0000E+0	2,9958E+0	2,9953E+0	-3,1318E-3
152,4405E+0	3,5708E-3	3,0000E+0	2,9940E+0	2,9942E+0	-3,5714E-3
152,9532E+0	3,1118E-3	3,0000E+0	2,9958E+0	2,9953E+0	-3,1115E-3
153,4659E+0	3,6146E-3	3,0000E+0	2,9942E+0	2,9938E+0	-3,6146E-3
153,9786E+0	3,1350E-3	3,0000E+0	2,9958E+0	2,9953E+0	-3,1351E-3
154,4912E+0	3,5200E-3	3,0000E+0	2,9946E+0	2,9945E+0	-3,5199E-3
155,0039E+0	3,1366E-3	3,0000E+0	2,9950E+0	2,9952E+0	-3,1367E-3
155,5166E+0	3,4707E-3	3,0000E+0	2,9951E+0	2,9948E+0	-3,4709E-3
156,0293E+0	3,1537E-3	3,0000E+0	2,9957E+0	2,9952E+0	-3,1536E-3
156,7859E+0	-43,9022E-9	3,0000E+0	2,9248E+0	2,9254E+0	41,5015E-9
157,5408E+0	3,6925E-9	3,0000E+0	2,8677E+0	2,8672E+0	-3,7033E-9
158,1734E+0	74,5753E-9	3,0000E+0	2,8040E+0	2,8031E+0	-72,9997E-9
158,6861E+0	116,1730E-9	3,0000E+0	2,7578E+0	2,7573E+0	-118,7915E-9
159,1988E+0	157,2108E-9	3,0000E+0	2,7149E+0	2,7151E+0	-155,8136E-9
159,7115E+0	200,2142E-9	3,0000E+0	2,6704E+0	2,6697E+0	-199,0312E-9
160,2242E+0	239,4845E-9	3,0000E+0	2,6283E+0	2,6279E+0	-242,9009E-9
160,7369E+0	281,7302E-9	3,0000E+0	2,5843E+0	2,5839E+0	-279,7253E-9
161,2496E+0	320,8617E-9	3,0000E+0	2,5425E+0	2,5421E+0	-320,8778E-9
161,7623E+0	359,9426E-9	3,0000E+0	2,4998E+0	2,4990E+0	-362,9556E-9
162,2750E+0	400,9384E-9	3,0000E+0	2,4578E+0	2,4576E+0	-398,3247E-9
162,7877E+0	440,0782E-9	3,0000E+0	2,4155E+0	2,4150E+0	-442,1691E-9
163,3004E+0	475,7923E-9	3,0000E+0	2,3749E+0	2,3743E+0	-477,3026E-9
163,9331E+0	527,5381E-9	3,0000E+0	2,3244E+0	2,3237E+0	-519,6074E-9
164,4457E+0	568,3614E-9	3,0000E+0	2,2809E+0	2,2801E+0	-568,6925E-9
164,9584E+0	602,4088E-9	3,0000E+0	2,2409E+0	2,2406E+0	-596,4529E-9
165,4711E+0	639,1497E-9	3,0000E+0	2,1981E+0	2,1977E+0	-637,4623E-9
165,9838E+0	670,7562E-9	3,0000E+0	2,1567E+0	2,1562E+0	-668,1668E-9
166,4965E+0	705,7716E-9	3,0000E+0	2,1151E+0	2,1144E+0	-704,8861E-9
167,0092E+0	737,6726E-9	3,0000E+0	2,0740E+0	2,0739E+0	-738,9555E-9
167,5219E+0	780,0952E-9	3,0000E+0	2,0307E+0	2,0302E+0	-777,4414E-9
168,0346E+0	831,9028E-9	3,0000E+0	1,9867E+0	1,9866E+0	-831,3636E-9
168,5473E+0	857,8698E-9	3,0000E+0	1,9463E+0	1,9461E+0	-860,6380E-9
169,0600E+0	894,6108E-9	3,0000E+0	1,9042E+0	1,9036E+0	-889,4077E-9
169,5727E+0	939,6426E-9	3,0000E+0	1,8608E+0	1,8605E+0	-931,6790E-9
170,0854E+0	976,6361E-9	3,0000E+0	1,8175E+0	1,8171E+0	-977,9041E-9
170,5981E+0	1,0068E-6	3,0000E+0	1,7724E+0	1,7719E+0	-1,0046E-6
171,1108E+0	1,0500E-6	3,0000E+0	1,7304E+0	1,7300E+0	-1,0531E-6
171,6235E+0	1,0649E-6	3,0000E+0	1,7002E+0	1,6998E+0	-1,0694E-6
172,1362E+0	1,0728E-6	3,0000E+0	1,6941E+0	1,6936E+0	-1,0794E-6
172,6489E+0	1,0764E-6	3,0000E+0	1,6855E+0	1,6853E+0	-1,0787E-6
173,1616E+0	1,0876E-6	3,0000E+0	1,6773E+0	1,6765E+0	-1,0903E-6
173,6743E+0	1,0968E-6	3,0000E+0	1,6677E+0	1,6671E+0	-1,0992E-6
174,1870E+0	1,1005E-6	3,0000E+0	1,6588E+0	1,6588E+0	-1,1035E-6
174,6996E+0	1,1113E-6	3,0000E+0	1,6486E+0	1,6482E+0	-1,1164E-6
175,2123E+0	1,1119E-6	3,0000E+0	1,6391E+0	1,6391E+0	-1,1129E-6
175,7251E+0	1,1279E-6	3,0000E+0	1,6289E+0	1,6291E+0	-1,1272E-6
176,2378E+0	1,1415E-6	3,0000E+0	1,6191E+0	1,6192E+0	-1,1382E-6
176,7505E+0	1,1366E-6	3,0000E+0	1,6087E+0	1,6080E+0	-1,1302E-6
177,2631E+0	1,1516E-6	3,0000E+0	1,6032E+0	1,6026E+0	-1,1557E-6
177,7758E+0	1,1360E-6	3,0000E+0	1,6006E+0	1,6001E+0	-1,1413E-6
178,2885E+0	1,1471E-6	3,0000E+0	1,5978E+0	1,5980E+0	-1,1465E-6
178,8012E+0	1,1411E-6	3,0000E+0	1,5960E+0	1,5959E+0	-1,1407E-6
179,3139E+0	1,1510E-6	3,0000E+0	1,5941E+0	1,5937E+0	-1,1472E-6
179,8266E+0	1,1497E-6	3,0000E+0	1,5916E+0	1,5916E+0	-1,1476E-6
180,3393E+0	1,1511E-6	3,0000E+0	1,5898E+0	1,5901E+0	-1,1542E-6
180,8520E+0	1,1448E-6	3,0000E+0	1,5881E+0	1,5878E+0	-1,1448E-6
181,3647E+0	1,1412E-6	3,0000E+0	1,5857E+0	1,5861E+0	-1,1433E-6
181,8774E+0	1,1458E-6	3,0000E+0	1,5833E+0	1,5834E+0	-1,1472E-6
182,3901E+0	1,1394E-6	3,0000E+0	1,5826E+0	1,5818E+0	-1,1346E-6
182,9028E+0	1,1465E-6	3,0000E+0	1,5787E+0	1,5790E+0	-1,1467E-6
183,4155E+0	1,1341E-6	3,0000E+0	1,5781E+0	1,5775E+0	-1,1385E-6
183,9282E+0	1,1427E-6	3,0000E+0	1,5753E+0	1,5751E+0	-1,1378E-6
184,4409E+0	1,1241E-6	3,0000E+0	1,5737E+0	1,5732E+0	-1,1255E-6
184,9536E+0	1,1185E-6	3,0000E+0	1,5714E+0	1,5710E+0	-1,1234E-6
185,4663E+0	1,1274E-6	3,0000E+0	1,5687E+0	1,5687E+0	-1,1279E-6
185,9790E+0	1,1299E-6	3,0000E+0	1,5662E+0	1,5661E+0	-1,1353E-6
186,4917E+0	1,1246E-6	3,0000E+0	1,5640E+0	1,5640E+0	-1,1282E-6
187,0044E+0	1,1282E-6	3,0000E+0	1,5619E+0	1,5616E+0	-1,1279E-6
187,5171E+0	1,1257E-6	3,0000E+0	1,5598E+0	1,5594E+0	-1,1313E-6
188,0298E+0	1,1109E-6	3,0000E+0	1,5579E+0	1,5572E+0	-1,1113E-6
188,5425E+0	1,1106E-6	3,0000E+0	1,5549E+0	1,5547E+0	-1,1080E-6
189,0552E+0	1,1000E-6	3,0000E+0	1,5529E+0	1,5525E+0	-1,1030E-6
189,5678E+0	1,0957E-6	3,0000E+0	1,5503E+0	1,5497E+0	-1,0960E-6
190,0805E+0	1,0987E-6	3,0000E+0	1,5478E+0	1,5472E+0	-1,0932E-6
190,5932E+0	1,0949E-6	3,0000E+0	1,5454E+0	1,5450E+0	-1,0942E-6
191,1059E+0	1,0946E-6	3,0000E+0	1,5430E+0	1,5427E+0	-1,0891E-6
191,6187E+0	1,0943E-6	3,0000E+0	1,5407E+0	1,5404E+0	-1,0935E-6
192,1313E+0	1,0831E-6	3,0000E+0	1,5405E+0	1,5403E+0	-1,0883E-6
192,6441E+0	1,0756E-6	3,0000E+0	1,5401E+0	1,5396E+0	-1,0739E-6
193,1567E+0	1,0559E-6	3,0000E+0	1,5402E+0	1,5398E+0	-1,0552E-6
193,6694E+0	1,0526E-6	3,0000E+0	1,5405E+0	1,5400E+0	-1,0554E-6
194,1822E+0	1,0378E-6	3,0000E+0	1,5405E+0	1,5397E+0	-1,0372E-6
194,6949E+0	1,0457E-6	3,0000E+0	1,5398E+0	1,5393E+0	-1,0461E-6
195,2076E+0	1,0489E-6	3,0000E+0	1,5397E+0	1,5394E+0	-1,0444E-6
195,7203E+0	1,0363E-6	3,0000E+0	1,5399E+0	1,5392E+0	-1,0367E-6
196,2330E+0	1,0307E-6	3,0000E+0	1,5400E+0	1,5395E+0	-1,0368E-6
196,7457E+0	1,0284E-6	3,0000E+0	1,5395E+0	1,5390E+0	-1,0288E-6
197,2584E+0	1,0242E-6	3,0000E+0	1,5394E+0	1,5391E+0	-1,0277E-6
197,7711E+0	1,0205E-6	3,0000E+0	1,5395E+0	1,5388E+0	-1,0247E-6
198,2837E+0	1,0195E-6	3,0000E+0	1,5389E+0	1,5388E+0	-1,0156E-6
198,7965E+0	1,0172E-6	3,0000E+0	1,5384E+0	1,5378E+0	-1,0170E-6
199,3091E+0	1,0181E-6	3,0000E+0	1,5382E+0	1,5378E+0	-1,0185E-6
199,8219E+0	1,0141E-6	3,0000E+0	1,5379E+0	1,5375E+0	-1,0075E-6
200,3346E+0	1,0111E-6	3,0000E+0	1,5377E+0	1,5373E+0	-1,0107E-6
200,8473E+0	1,0109E-6	3,0000E+0	1,5371E+0	1,5368E+0	-1,0084E-6
201,3600E+0	1,0209E-6	3,0000E+0	1,5372E+0	1,5370E+0	-1,0233E-6
201,8727E+0	1,0251E-6	3,0000E+0	1,5368E+0	1,5363E+0	-1,0239E-6
202,3854E+0	1,0211E-6	3,0000E+0	1,5363E+0	1,5358E+0	-1,0153E-6
202,8981E+0	1,0171E-6	3,0000E+0	1,5364E+0	1,5360E+0	-1,0190E-6
203,4108E+0	1,0180E-6	3,0000E+0	1,5353E+0	1,5348E+0	-1,0192E-6
203,9235E+0	1,0162E-6	3,0000E+0	1,5355E+0	1,5352E+0	-1,0164E-6
204,4361E+0	1,0151E-6	3,0000E+0	1,5349E+0	1,5342E+0	-1,0156E-6
204,9488E+0	1,0142E-6	3,0000E+0	1,5343E+0	1,5338E+0	-1,0204E-6
205,4615E+0	1,0150E-6	3,0000E+0	1,5340E+0	1,5336E+0	-1,0159E-6
205,9743E+0	1,0152E-6	3,0000E+0	1,5334E+0	1,5328E+0	-1,0160E-6
206,4870E+0	1,0147E-6	3,0000E+0	1,5329E+0	1,5324E+0	-1,0129E-6
206,9996E+0	1,0127E-6	3,0000E+0	1,5328E+0	1,5319E+0	-1,0073E-6
207,5123E+0	1,0103E-6	3,0000E+0	1,5320E+0	1,5318E+0	-1,0106E-6
208,0250E+0	1,0117E-6	3,0000E+0	1,5314E+0	1,5311E+0	-1,0066E-6
208,5377E+0	1,0125E-6	3,0000E+0	1,5305E+0	1,5307E+0	-1,0095E-6
209,0504E+0	1,0110E-6	3,0000E+0	1,5308E+0	1,5306E+0	-1,0100E-6
209,5631E+0	1,0115E-6	3,0000E+0	1,5304E+0	1,5295E+0	-1,0085E-6
210,0758E+0	1,0108E-6	3,0000E+0	1,5294E+0	1,5291E+0	-1,0015E-6
210,5885E+0	1,0068E-6	3,0000E+0	1,5295E+0	1,5291E+0	-1,0128E-6
211,1011E+0	1,0070E-6	3,0000E+0	1,5286E+0	1,5288E+0	-1,0090E-6
211,6138E+0	1,0095E-6	3,0000E+0	1,5284E+0	1,5279E+0	-1,0062E-6
212,1265E+0	999,0679E-9	3,0000E+0	1,5282E+0	1,5277E+0	-1,0051E-6
212,6392E+0	1,0032E-6	3,0000E+0	1,5272E+0	1,5268E+0	-998,8504E-9
213,1519E+0	1,0111E-6	3,0000E+0	1,5268E+0	1,5265E+0	-1,0069E-6
213,6646E+0	1,0093E-6	3,0000E+0	1,5264E+0	1,5259E+0	-1,0132E-6
214,1773E+0	1,0135E-6	3,0000E+0	1,5258E+0	1,5254E+0	-1,0109E-6
214,6900E+0	1,0124E-6	3,0000E+0	1,5251E+0	1,5246E+0	-1,0086E-6
215,2027E+0	1,0107E-6	3,0000E+0	1,5242E+0	1,5245E+0	-1,0161E-6
215,7154E+0	1,0126E-6	3,0000E+0	1,5238E+0	1,5233E+0	-1,0076E-6
216,2281E+0	1,0116E-6	3,0000E+0	1,5238E+0	1,5232E+0	-1,0132E-6
216,7408E+0	1,0127E-6	3,0000E+0	1,5223E+0	1,5223E+0	-1,0119E-6
217,2534E+0	1,0075E-6	3,0000E+0	1,5223E+0	1,5217E+0	-1,0015E-6
217,7662E+0	1,0096E-6	3,0000E+0	1,5217E+0	1,5212E+0	-1,0126E-6
218,2788E+0	1,0065E-6	3,0000E+0	1,5203E+0	1,5205E+0	-1,0110E-6
218,7915E+0	1,0059E-6	3,0000E+0	1,5201E+0	1,5199E+0	-999,7757E-9
219,3042E+0	1,0030E-6	3,0000E+0	1,5193E+0	1,5195E+0	-1,0068E-6
219,8169E+0	997,8894E-9	3,0000E+0	1,5193E+0	1,5191E+0	-1,0032E-6
220,3296E+0	1,0133E-6	3,0000E+0	1,5187E+0	1,5182E+0	-1,0153E-6
220,8423E+0	1,0154E-6	3,0000E+0	1,5178E+0	1,5173E+0	-1,0163E-6
221,3550E+0	1,0141E-6	3,0000E+0	1,5171E+0	1,5169E+0	-1,0134E-6
221,8677E+0	1,0156E-6	3,0000E+0	1,5163E+0	1,5160E+0	-1,0157E-6
222,3804E+0	1,0137E-6	3,0000E+0	1,5158E+0	1,5152E+0	-1,0139E-6
222,8931E+0	1,0148E-6	3,0000E+0	1,5149E+0	1,5150E+0	-1,0100E-6
223,4058E+0	1,0180E-6	3,0000E+0	1,5148E+0	1,5142E+0	-1,0127E-6
223,9185E+0	1,0111E-6	3,0000E+0	1,5143E+0	1,5139E+0	-1,0157E-6
224,4312E+0	1,0180E-6	3,0000E+0	1,5138E+0	1,5131E+0	-1,0137E-6
224,9438E+0	1,0193E-6	3,0000E+0	1,5128E+0	1,5122E+0	-1,0149E-6
225,4565E+0	1,0185E-6	3,0000E+0	1,5113E+0	1,5116E+0	-1,0206E-6
225,9692E+0	1,0169E-6	3,0000E+0	1,5115E+0	1,5112E+0	-1,0178E-6
226,4819E+0	1,0174E-6	3,0000E+0	1,5111E+0	1,5107E+0	-1,0211E-6
226,9946E+0	1,0154E-6	3,0000E+0	1,5103E+0	1,5102E+0	-1,0208E-6
227,5073E+0	986,4422E-9	3,0000E+0	1,5099E+0	1,5091E+0	-985,0544E-9
228,0200E+0	984,2958E-9	3,0000E+0	1,5085E+0	1,5085E+0	-985,8536E-9
228,5327E+0	982,7386E-9	3,0000E+0	1,5079E+0	1,5074E+0	-979,0397E-9
229,0454E+0	983,7065E-9	3,0000E+0	1,5071E+0	1,5073E+0	-979,9229E-9
229,5581E+0	982,4861E-9	3,0000E+0	1,5066E+0	1,5066E+0	-988,1248E-9
230,0708E+0	991,6187E-9	3,0000E+0	1,5059E+0	1,5055E+0	-989,5970E-9
230,5835E+0	998,9416E-9	3,0000E+0	1,5054E+0	1,5050E+0	-995,0649E-9
231,0962E+0	994,8171E-9	3,0000E+0	1,5050E+0	1,5043E+0	-992,7516E-9
231,6088E+0	981,3076E-9	3,0000E+0	1,5042E+0	1,5037E+0	-980,2594E-9
232,1215E+0	984,2536E-9	3,0000E+0	1,5032E+0	1,5030E+0	-982,6990E-9
232,6342E+0	997,9735E-9	3,0000E+0	1,5033E+0	1,5026E+0	-999,3971E-9
233,1469E+0	1,0019E-6	3,0000E+0	1,5023E+0	1,5016E+0	-997,4623E-9
233,6595E+0	1,0018E-6	3,0000E+0	1,5012E+0	1,5012E+0	-1,0046E-6
234,1722E+0	1,0032E-6	3,0000E+0	1,5001E+0	1,5000E+0	-1,0010E-6
234,6849E+0	1,0069E-6	3,0000E+0	1,5001E+0	1,4999E+0	-1,0053E-6
235,1976E+0	1,0055E-6	3,0000E+0	1,4989E+0	1,4987E+0	-1,0099E-6
235,7103E+0	1,0069E-6	3,0000E+0	1,4984E+0	1,4981E+0	-1,0063E-6
236,2229E+0	1,0099E-6	3,0000E+0	1,4975E+0	1,4972E+0	-1,0033E-6
236,7356E+0	1,0089E-6	3,0000E+0	1,4974E+0	1,4970E+0	-1,0100E-6
237,2483E+0	1,0077E-6	3,0000E+0	1,4965E+0	1,4961E+0	-1,0096E-6
237,7610E+0	1,0070E-6	3,0000E+0	1,4956E+0	1,4951E+0	-1,0062E-6
238,2737E+0	1,0030E-6	3,0000E+0	1,4948E+0	1,4947E+0	-1,0088E-6
238,7863E+0	1,0028E-6	3,0000E+0	1,4941E+0	1,4939E+0	-1,0002E-6
239,2990E+0	1,0028E-6	3,0000E+0	1,4933E+0	1,4931E+0	-1,0023E-6
239,8116E+0	1,0047E-6	3,0000E+0	1,4927E+0	1,4925E+0	-1,0030E-6
240,3243E+0	1,0044E-6	3,0000E+0	1,4926E+0	1,4916E+0	-1,0034E-6
240,8370E+0	1,0024E-6	3,0000E+0	1,4908E+0	1,4907E+0	-1,0066E-6
241,3496E+0	1,0040E-6	3,0000E+0	1,4900E+0	1,4899E+0	-1,0029E-6
241,8623E+0	1,0071E-6	3,0000E+0	1,4893E+0	1,4892E+0	-1,0011E-6
242,3750E+0	1,0065E-6	3,0000E+0	1,4884E+0	1,4890E+0	-1,0054E-6
242,8877E+0	1,0041E-6	3,0000E+0	1,4882E+0	1,4879E+0	-1,0066E-6
243,4003E+0	1,0057E-6	3,0000E+0	1,4876E+0	1,4872E+0	-1,0030E-6
243,9130E+0	1,0053E-6	3,0000E+0	1,4862E+0	1,4861E+0	-1,0045E-6
244,4257E+0	1,0069E-6	3,0000E+0	1,4860E+0	1,4859E+0	-1,0042E-6
244,9383E+0	1,0062E-6	3,0000E+0	1,4854E+0	1,4850E+0	-1,0058E-6
245,4510E+0	1,0050E-6	3,0000E+0	1,4844E+0	1,4844E+0	-1,0105E-6
245,9637E+0	1,0092E-6	3,0000E+0	1,4840E+0	1,4835E+0	-1,0051E-6
246,4764E+0	1,0071E-6	3,0000E+0	1,4832E+0	1,4829E+0	-1,0092E-6
246,9890E+0	1,0068E-6	3,0000E+0	1,4826E+0	1,4820E+0	-1,0129E-6
247,5017E+0	1,0083E-6	3,0000E+0	1,4820E+0	1,4815E+0	-1,0038E-6
248,0144E+0	1,0068E-6	3,0000E+0	1,4807E+0	1,4805E+0	-1,0096E-6
248,5271E+0	1,0042E-6	3,0000E+0	1,4804E+0	1,4799E+0	-1,0052E-6
249,0398E+0	1,0050E-6	3,0000E+0	1,4790E+0	1,4787E+0	-998,5980E-9
249,5525E+0	1,0061E-6	3,0000E+0	1,4785E+0	1,4780E+0	-1,0106E-6
250,0652E+0	1,0027E-6	3,0000E+0	1,4773E+0	1,4773E+0	-1,0069E-6
250,5779E+0	1,0034E-6	3,0000E+0	1,4769E+0	1,4767E+0	-1,0046E-6
251,0906E+0	1,0044E-6	3,0000E+0	1,4764E+0	1,4761E+0	-1,0095E-6
251,6033E+0	1,0074E-6	3,0000E+0	1,4758E+0	1,4755E+0	-1,0094E-6
252,1160E+0	1,0090E-6	3,0000E+0	1,4749E+0	1,4743E+0	-1,0055E-6
252,6286E+0	1,0090E-6	3,0000E+0	1,4743E+0	1,4740E+0	-1,0163E-6
253,1413E+0	1,0100E-6	3,0000E+0	1,4735E+0	1,4730E+0	-1,0086E-6
253,6540E+0	1,0060E-6	3,0000E+0	1,4720E+0	1,4720E+0	-1,0068E-6
254,1667E+0	1,0098E-6	3,0000E+0	1,4718E+0	1,4715E+0	-1,0082E-6
254,6794E+0	1,0127E-6	3,0000E+0	1,4707E+0	1,4704E+0	-1,0058E-6
255,1921E+0	1,0077E-6	3,0000E+0	1,4703E+0	1,4696E+0	-1,0060E-6
255,7048E+0	1,0093E-6	3,0000E+0	1,4694E+0	1,4693E+0	-1,0070E-6
256,2174E+0	1,0094E-6	3,0000E+0	1,4684E+0	1,4680E+0	-1,0035E-6
256,7301E+0	1,0076E-6	3,0000E+0	1,4673E+0	1,4675E+0	-1,0108E-6
257,2428E+0	1,0089E-6	3,0000E+0	1,4672E+0	1,4667E+0	-1,0060E-6
257,7556E+0	1,0087E-6	3,0000E+0	1,4659E+0	1,4655E+0	-1,0076E-6
258,2682E+0	1,0104E-6	3,0000E+0	1,4655E+0	1,4652E+0	-1,0166E-6
258,7809E+0	1,0102E-6	3,0000E+0	1,4641E+0	1,4644E+0	-1,0096E-6
259,2936E+0	1,0116E-6	3,0000E+0	1,4631E+0	1,4635E+0	-1,0103E-6
259,8062E+0	1,0140E-6	3,0000E+0	1,4630E+0	1,4625E+0	-1,0116E-6
260,3189E+0	1,0107E-6	3,0000E+0	1,4625E+0	1,4621E+0	-1,0079E-6
260,8316E+0	1,0111E-6	3,0000E+0	1,4620E+0	1,4615E+0	-1,0143E-6
261,3443E+0	1,0154E-6	3,0000E+0	1,4606E+0	1,4604E+0	-1,0139E-6
261,8570E+0	1,0154E-6	3,0000E+0	1,4599E+0	1,4599E+0	-1,0094E-6
262,3697E+0	1,0197E-6	3,0000E+0	1,4594E+0	1,4589E+0	-1,0206E-6
262,8823E+0	1,0201E-6	3,0000E+0	1,4586E+0	1,4580E+0	-1,0161E-6
263,3950E+0	1,0186E-6	3,0000E+0	1,4574E+0	1,4572E+0	-1,0192E-6
263,9077E+0	1,0197E-6	3,0000E+0	1,4572E+0	1,4568E+0	-1,0237E-6
264,4204E+0	1,0179E-6	3,0000E+0	1,4564E+0	1,4554E+0	-1,0169E-6
264,9331E+0	1,0239E-6	3,0000E+0	1,4551E+0	1,4546E+0	-1,0191E-6
265,4458E+0	1,0229E-6	3,0000E+0	1,4544E+0	1,4544E+0	-1,0249E-6
265,9585E+0	1,0241E-6	3,0000E+0	1,4541E+0	1,4534E+0	-1,0245E-6
266,4712E+0	1,0262E-6	3,0000E+0	1,4523E+0	1,4527E+0	-1,0266E-6
266,9839E+0	1,0294E-6	3,0000E+0	1,4518E+0	1,4515E+0	-1,0335E-6
267,4965E+0	1,0293E-6	3,0000E+0	1,4513E+0	1,4508E+0	-1,0244E-6
268,0092E+0	1,0309E-6	3,0000E+0	1,4503E+0	1,4499E+0	-1,0283E-6
268,5219E+0	1,0305E-6	3,0000E+0	1,4494E+0	1,4494E+0	-1,0288E-6
269,0346E+0	1,0297E-6	3,0000E+0	1,4488E+0	1,4484E+0	-1,0264E-6
269,5473E+0	1,0289E-6	3,0000E+0	1,4483E+0	1,4479E+0	-1,0326E-6
270,0600E+0	1,0137E-6	3,0000E+0	1,4473E+0	1,4468E+0	-1,0104E-6
270,5727E+0	1,0066E-6	3,0000E+0	1,4468E+0	1,4461E+0	-1,0075E-6
271,0854E+0	1,0068E-6	3,0000E+0	1,4462E+0	1,4457E+0	-1,0111E-6
271,5980E+0	1,0103E-6	3,0000E+0	1,4448E+0	1,4445E+0	-1,0066E-6
272,1107E+0	1,0141E-6	3,0000E+0	1,4441E+0	1,4438E+0	-1,0121E-6
272,6234E+0	1,0176E-6	3,0000E+0	1,4430E+0	1,4430E+0	-1,0230E-6
273,1361E+0	1,0205E-6	3,0000E+0	1,4422E+0	1,4424E+0	-1,0211E-6
273,6488E+0	1,0271E-6	3,0000E+0	1,4417E+0	1,4414E+0	-1,0231E-6
274,1614E+0	1,0276E-6	3,0000E+0	1,4407E+0	1,4403E+0	-1,0265E-6
274,6741E+0	1,0296E-6	3,0000E+0	1,4403E+0	1,4402E+0	-1,0289E-6
275,1868E+0	1,0271E-6	3,0000E+0	1,4390E+0	1,4389E+0	-1,0238E-6
275,6995E+0	1,0235E-6	3,0000E+0	1,4387E+0	1,4383E+0	-1,0302E-6
276,2121E+0	1,0247E-6	3,0000E+0	1,4379E+0	1,4374E+0	-1,0248E-6
276,7248E+0	1,0258E-6	3,0000E+0	1,4370E+0	1,4368E+0	-1,0291E-6
277,2375E+0	1,0281E-6	3,0000E+0	1,4362E+0	1,4359E+0	-1,0330E-6
277,7502E+0	1,0307E-6	3,0000E+0	1,4350E+0	1,4352E+0	-1,0323E-6
278,2629E+0	1,0265E-6	3,0000E+0	1,4345E+0	1,4343E+0	-1,0320E-6
278,7756E+0	1,0339E-6	3,0000E+0	1,4333E+0	1,4334E+0	-1,0378E-6
279,2883E+0	1,0398E-6	3,0000E+0	1,4328E+0	1,4324E+0	-1,0377E-6
279,8009E+0	1,0441E-6	3,0000E+0	1,4320E+0	1,4314E+0	-1,0431E-6
280,3136E+0	1,0452E-6	3,0000E+0	1,4313E+0	1,4311E+0	-1,0406E-6
280,8263E+0	1,0439E-6	3,0000E+0	1,4305E+0	1,4303E+0	-1,0449E-6
281,3390E+0	1,0479E-6	3,0000E+0	1,4295E+0	1,4293E+0	-1,0535E-6
281,8517E+0	1,0502E-6	3,0000E+0	1,4288E+0	1,4286E+0	-1,0516E-6
282,3643E+0	1,0478E-6	3,0000E+0	1,4282E+0	1,4274E+0	-1,0485E-6
282,8770E+0	1,0491E-6	3,0000E+0	1,4270E+0	1,4268E+0	-1,0504E-6
283,3897E+0	1,0514E-6	3,0000E+0	1,4266E+0	1,4262E+0	-1,0518E-6
283,9024E+0	1,0522E-6	3,0000E+0	1,4257E+0	1,4254E+0	-1,0579E-6
284,4151E+0	1,0573E-6	3,0000E+0	1,4250E+0	1,4243E+0	-1,0619E-6
284,9277E+0	1,0621E-6	3,0000E+0	1,4239E+0	1,4232E+0	-1,0564E-6
285,4404E+0	1,0605E-6	3,0000E+0	1,4229E+0	1,4228E+0	-1,0615E-6
285,9531E+0	1,0653E-6	3,0000E+0	1,4223E+0	1,4219E+0	-1,0680E-6
286,4658E+0	1,0746E-6	3,0000E+0	1,4211E+0	1,4208E+0	-1,0671E-6
286,9785E+0	1,0676E-6	3,0000E+0	1,4206E+0	1,4204E+0	-1,0673E-6
287,4911E+0	1,0592E-6	3,0000E+0	1,4198E+0	1,4195E+0	-1,0596E-6
288,0038E+0	1,0580E-6	3,0000E+0	1,4190E+0	1,4188E+0	-1,0544E-6
288,5165E+0	1,0646E-6	3,0000E+0	1,4184E+0	1,4181E+0	-1,0664E-6
289,0292E+0	1,0725E-6	3,0000E+0	1,4175E+0	1,4172E+0	-1,0721E-6
289,5418E+0	1,0805E-6	3,0000E+0	1,4165E+0	1,4159E+0	-1,0765E-6
290,0545E+0	1,0850E-6	3,0000E+0	1,4155E+0	1,4156E+0	-1,0851E-6
290,5673E+0	1,0872E-6	3,0000E+0	1,4150E+0	1,4148E+0	-1,0871E-6
291,0799E+0	1,0917E-6	3,0000E+0	1,4142E+0	1,4138E+0	-1,0953E-6
291,5926E+0	1,0980E-6	3,0000E+0	1,4131E+0	1,4135E+0	-1,1012E-6
292,1053E+0	1,1016E-6	3,0000E+0	1,4124E+0	1,4119E+0	-1,0953E-6
292,6180E+0	1,1017E-6	3,0000E+0	1,4119E+0	1,4111E+0	-1,1023E-6
293,1307E+0	1,1042E-6	3,0000E+0	1,4110E+0	1,4105E+0	-1,1026E-6
293,6434E+0	1,1049E-6	3,0000E+0	1,4096E+0	1,4099E+0	-1,1040E-6
294,1560E+0	1,1076E-6	3,0000E+0	1,4093E+0	1,4089E+0	-1,1077E-6
294,6687E+0	1,1081E-6	3,0000E+0	1,4080E+0	1,4081E+0	-1,1076E-6
295,1814E+0	1,1111E-6	3,0000E+0	1,4080E+0	1,4072E+0	-1,1065E-6
295,6941E+0	1,1114E-6	3,0000E+0	1,4070E+0	1,4066E+0	-1,1143E-6
296,2068E+0	1,1134E-6	3,0000E+0	1,4053E+0	1,4057E+0	-1,1107E-6
296,7195E+0	1,1191E-6	3,0000E+0	1,4048E+0	1,4042E+0	-1,1151E-6
297,2322E+0	1,1214E-6	3,0000E+0	1,4041E+0	1,4039E+0	-1,1240E-6
297,7448E+0	1,1231E-6	3,0000E+0	1,4038E+0	1,4032E+0	-1,1226E-6
298,2575E+0	1,1266E-6	3,0000E+0	1,4024E+0	1,4024E+0	-1,1280E-6
298,7701E+0	1,1286E-6	3,0000E+0	1,4015E+0	1,4015E+0	-1,1270E-6
299,2828E+0	1,1326E-6	3,0000E+0	1,4002E+0	1,3998E+0	-1,1324E-6
299,7956E+0	1,1372E-6	3,0000E+0	1,3967E+0	1,3969E+0	-1,1380E-6
300,3083E+0	1,1406E-6	3,0000E+0	1,3952E+0	1,3948E+0	-1,1399E-6
300,8210E+0	1,1470E-6	3,0000E+0	1,3919E+0	1,3922E+0	-1,1475E-6
301,3336E+0	1,1506E-6	3,0000E+0	1,3893E+0	1,3896E+0	-1,1525E-6
301,8463E+0	1,1554E-6	3,0000E+0	1,3871E+0	1,3872E+0	-1,1520E-6
302,3590E+0	1,1358E-6	3,0000E+0	1,3854E+0	1,3851E+0	-1,1371E-6
302,8717E+0	1,1366E-6	3,0000E+0	1,3829E+0	1,3824E+0	-1,1378E-6
303,3844E+0	1,1374E-6	3,0000E+0	1,3803E+0	1,3801E+0	-1,1308E-6
303,8971E+0	1,1401E-6	3,0000E+0	1,3780E+0	1,3780E+0	-1,1421E-6
304,4098E+0	1,1444E-6	3,0000E+0	1,3759E+0	1,3754E+0	-1,1446E-6
304,9225E+0	1,1490E-6	3,0000E+0	1,3730E+0	1,3733E+0	-1,1448E-6
305,4352E+0	1,1536E-6	3,0000E+0	1,3712E+0	1,3706E+0	-1,1543E-6
305,9479E+0	1,1560E-6	3,0000E+0	1,3692E+0	1,3683E+0	-1,1558E-6
306,4606E+0	1,1615E-6	3,0000E+0	1,3667E+0	1,3661E+0	-1,1628E-6
306,9733E+0	1,1669E-6	3,0000E+0	1,3646E+0	1,3644E+0	-1,1720E-6
307,4860E+0	1,1725E-6	3,0000E+0	1,3619E+0	1,3615E+0	-1,1672E-6
307,9987E+0	1,1735E-6	3,0000E+0	1,3593E+0	1,3593E+0	-1,1754E-6
308,5114E+0	1,1777E-6	3,0000E+0	1,3575E+0	1,3572E+0	-1,1816E-6
309,0241E+0	1,1795E-6	3,0000E+0	1,3546E+0	1,3544E+0	-1,1752E-6
309,5368E+0	1,1822E-6	3,0000E+0	1,3527E+0	1,3525E+0	-1,1798E-6
310,0495E+0	1,1806E-6	3,0000E+0	1,3503E+0	1,3502E+0	-1,1837E-6
310,5622E+0	1,1845E-6	3,0000E+0	1,3482E+0	1,3479E+0	-1,1782E-6
311,0749E+0	1,1879E-6	3,0000E+0	1,3459E+0	1,3455E+0	-1,1906E-6
311,5876E+0	1,1967E-6	3,0000E+0	1,3436E+0	1,3431E+0	-1,1925E-6
312,1003E+0	1,2042E-6	3,0000E+0	1,3416E+0	1,3411E+0	-1,2038E-6
312,6130E+0	1,2129E-6	3,0000E+0	1,3394E+0	1,3390E+0	-1,2197E-6
313,1256E+0	1,2212E-6	3,0000E+0	1,3375E+0	1,3374E+0	-1,2203E-6
313,6383E+0	1,2291E-6	3,0000E+0	1,3369E+0	1,3364E+0	-1,2284E-6
314,1510E+0	1,2326E-6	3,0000E+0	1,3354E+0	1,3356E+0	-1,2379E-6
314,6637E+0	1,2416E-6	3,0000E+0	1,3340E+0	1,3343E+0	-1,2397E-6
315,1764E+0	1,2462E-6	3,0000E+0	1,3328E+0	1,3328E+0	-1,2450E-6
315,6891E+0	1,2509E-6	3,0000E+0	1,3324E+0	1,3319E+0	-1,2558E-6
316,2018E+0	1,2587E-6	3,0000E+0	1,3309E+0	1,3305E+0	-1,2540E-6
316,7145E+0	1,2629E-6	3,0000E+0	1,3297E+0	1,3293E+0	-1,2680E-6
317,2273E+0	1,2722E-6	3,0000E+0	1,3285E+0	1,3279E+0	-1,2686E-6
317,7400E+0	1,2783E-6	3,0000E+0	1,3271E+0	1,3269E+0	-1,2725E-6
318,2527E+0	1,2810E-6	3,0000E+0	1,3259E+0	1,3258E+0	-1,2847E-6
318,7654E+0	1,2884E-6	3,0000E+0	1,3252E+0	1,3247E+0	-1,2864E-6
319,2780E+0	1,2963E-6	3,0000E+0	1,3231E+0	1,3233E+0	-1,2900E-6
319,7907E+0	1,2991E-6	3,0000E+0	1,3228E+0	1,3224E+0	-1,3032E-6
320,3034E+0	1,3031E-6	3,0000E+0	1,3217E+0	1,3213E+0	-1,3016E-6
320,8162E+0	1,3072E-6	3,0000E+0	1,3201E+0	1,3197E+0	-1,3058E-6
321,3288E+0	1,3136E-6	3,0000E+0	1,3188E+0	1,3186E+0	-1,3155E-6
321,8415E+0	1,3164E-6	3,0000E+0	1,3177E+0	1,3175E+0	-1,3141E-6
322,3542E+0	1,3180E-6	3,0000E+0	1,3169E+0	1,3166E+0	-1,3236E-6
322,8669E+0	1,3214E-6	3,0000E+0	1,3157E+0	1,3152E+0	-1,3218E-6
323,3796E+0	1,3239E-6	3,0000E+0	1,3138E+0	1,3141E+0	-1,3208E-6
323,8922E+0	1,3237E-6	3,0000E+0	1,3132E+0	1,3131E+0	-1,3304E-6
324,4050E+0	1,3289E-6	3,0000E+0	1,3123E+0	1,3120E+0	-1,3308E-6
324,9176E+0	1,3325E-6	3,0000E+0	1,3110E+0	1,3108E+0	-1,3343E-6
325,4303E+0	1,3376E-6	3,0000E+0	1,3097E+0	1,3092E+0	-1,3366E-6
325,9430E+0	1,3412E-6	3,0000E+0	1,3087E+0	1,3082E+0	-1,3406E-6
326,4557E+0	1,3430E-6	3,0000E+0	1,3075E+0	1,3072E+0	-1,3460E-6
326,9684E+0	1,3473E-6	3,0000E+0	1,3064E+0	1,3060E+0	-1,3461E-6
327,4811E+0	1,3557E-6	3,0000E+0	1,3054E+0	1,3049E+0	-1,3541E-6
327,9938E+0	1,3582E-6	3,0000E+0	1,3040E+0	1,3039E+0	-1,3635E-6
328,5065E+0	1,3685E-6	3,0000E+0	1,3032E+0	1,3026E+0	-1,3734E-6
329,0192E+0	1,3758E-6	3,0000E+0	1,3019E+0	1,3014E+0	-1,3716E-6
329,5319E+0	1,3672E-6	3,0000E+0	1,3009E+0	1,3002E+0	-1,3692E-6
330,0446E+0	1,3698E-6	3,0000E+0	1,2996E+0	1,2992E+0	-1,3686E-6
330,5573E+0	1,3751E-6	3,0000E+0	1,2981E+0	1,2981E+0	-1,3720E-6
331,0700E+0	1,3757E-6	3,0000E+0	1,2972E+0	1,2972E+0	-1,3811E-6
331,5827E+0	1,3693E-6	3,0000E+0	1,2964E+0	1,2962E+0	-1,3644E-6
332,0954E+0	1,3730E-6	3,0000E+0	1,2946E+0	1,2945E+0	-1,3726E-6
332,6081E+0	1,3747E-6	3,0000E+0	1,2944E+0	1,2942E+0	-1,3785E-6
333,1208E+0	1,3788E-6	3,0000E+0	1,2929E+0	1,2927E+0	-1,3761E-6
333,6335E+0	1,3812E-6	3,0000E+0	1,2922E+0	1,2918E+0	-1,3833E-6
334,1462E+0	1,3842E-6	3,0000E+0	1,2914E+0	1,2907E+0	-1,3867E-6
334,6589E+0	1,3875E-6	3,0000E+0	1,2901E+0	1,2897E+0	-1,3848E-6
335,1716E+0	1,3899E-6	3,0000E+0	1,2889E+0	1,2886E+0	-1,3926E-6
335,6843E+0	1,3945E-6	3,0000E+0	1,2881E+0	1,2874E+0	-1,3939E-6
336,1970E+0	1,3962E-6	3,0000E+0	1,2867E+0	1,2865E+0	-1,3971E-6
336,7097E+0	1,4001E-6	3,0000E+0	1,2856E+0	1,2851E+0	-1,4003E-6
337,2224E+0	1,4016E-6	3,0000E+0	1,2844E+0	1,2842E+0	-1,3992E-6
337,7351E+0	1,4064E-6	3,0000E+0	1,2832E+0	1,2830E+0	-1,4043E-6
338,2478E+0	1,4074E-6	3,0000E+0	1,2821E+0	1,2818E+0	-1,4081E-6
338,7605E+0	1,4093E-6	3,0000E+0	1,2813E+0	1,2809E+0	-1,4062E-6
339,2732E+0	1,4096E-6	3,0000E+0	1,2802E+0	1,2800E+0	-1,4125E-6
339,7859E+0	1,4095E-6	3,0000E+0	1,2791E+0	1,2786E+0	-1,4135E-6
340,2986E+0	1,4138E-6	3,0000E+0	1,2780E+0	1,2776E+0	-1,4081E-6
340,8113E+0	1,4150E-6	3,0000E+0	1,2770E+0	1,2770E+0	-1,4194E-6
341,3240E+0	1,4160E-6	3,0000E+0	1,2761E+0	1,2760E+0	-1,4194E-6
341,8367E+0	1,4212E-6	3,0000E+0	1,2749E+0	1,2745E+0	-1,4150E-6
342,3494E+0	1,4183E-6	3,0000E+0	1,2738E+0	1,2736E+0	-1,4228E-6
342,8621E+0	1,4189E-6	3,0000E+0	1,2733E+0	1,2724E+0	-1,4225E-6
343,3748E+0	1,4214E-6	3,0000E+0	1,2716E+0	1,2713E+0	-1,4209E-6
343,8875E+0	1,4224E-6	3,0000E+0	1,2710E+0	1,2706E+0	-1,4243E-6
344,4002E+0	1,4226E-6	3,0000E+0	1,2695E+0	1,2689E+0	-1,4196E-6
344,9129E+0	1,4239E-6	3,0000E+0	1,2682E+0	1,2684E+0	-1,4222E-6
345,4256E+0	1,4242E-6	3,0000E+0	1,2675E+0	1,2670E+0	-1,4293E-6
345,9383E+0	1,4271E-6	3,0000E+0	1,2663E+0	1,2662E+0	-1,4229E-6
346,4510E+0	1,4266E-6	3,0000E+0	1,2649E+0	1,2653E+0	-1,4290E-6
346,9637E+0	1,4275E-6	3,0000E+0	1,2639E+0	1,2637E+0	-1,4278E-6
347,4764E+0	1,4283E-6	3,0000E+0	1,2632E+0	1,2628E+0	-1,4234E-6
347,9891E+0	1,4283E-6	3,0000E+0	1,2617E+0	1,2618E+0	-1,4245E-6
348,5018E+0	1,4268E-6	3,0000E+0	1,2609E+0	1,2613E+0	-1,4327E-6
349,0145E+0	1,4265E-6	3,0000E+0	1,2604E+0	1,2596E+0	-1,4261E-6
349,5272E+0	1,4273E-6	3,0000E+0	1,2590E+0	1,2586E+0	-1,4241E-6
350,0399E+0	1,4278E-6	3,0000E+0	1,2583E+0	1,2584E+0	-1,4307E-6
350,5526E+0	1,4310E-6	3,0000E+0	1,2569E+0	1,2567E+0	-1,4238E-6
351,0653E+0	1,4307E-6	3,0000E+0	1,2560E+0	1,2556E+0	-1,4297E-6
351,5780E+0	1,4310E-6	3,0000E+0	1,2552E+0	1,2549E+0	-1,4338E-6
352,0907E+0	1,4340E-6	3,0000E+0	1,2542E+0	1,2536E+0	-1,4306E-6
352,6034E+0	1,4342E-6	3,0000E+0	1,2529E+0	1,2525E+0	-1,4383E-6
353,1161E+0	1,4371E-6	3,0000E+0	1,2522E+0	1,2516E+0	-1,4322E-6
353,6287E+0	1,4382E-6	3,0000E+0	1,2511E+0	1,2504E+0	-1,4362E-6
354,1414E+0	1,4403E-6	3,0000E+0	1,2499E+0	1,2498E+0	-1,4411E-6
354,6541E+0	1,4446E-6	3,0000E+0	1,2492E+0	1,2489E+0	-1,4446E-6
355,1668E+0	1,4482E-6	3,0000E+0	1,2483E+0	1,2476E+0	-1,4511E-6
355,6796E+0	1,4548E-6	3,0000E+0	1,2467E+0	1,2466E+0	-1,4580E-6
356,1923E+0	1,4663E-6	3,0000E+0	1,2462E+0	1,2454E+0	-1,4620E-6
356,7050E+0	1,4740E-6	3,0000E+0	1,2444E+0	1,2447E+0	-1,4742E-6
357,2176E+0	1,4840E-6	3,0000E+0	1,2443E+0	1,2439E+0	-1,4892E-6
357,7303E+0	1,4897E-6	3,0000E+0	1,2432E+0	1,2425E+0	-1,4900E-6
358,2430E+0	1,4985E-6	3,0000E+0	1,2421E+0	1,2415E+0	-1,4985E-6
358,7557E+0	1,5033E-6	3,0000E+0	1,2410E+0	1,2405E+0	-1,5003E-6
359,2685E+0	1,5112E-6	3,0000E+0	1,2399E+0	1,2398E+0	-1,5089E-6
359,7812E+0	1,5110E-6	3,0000E+0	1,2393E+0	1,2390E+0	-1,5144E-6
360,2938E+0	1,5149E-6	3,0000E+0	1,2379E+0	1,2379E+0	-1,5135E-6
360,8065E+0	1,5188E-6	3,0000E+0	1,2370E+0	1,2368E+0	-1,5141E-6
361,3192E+0	1,5171E-6	3,0000E+0	1,2362E+0	1,2358E+0	-1,5231E-6
361,8319E+0	1,5244E-6	3,0000E+0	1,2357E+0	1,2353E+0	-1,5246E-6
362,3446E+0	1,5134E-6	3,0000E+0	1,2341E+0	1,2336E+0	-1,5086E-6
362,8573E+0	1,5125E-6	3,0000E+0	1,2335E+0	1,2332E+0	-1,5189E-6
363,3700E+0	1,5106E-6	3,0000E+0	1,2326E+0	1,2318E+0	-1,5077E-6
363,8827E+0	1,5113E-6	3,0000E+0	1,2306E+0	1,2309E+0	-1,5104E-6
364,3954E+0	1,5136E-6	3,0000E+0	1,2308E+0	1,2302E+0	-1,5212E-6
364,9081E+0	1,5190E-6	3,0000E+0	1,2296E+0	1,2292E+0	-1,5159E-6
365,4208E+0	1,5243E-6	3,0000E+0	1,2290E+0	1,2284E+0	-1,5247E-6
365,9335E+0	1,5234E-6	3,0000E+0	1,2276E+0	1,2274E+0	-1,5264E-6
366,4462E+0	1,5269E-6	3,0000E+0	1,2269E+0	1,2266E+0	-1,5276E-6
366,9589E+0	1,5329E-6	3,0000E+0	1,2256E+0	1,2252E+0	-1,5320E-6
367,4716E+0	1,5358E-6	3,0000E+0	1,2247E+0	1,2238E+0	-1,5367E-6
367,9843E+0	1,5361E-6	3,0000E+0	1,2239E+0	1,2235E+0	-1,5360E-6
368,4970E+0	1,5351E-6	3,0000E+0	1,2231E+0	1,2226E+0	-1,5386E-6
369,0097E+0	1,5344E-6	3,0000E+0	1,2218E+0	1,2214E+0	-1,5318E-6
369,5224E+0	1,5361E-6	3,0000E+0	1,2211E+0	1,2209E+0	-1,5340E-6
370,0351E+0	1,5370E-6	3,0000E+0	1,2200E+0	1,2195E+0	-1,5404E-6
370,5478E+0	1,5337E-6	3,0000E+0	1,2190E+0	1,2188E+0	-1,5415E-6
371,0605E+0	1,5412E-6	3,0000E+0	1,2182E+0	1,2174E+0	-1,5327E-6
371,5732E+0	1,5414E-6	3,0000E+0	1,2173E+0	1,2167E+0	-1,5443E-6
372,0859E+0	1,5445E-6	3,0000E+0	1,2161E+0	1,2159E+0	-1,5501E-6
372,5986E+0	1,5513E-6	3,0000E+0	1,2150E+0	1,2139E+0	-1,5444E-6
373,1113E+0	1,5531E-6	3,0000E+0	1,2144E+0	1,2140E+0	-1,5530E-6
373,6240E+0	1,5557E-6	3,0000E+0	1,2134E+0	1,2131E+0	-1,5496E-6
374,1367E+0	1,5554E-6	3,0000E+0	1,2125E+0	1,2124E+0	-1,5528E-6
374,6494E+0	1,5565E-6	3,0000E+0	1,2115E+0	1,2113E+0	-1,5613E-6
375,1621E+0	1,5616E-6	3,0000E+0	1,2106E+0	1,2106E+0	-1,5611E-6
375,6748E+0	1,5656E-6	3,0000E+0	1,2096E+0	1,2093E+0	-1,5685E-6
376,1874E+0	1,5689E-6	3,0000E+0	1,2085E+0	1,2083E+0	-1,5732E-6
376,7002E+0	1,5745E-6	3,0000E+0	1,2076E+0	1,2078E+0	-1,5722E-6
377,2129E+0	1,5792E-6	3,0000E+0	1,2071E+0	1,2068E+0	-1,5765E-6
377,7256E+0	1,5831E-6	3,0000E+0	1,2062E+0	1,2060E+0	-1,5832E-6
378,2383E+0	1,5829E-6	3,0000E+0	1,2053E+0	1,2050E+0	-1,5844E-6
378,7509E+0	1,5855E-6	3,0000E+0	1,2044E+0	1,2043E+0	-1,5889E-6
379,2637E+0	1,5884E-6	3,0000E+0	1,2031E+0	1,2029E+0	-1,5901E-6
379,7764E+0	1,5916E-6	3,0000E+0	1,2022E+0	1,2024E+0	-1,5928E-6
380,2891E+0	1,5911E-6	3,0000E+0	1,2018E+0	1,2016E+0	-1,5967E-6
380,8018E+0	1,5946E-6	3,0000E+0	1,2011E+0	1,2005E+0	-1,5989E-6
381,3145E+0	1,5986E-6	3,0000E+0	1,2001E+0	1,1995E+0	-1,5994E-6
381,8272E+0	1,6058E-6	3,0000E+0	1,1989E+0	1,1984E+0	-1,6046E-6
382,3399E+0	1,6141E-6	3,0000E+0	1,1983E+0	1,1976E+0	-1,6105E-6
382,8526E+0	1,6193E-6	3,0000E+0	1,1967E+0	1,1966E+0	-1,6140E-6
383,3653E+0	1,6214E-6	3,0000E+0	1,1962E+0	1,1960E+0	-1,6270E-6
383,8779E+0	1,6287E-6	3,0000E+0	1,1949E+0	1,1948E+0	-1,6252E-6
384,3907E+0	1,6289E-6	3,0000E+0	1,1940E+0	1,1939E+0	-1,6295E-6
384,9034E+0	1,6305E-6	3,0000E+0	1,1935E+0	1,1932E+0	-1,6329E-6
385,4160E+0	1,6340E-6	3,0000E+0	1,1930E+0	1,1925E+0	-1,6304E-6
385,9287E+0	1,6372E-6	3,0000E+0	1,1922E+0	1,1915E+0	-1,6362E-6
386,4415E+0	1,6391E-6	3,0000E+0	1,1913E+0	1,1906E+0	-1,6403E-6
386,9541E+0	1,6387E-6	3,0000E+0	1,1903E+0	1,1896E+0	-1,6407E-6
387,4668E+0	1,6413E-6	3,0000E+0	1,1892E+0	1,1890E+0	-1,6396E-6
387,9796E+0	1,6409E-6	3,0000E+0	1,1880E+0	1,1879E+0	-1,6418E-6
388,4922E+0	1,6405E-6	3,0000E+0	1,1876E+0	1,1870E+0	-1,6361E-6
389,0050E+0	1,6386E-6	3,0000E+0	1,1867E+0	1,1863E+0	-1,6363E-6
389,5177E+0	1,6456E-6	3,0000E+0	1,1855E+0	1,1855E+0	-1,6459E-6
390,0304E+0	1,6472E-6	3,0000E+0	1,1848E+0	1,1843E+0	-1,6410E-6
390,5431E+0	1,6491E-6	3,0000E+0	1,1842E+0	1,1838E+0	-1,6492E-6
391,0558E+0	1,6495E-6	3,0000E+0	1,1832E+0	1,1827E+0	-1,6547E-6
391,5684E+0	1,6531E-6	3,0000E+0	1,1814E+0	1,1817E+0	-1,6475E-6
392,0811E+0	1,6541E-6	3,0000E+0	1,1818E+0	1,1811E+0	-1,6569E-6
392,5938E+0	1,6567E-6	3,0000E+0	1,1804E+0	1,1801E+0	-1,6576E-6
393,1065E+0	1,6565E-6	3,0000E+0	1,1797E+0	1,1791E+0	-1,6552E-6
393,6192E+0	1,6577E-6	3,0000E+0	1,1788E+0	1,1785E+0	-1,6564E-6
394,1319E+0	1,6602E-6	3,0000E+0	1,1777E+0	1,1773E+0	-1,6584E-6
394,6446E+0	1,6631E-6	3,0000E+0	1,1770E+0	1,1767E+0	-1,6593E-6
395,1573E+0	1,6652E-6	3,0000E+0	1,1760E+0	1,1760E+0	-1,6702E-6
395,6700E+0	1,6685E-6	3,0000E+0	1,1747E+0	1,1749E+0	-1,6668E-6
396,1827E+0	1,6702E-6	3,0000E+0	1,1743E+0	1,1741E+0	-1,6715E-6
396,6954E+0	1,6741E-6	3,0000E+0	1,1738E+0	1,1731E+0	-1,6725E-6
397,2082E+0	1,6745E-6	3,0000E+0	1,1727E+0	1,1729E+0	-1,6768E-6
397,7209E+0	1,6756E-6	3,0000E+0	1,1723E+0	1,1720E+0	-1,6772E-6
398,2335E+0	1,6767E-6	3,0000E+0	1,1717E+0	1,1712E+0	-1,6828E-6
398,7462E+0	1,6789E-6	3,0000E+0	1,1702E+0	1,1699E+0	-1,6802E-6
399,2589E+0	1,6784E-6	3,0000E+0	1,1695E+0	1,1694E+0	-1,6807E-6
399,7716E+0	1,6846E-6	3,0000E+0	1,1677E+0	1,1681E+0	-1,6834E-6
400,2843E+0	1,6923E-6	3,0000E+0	1,1680E+0	1,1672E+0	-1,6872E-6
400,7970E+0	1,6958E-6	3,0000E+0	1,1670E+0	1,1665E+0	-1,6939E-6
401,3097E+0	1,6977E-6	3,0000E+0	1,1663E+0	1,1660E+0	-1,6977E-6
401,8224E+0	1,6986E-6	3,0000E+0	1,1649E+0	1,1649E+0	-1,6919E-6
402,3351E+0	1,7011E-6	3,0000E+0	1,1642E+0	1,1639E+0	-1,6985E-6
402,8478E+0	1,7018E-6	3,0000E+0	1,1633E+0	1,1633E+0	-1,7035E-6
403,3605E+0	1,7043E-6	3,0000E+0	1,1629E+0	1,1626E+0	-1,7016E-6
403,8732E+0	1,7047E-6	3,0000E+0	1,1621E+0	1,1617E+0	-1,7085E-6
404,3859E+0	1,7039E-6	3,0000E+0	1,1613E+0	1,1609E+0	-1,7074E-6
404,8986E+0	1,7079E-6	3,0000E+0	1,1605E+0	1,1600E+0	-1,7085E-6
405,4113E+0	1,7091E-6	3,0000E+0	1,1593E+0	1,1590E+0	-1,7072E-6
405,9240E+0	1,7124E-6	3,0000E+0	1,1586E+0	1,1585E+0	-1,7082E-6
406,4367E+0	1,7139E-6	3,0000E+0	1,1576E+0	1,1576E+0	-1,7128E-6
406,9494E+0	1,7179E-6	3,0000E+0	1,1565E+0	1,1565E+0	-1,7173E-6
407,4621E+0	1,7194E-6	3,0000E+0	1,1567E+0	1,1565E+0	-1,7201E-6
407,9748E+0	1,7243E-6	3,0000E+0	1,1550E+0	1,1549E+0	-1,7192E-6
408,4875E+0	1,7272E-6	3,0000E+0	1,1544E+0	1,1543E+0	-1,7283E-6
409,0002E+0	1,7298E-6	3,0000E+0	1,1536E+0	1,1534E+0	-1,7234E-6
409,5129E+0	1,7298E-6	3,0000E+0	1,1529E+0	1,1527E+0	-1,7298E-6
410,0256E+0	1,7307E-6	3,0000E+0	1,1520E+0	1,1517E+0	-1,7332E-6
410,5383E+0	1,7352E-6	3,0000E+0	1,1515E+0	1,1511E+0	-1,7343E-6
411,0509E+0	1,7343E-6	3,0000E+0	1,1507E+0	1,1506E+0	-1,7365E-6
411,5637E+0	1,7349E-6	3,0000E+0	1,1499E+0	1,1493E+0	-1,7382E-6
412,0764E+0	1,7374E-6	3,0000E+0	1,1491E+0	1,1487E+0	-1,7343E-6
412,5891E+0	1,7403E-6	3,0000E+0	1,1480E+0	1,1478E+0	-1,7386E-6
413,1018E+0	1,7407E-6	3,0000E+0	1,1474E+0	1,1470E+0	-1,7435E-6
413,6145E+0	1,7485E-6	3,0000E+0	1,1468E+0	1,1467E+0	-1,7462E-6
414,1272E+0	1,7494E-6	3,0000E+0	1,1460E+0	1,1456E+0	-1,7501E-6
414,6399E+0	1,7483E-6	3,0000E+0	1,1455E+0	1,1450E+0	-1,7541E-6
415,1526E+0	1,7506E-6	3,0000E+0	1,1441E+0	1,1438E+0	-1,7443E-6
415,6653E+0	1,7450E-6	3,0000E+0	1,1430E+0	1,1429E+0	-1,7445E-6
416,1779E+0	1,7495E-6	3,0000E+0	1,1423E+0	1,1424E+0	-1,7478E-6
416,6906E+0	1,7499E-6	3,0000E+0	1,1420E+0	1,1417E+0	-1,7513E-6
417,2034E+0	1,7514E-6	3,0000E+0	1,1405E+0	1,1406E+0	-1,7522E-6
417,7161E+0	1,7519E-6	3,0000E+0	1,1403E+0	1,1402E+0	-1,7552E-6
418,2288E+0	1,7568E-6	3,0000E+0	1,1394E+0	1,1390E+0	-1,7512E-6
418,7415E+0	1,7582E-6	3,0000E+0	1,1384E+0	1,1386E+0	-1,7600E-6
419,2542E+0	1,7628E-6	3,0000E+0	1,1378E+0	1,1373E+0	-1,7625E-6
419,7668E+0	1,7671E-6	3,0000E+0	1,1369E+0	1,1366E+0	-1,7613E-6
420,2796E+0	1,7682E-6	3,0000E+0	1,1363E+0	1,1359E+0	-1,7669E-6
420,7923E+0	1,7683E-6	3,0000E+0	1,1358E+0	1,1357E+0	-1,7709E-6
421,3050E+0	1,7693E-6	3,0000E+0	1,1348E+0	1,1347E+0	-1,7694E-6
421,8177E+0	1,7740E-6	3,0000E+0	1,1343E+0	1,1339E+0	-1,7729E-6
422,3304E+0	1,7742E-6	3,0000E+0	1,1333E+0	1,1326E+0	-1,7689E-6
422,8431E+0	1,7689E-6	3,0000E+0	1,1325E+0	1,1317E+0	-1,7695E-6
423,3557E+0	1,7753E-6	3,0000E+0	1,1319E+0	1,1317E+0	-1,7810E-6
423,8685E+0	1,7801E-6	3,0000E+0	1,1308E+0	1,1309E+0	-1,7805E-6
424,3812E+0	1,7838E-6	3,0000E+0	1,1303E+0	1,1301E+0	-1,7807E-6
424,8939E+0	1,7946E-6	3,0000E+0	1,1294E+0	1,1290E+0	-1,7938E-6
425,4066E+0	1,8075E-6	3,0000E+0	1,1283E+0	1,1284E+0	-1,8023E-6
425,9193E+0	1,8113E-6	3,0000E+0	1,1279E+0	1,1275E+0	-1,8103E-6
426,4320E+0	1,8497E-6	3,0000E+0	1,1271E+0	1,1266E+0	-1,8471E-6
426,9447E+0	1,8561E-6	3,0000E+0	1,1259E+0	1,1259E+0	-1,8500E-6
427,4574E+0	1,8609E-6	3,0000E+0	1,1253E+0	1,1256E+0	-1,8608E-6
427,9701E+0	1,8633E-6	3,0000E+0	1,1251E+0	1,1246E+0	-1,8669E-6
428,4828E+0	1,8796E-6	3,0000E+0	1,1243E+0	1,1236E+0	-1,8741E-6
428,9955E+0	1,8852E-6	3,0000E+0	1,1238E+0	1,1229E+0	-1,8857E-6
429,5081E+0	1,8848E-6	3,0000E+0	1,1225E+0	1,1222E+0	-1,8887E-6
430,0208E+0	1,8851E-6	3,0000E+0	1,1218E+0	1,1216E+0	-1,8791E-6
430,5335E+0	1,8861E-6	3,0000E+0	1,1208E+0	1,1204E+0	-1,8889E-6
431,0462E+0	1,8680E-6	3,0000E+0	1,1204E+0	1,1202E+0	-1,8647E-6
431,5589E+0	1,8742E-6	3,0000E+0	1,1199E+0	1,1195E+0	-1,8749E-6
432,0716E+0	1,8711E-6	3,0000E+0	1,1189E+0	1,1187E+0	-1,8763E-6
432,5844E+0	1,8752E-6	3,0000E+0	1,1182E+0	1,1176E+0	-1,8729E-6
433,0970E+0	1,8919E-6	3,0000E+0	1,1178E+0	1,1173E+0	-1,8905E-6
433,6097E+0	1,9158E-6	3,0000E+0	1,1170E+0	1,1162E+0	-1,9211E-6
434,1224E+0	1,9162E-6	3,0000E+0	1,1156E+0	1,1155E+0	-1,9118E-6
434,6351E+0	1,9084E-6	3,0000E+0	1,1154E+0	1,1149E+0	-1,9096E-6
435,1478E+0	1,9092E-6	3,0000E+0	1,1143E+0	1,1138E+0	-1,9141E-6
435,6606E+0	1,9147E-6	3,0000E+0	1,1139E+0	1,1135E+0	-1,9159E-6
436,1733E+0	1,9098E-6	3,0000E+0	1,1129E+0	1,1126E+0	-1,9121E-6
436,6860E+0	1,9281E-6	3,0000E+0	1,1122E+0	1,1119E+0	-1,9347E-6
437,1987E+0	1,9323E-6	3,0000E+0	1,1115E+0	1,1113E+0	-1,9296E-6
437,7114E+0	1,9291E-6	3,0000E+0	1,1107E+0	1,1107E+0	-1,9313E-6
438,2241E+0	1,9364E-6	3,0000E+0	1,1103E+0	1,1100E+0	-1,9433E-6
438,7368E+0	1,9173E-6	3,0000E+0	1,1092E+0	1,1092E+0	-1,9161E-6
439,2495E+0	1,9237E-6	3,0000E+0	1,1080E+0	1,1079E+0	-1,9202E-6
439,7622E+0	1,9192E-6	3,0000E+0	1,1082E+0	1,1076E+0	-1,9249E-6
440,2748E+0	1,9287E-6	3,0000E+0	1,1072E+0	1,1071E+0	-1,9291E-6
440,7875E+0	1,9311E-6	3,0000E+0	1,1064E+0	1,1058E+0	-1,9311E-6
441,3003E+0	1,9391E-6	3,0000E+0	1,1056E+0	1,1058E+0	-1,9386E-6
441,8130E+0	1,9353E-6	3,0000E+0	1,1052E+0	1,1047E+0	-1,9361E-6
442,3257E+0	1,8634E-6	3,0000E+0	1,1041E+0	1,1036E+0	-1,8642E-6
442,8384E+0	1,8941E-6	3,0000E+0	1,1028E+0	1,1025E+0	-1,8944E-6
443,3511E+0	1,9143E-6	3,0000E+0	1,1027E+0	1,1020E+0	-1,9077E-6
443,8638E+0	1,9115E-6	3,0000E+0	1,1017E+0	1,1012E+0	-1,9125E-6
444,3765E+0	1,9168E-6	3,0000E+0	1,1012E+0	1,1012E+0	-1,9213E-6
444,8892E+0	1,9146E-6	3,0000E+0	1,1002E+0	1,1000E+0	-1,9138E-6
445,4019E+0	1,9208E-6	3,0000E+0	1,0996E+0	1,0998E+0	-1,9286E-6
445,9146E+0	1,9311E-6	3,0000E+0	1,0993E+0	1,0987E+0	-1,9285E-6
446,4273E+0	1,9313E-6	3,0000E+0	1,0981E+0	1,0978E+0	-1,9305E-6
446,9400E+0	1,9301E-6	3,0000E+0	1,0980E+0	1,0973E+0	-1,9337E-6
447,4527E+0	1,9391E-6	3,0000E+0	1,0965E+0	1,0965E+0	-1,9369E-6
447,9654E+0	1,9281E-6	3,0000E+0	1,0962E+0	1,0959E+0	-1,9266E-6
448,4781E+0	1,9376E-6	3,0000E+0	1,0956E+0	1,0959E+0	-1,9432E-6
448,9908E+0	1,9316E-6	3,0000E+0	1,0943E+0	1,0942E+0	-1,9267E-6
449,5035E+0	1,9353E-6	3,0000E+0	1,0942E+0	1,0937E+0	-1,9336E-6
450,0162E+0	1,9335E-6	3,0000E+0	1,0933E+0	1,0932E+0	-1,9400E-6
450,5289E+0	1,9444E-6	3,0000E+0	1,0926E+0	1,0923E+0	-1,9409E-6
451,0416E+0	1,9486E-6	3,0000E+0	1,0921E+0	1,0917E+0	-1,9500E-6
451,5543E+0	1,9474E-6	3,0000E+0	1,0908E+0	1,0906E+0	-1,9460E-6
452,0670E+0	1,9461E-6	3,0000E+0	1,0909E+0	1,0902E+0	-1,9463E-6
452,5797E+0	1,9495E-6	3,0000E+0	1,0896E+0	1,0894E+0	-1,9523E-6
453,0924E+0	1,9473E-6	3,0000E+0	1,0891E+0	1,0885E+0	-1,9537E-6
453,6051E+0	1,9458E-6	3,0000E+0	1,0884E+0	1,0882E+0	-1,9410E-6
454,1178E+0	1,9468E-6	3,0000E+0	1,0879E+0	1,0873E+0	-1,9431E-6
454,6305E+0	1,9668E-6	3,0000E+0	1,0868E+0	1,0864E+0	-1,9663E-6
455,1432E+0	1,9571E-6	3,0000E+0	1,0860E+0	1,0857E+0	-1,9574E-6
455,6559E+0	1,9836E-6	3,0000E+0	1,0857E+0	1,0853E+0	-1,9868E-6
456,1685E+0	1,9901E-6	3,0000E+0	1,0850E+0	1,0847E+0	-1,9958E-6
456,6812E+0	1,9936E-6	3,0000E+0	1,0843E+0	1,0839E+0	-1,9929E-6
457,1939E+0	2,0036E-6	3,0000E+0	1,0833E+0	1,0832E+0	-2,0079E-6
457,7066E+0	2,0054E-6	3,0000E+0	1,0830E+0	1,0827E+0	-2,0091E-6
458,2193E+0	2,0196E-6	3,0000E+0	1,0822E+0	1,0819E+0	-2,0176E-6
458,7320E+0	2,0186E-6	3,0000E+0	1,0811E+0	1,0809E+0	-2,0200E-6
459,2447E+0	2,0311E-6	3,0000E+0	1,0804E+0	1,0798E+0	-2,0309E-6
459,7574E+0	2,0420E-6	3,0000E+0	1,0800E+0	1,0793E+0	-2,0376E-6
460,2701E+0	2,0299E-6	3,0000E+0	1,0790E+0	1,0787E+0	-2,0319E-6
460,7827E+0	2,0247E-6	3,0000E+0	1,0787E+0	1,0784E+0	-2,0275E-6
461,2954E+0	2,0257E-6	3,0000E+0	1,0779E+0	1,0772E+0	-2,0194E-6
461,8081E+0	2,0244E-6	3,0000E+0	1,0769E+0	1,0766E+0	-2,0241E-6
462,3208E+0	2,0295E-6	3,0000E+0	1,0767E+0	1,0759E+0	-2,0331E-6
462,8335E+0	2,0370E-6	3,0000E+0	1,0760E+0	1,0757E+0	-2,0321E-6
463,3462E+0	2,0374E-6	3,0000E+0	1,0747E+0	1,0745E+0	-2,0367E-6
463,8589E+0	2,0386E-6	3,0000E+0	1,0740E+0	1,0741E+0	-2,0401E-6
464,3716E+0	2,0413E-6	3,0000E+0	1,0740E+0	1,0735E+0	-2,0383E-6
464,8843E+0	2,0425E-6	3,0000E+0	1,0733E+0	1,0728E+0	-2,0488E-6
465,3970E+0	2,0375E-6	3,0000E+0	1,0727E+0	1,0725E+0	-2,0394E-6
465,9097E+0	2,0624E-6	3,0000E+0	1,0717E+0	1,0713E+0	-2,0580E-6
466,4224E+0	2,0787E-6	3,0000E+0	1,0709E+0	1,0705E+0	-2,0805E-6
466,9351E+0	2,0772E-6	3,0000E+0	1,0701E+0	1,0701E+0	-2,0772E-6
467,4478E+0	2,0805E-6	3,0000E+0	1,0696E+0	1,0697E+0	-2,0830E-6
467,9605E+0	2,0905E-6	3,0000E+0	1,0690E+0	1,0686E+0	-2,0934E-6
468,4732E+0	2,0897E-6	3,0000E+0	1,0681E+0	1,0683E+0	-2,0856E-6
468,9859E+0	2,1001E-6	3,0000E+0	1,0674E+0	1,0673E+0	-2,0969E-6
469,4986E+0	2,1017E-6	3,0000E+0	1,0666E+0	1,0666E+0	-2,1064E-6
470,0113E+0	2,1030E-6	3,0000E+0	1,0663E+0	1,0661E+0	-2,1029E-6
470,5240E+0	2,1027E-6	3,0000E+0	1,0658E+0	1,0655E+0	-2,1047E-6
471,0367E+0	2,1034E-6	3,0000E+0	1,0650E+0	1,0648E+0	-2,1061E-6
471,5494E+0	2,1151E-6	3,0000E+0	1,0643E+0	1,0639E+0	-2,1089E-6
472,0621E+0	2,0970E-6	3,0000E+0	1,0640E+0	1,0637E+0	-2,1007E-6
472,5748E+0	2,1015E-6	3,0000E+0	1,0629E+0	1,0626E+0	-2,1017E-6
473,0875E+0	2,1049E-6	3,0000E+0	1,0619E+0	1,0621E+0	-2,1048E-6
473,6002E+0	2,1153E-6	3,0000E+0	1,0618E+0	1,0614E+0	-2,1206E-6
474,1129E+0	2,1210E-6	3,0000E+0	1,0609E+0	1,0606E+0	-2,1219E-6
474,6256E+0	2,1223E-6	3,0000E+0	1,0605E+0	1,0601E+0	-2,1232E-6
475,1382E+0	2,1090E-6	3,0000E+0	1,0600E+0	1,0596E+0	-2,1104E-6
475,6510E+0	2,1008E-6	3,0000E+0	1,0588E+0	1,0583E+0	-2,1005E-6
476,1637E+0	2,0497E-6	3,0000E+0	1,0581E+0	1,0576E+0	-2,0489E-6
476,6764E+0	2,0970E-6	3,0000E+0	1,0571E+0	1,0570E+0	-2,0997E-6
477,1890E+0	2,1056E-6	3,0000E+0	1,0566E+0	1,0564E+0	-2,1045E-6
477,7017E+0	2,1081E-6	3,0000E+0	1,0565E+0	1,0559E+0	-2,1098E-6
478,2143E+0	2,1187E-6	3,0000E+0	1,0553E+0	1,0550E+0	-2,1189E-6
478,7271E+0	2,1172E-6	3,0000E+0	1,0545E+0	1,0545E+0	-2,1166E-6
479,2397E+0	2,1127E-6	3,0000E+0	1,0537E+0	1,0537E+0	-2,1061E-6
479,7524E+0	2,1199E-6	3,0000E+0	1,0540E+0	1,0535E+0	-2,1211E-6
480,2651E+0	2,1074E-6	3,0000E+0	1,0532E+0	1,0527E+0	-2,1085E-6
480,7778E+0	2,1059E-6	3,0000E+0	1,0523E+0	1,0520E+0	-2,1075E-6
481,2905E+0	2,0891E-6	3,0000E+0	1,0513E+0	1,0510E+0	-2,0879E-6
481,8032E+0	2,0717E-6	3,0000E+0	1,0511E+0	1,0505E+0	-2,0681E-6
482,3159E+0	2,0983E-6	3,0000E+0	1,0503E+0	1,0497E+0	-2,0975E-6
482,8286E+0	2,1099E-6	3,0000E+0	1,0493E+0	1,0495E+0	-2,1172E-6
483,3413E+0	2,0965E-6	3,0000E+0	1,0493E+0	1,0486E+0	-2,0943E-6
483,8540E+0	2,1153E-6	3,0000E+0	1,0487E+0	1,0484E+0	-2,1162E-6
484,3667E+0	2,0825E-6	3,0000E+0	1,0483E+0	1,0473E+0	-2,0834E-6
484,8794E+0	2,0443E-6	3,0000E+0	1,0473E+0	1,0470E+0	-2,0435E-6
485,3921E+0	2,0290E-6	3,0000E+0	1,0464E+0	1,0462E+0	-2,0312E-6
485,9048E+0	2,0933E-6	3,0000E+0	1,0452E+0	1,0455E+0	-2,0921E-6
486,4174E+0	2,1021E-6	3,0000E+0	1,0445E+0	1,0445E+0	-2,0999E-6
486,9301E+0	2,0721E-6	3,0000E+0	1,0439E+0	1,0437E+0	-2,0714E-6
487,4428E+0	2,0658E-6	3,0000E+0	1,0432E+0	1,0432E+0	-2,0643E-6
487,9556E+0	2,0762E-6	3,0000E+0	1,0432E+0	1,0430E+0	-2,0768E-6
488,4683E+0	2,1187E-6	3,0000E+0	1,0427E+0	1,0421E+0	-2,1212E-6
488,9810E+0	2,1009E-6	3,0000E+0	1,0420E+0	1,0415E+0	-2,1001E-6
489,4937E+0	2,1055E-6	3,0000E+0	1,0414E+0	1,0410E+0	-2,1022E-6
490,0063E+0	2,1080E-6	3,0000E+0	1,0407E+0	1,0402E+0	-2,1093E-6
490,5190E+0	2,0722E-6	3,0000E+0	1,0401E+0	1,0399E+0	-2,0709E-6
491,0317E+0	2,0808E-6	3,0000E+0	1,0388E+0	1,0384E+0	-2,0789E-6
491,5444E+0	2,1003E-6	3,0000E+0	1,0385E+0	1,0381E+0	-2,1043E-6
492,0571E+0	2,1130E-6	3,0000E+0	1,0377E+0	1,0374E+0	-2,1113E-6
492,5698E+0	2,1311E-6	3,0000E+0	1,0372E+0	1,0372E+0	-2,1284E-6
493,0825E+0	2,1317E-6	3,0000E+0	1,0366E+0	1,0360E+0	-2,1388E-6
493,5952E+0	2,1217E-6	3,0000E+0	1,0362E+0	1,0359E+0	-2,1165E-6
494,1079E+0	2,1085E-6	3,0000E+0	1,0354E+0	1,0352E+0	-2,1105E-6
494,6206E+0	2,0151E-6	3,0000E+0	1,0350E+0	1,0345E+0	-2,0188E-6
495,1333E+0	2,0422E-6	3,0000E+0	1,0341E+0	1,0339E+0	-2,0413E-6
495,6461E+0	2,0494E-6	3,0000E+0	1,0332E+0	1,0332E+0	-2,0545E-6
496,1588E+0	2,0907E-6	3,0000E+0	1,0332E+0	1,0324E+0	-2,0955E-6
496,6714E+0	2,1022E-6	3,0000E+0	1,0326E+0	1,0323E+0	-2,1038E-6
497,1841E+0	2,1069E-6	3,0000E+0	1,0316E+0	1,0314E+0	-2,1099E-6
497,6968E+0	2,1222E-6	3,0000E+0	1,0309E+0	1,0306E+0	-2,1194E-6
498,2095E+0	2,1297E-6	3,0000E+0	1,0306E+0	1,0304E+0	-2,1304E-6
498,7222E+0	2,1337E-6	3,0000E+0	1,0292E+0	1,0291E+0	-2,1340E-6
499,2349E+0	2,1276E-6	3,0000E+0	1,0292E+0	1,0289E+0	-2,1272E-6
499,7476E+0	2,1163E-6	3,0000E+0	1,0286E+0	1,0283E+0	-2,1171E-6
500,2603E+0	2,1188E-6	3,0000E+0	1,0279E+0	1,0274E+0	-2,1200E-6
500,7729E+0	2,1033E-6	3,0000E+0	1,0276E+0	1,0269E+0	-2,1004E-6
501,2856E+0	2,0991E-6	3,0000E+0	1,0271E+0	1,0264E+0	-2,1008E-6
501,7983E+0	2,0865E-6	3,0000E+0	1,0258E+0	1,0254E+0	-2,0857E-6
502,3110E+0	2,0931E-6	3,0000E+0	1,0256E+0	1,0254E+0	-2,0880E-6
502,8237E+0	2,0910E-6	3,0000E+0	1,0251E+0	1,0249E+0	-2,0919E-6
503,3364E+0	2,0927E-6	3,0000E+0	1,0241E+0	1,0239E+0	-2,0913E-6
503,8491E+0	2,0952E-6	3,0000E+0	1,0238E+0	1,0230E+0	-2,0947E-6
504,3618E+0	2,0612E-6	3,0000E+0	1,0231E+0	1,0226E+0	-2,0569E-6
504,8745E+0	2,0595E-6	3,0000E+0	1,0226E+0	1,0223E+0	-2,0614E-6
505,3872E+0	2,0727E-6	3,0000E+0	1,0221E+0	1,0217E+0	-2,0734E-6
505,8999E+0	2,1079E-6	3,0000E+0	1,0214E+0	1,0209E+0	-2,1085E-6
506,4126E+0	2,1416E-6	3,0000E+0	1,0204E+0	1,0199E+0	-2,1432E-6
506,9253E+0	2,0725E-6	3,0000E+0	1,0195E+0	1,0192E+0	-2,0652E-6
507,4380E+0	2,0775E-6	3,0000E+0	1,0192E+0	1,0193E+0	-2,0824E-6
507,9507E+0	2,0973E-6	3,0000E+0	1,0183E+0	1,0184E+0	-2,0946E-6
508,4634E+0	2,0949E-6	3,0000E+0	1,0179E+0	1,0175E+0	-2,0891E-6
508,9761E+0	2,1072E-6	3,0000E+0	1,0175E+0	1,0168E+0	-2,1076E-6
509,4888E+0	2,1131E-6	3,0000E+0	1,0168E+0	1,0165E+0	-2,1085E-6
510,0014E+0	2,1130E-6	3,0000E+0	1,0158E+0	1,0160E+0	-2,1106E-6
510,5141E+0	2,0802E-6	3,0000E+0	1,0156E+0	1,0153E+0	-2,0843E-6
511,0268E+0	2,0834E-6	3,0000E+0	1,0147E+0	1,0149E+0	-2,0836E-6
511,5395E+0	2,0891E-6	3,0000E+0	1,0140E+0	1,0143E+0	-2,0907E-6
512,0522E+0	2,1177E-6	3,0000E+0	1,0145E+0	1,0134E+0	-2,1167E-6
512,5649E+0	2,1262E-6	3,0000E+0	1,0135E+0	1,0132E+0	-2,1245E-6
513,0776E+0	2,1254E-6	3,0000E+0	1,0124E+0	1,0123E+0	-2,1260E-6
513,5903E+0	2,1326E-6	3,0000E+0	1,0117E+0	1,0119E+0	-2,1369E-6
514,1030E+0	2,1364E-6	3,0000E+0	1,0115E+0	1,0110E+0	-2,1393E-6
514,6157E+0	2,1308E-6	3,0000E+0	1,0110E+0	1,0105E+0	-2,1341E-6
515,1285E+0	2,1333E-6	3,0000E+0	1,0098E+0	1,0099E+0	-2,1362E-6
515,6411E+0	2,1201E-6	3,0000E+0	1,0098E+0	1,0093E+0	-2,1154E-6
516,1539E+0	2,1167E-6	3,0000E+0	1,0093E+0	1,0089E+0	-2,1181E-6
