Time	Cur1	Volt1	Volt2	Volt3	Cur4
527,0308E-3	99,9301E-3	3,0000E+0	2,8347E+0	2,8343E+0	-99,9305E-3
1,0399E+0	22,6653E-3	3,0000E+0	2,9635E+0	2,9631E+0	-22,6677E-3
1,5526E+0	8,7112E-3	3,0000E+0	2,9868E+0	2,9859E+0	-8,7128E-3
2,1789E+0	2,3307E-3	3,0000E+0	2,9947E+0	2,9942E+0	-2,3328E-3
2,6916E+0	2,0495E-3	3,0000E+0	2,9968E+0	2,9971E+0	-2,0499E-3
3,2043E+0	1,6826E-3	3,0000E+0	2,9982E+0	2,9979E+0	-1,6830E-3
3,7170E+0	1,4460E-3	3,0000E+0	2,9985E+0	2,9981E+0	-1,4464E-3
4,2297E+0	1,3129E-3	3,0000E+0	2,9984E+0	2,9983E+0	-1,3131E-3
4,7424E+0	1,2076E-3	3,0000E+0	2,9987E+0	2,9982E+0	-1,2078E-3
5,2551E+0	946,3137E-6	3,0000E+0	2,9990E+0	2,9988E+0	-946,3119E-6
5,7678E+0	873,5509E-6	3,0000E+0	2,9994E+0	2,9989E+0	-873,6969E-6
6,2805E+0	821,7638E-6	3,0000E+0	2,9995E+0	2,9992E+0	-822,3453E-6
6,7932E+0	1,5087E-3	3,0000E+0	2,9981E+0	2,9977E+0	-1,5090E-3
7,3059E+0	727,9416E-6	3,0000E+0	2,9996E+0	2,9993E+0	-728,4667E-6
7,8186E+0	1,4263E-3	3,0000E+0	2,9986E+0	2,9983E+0	-1,4265E-3
8,3313E+0	669,5549E-6	3,0000E+0	2,9997E+0	2,9994E+0	-669,6351E-6
8,8440E+0	1,2417E-3	3,0000E+0	2,9989E+0	2,9987E+0	-1,2424E-3
9,3566E+0	681,1145E-6	3,0000E+0	2,9997E+0	2,9994E+0	-681,3594E-6
9,8693E+0	1,0726E-3	3,0000E+0	2,9992E+0	2,9991E+0	-1,0728E-3
10,3820E+0	642,4843E-6	3,0000E+0	2,9995E+0	2,9992E+0	-642,5725E-6
10,8947E+0	736,4326E-6	3,0000E+0	2,9991E+0	2,9989E+0	-736,6611E-6
11,4074E+0	479,2622E-6	3,0000E+0	3,0002E+0	2,9996E+0	-479,9871E-6
11,9201E+0	677,3734E-6	3,0000E+0	2,9996E+0	2,9996E+0	-677,6614E-6
12,4328E+0	508,9810E-6	3,0000E+0	2,9998E+0	2,9996E+0	-509,1928E-6
12,9456E+0	637,2720E-6	3,0000E+0	2,9992E+0	2,9994E+0	-637,8240E-6
13,4583E+0	512,7221E-6	3,0000E+0	3,0002E+0	2,9994E+0	-512,9748E-6
13,9710E+0	613,6062E-6	3,0000E+0	2,9994E+0	2,9996E+0	-613,7030E-6
14,4837E+0	535,1268E-6	3,0000E+0	3,0000E+0	2,9995E+0	-535,3309E-6
14,9964E+0	503,8106E-6	3,0000E+0	2,9989E+0	2,9984E+0	-504,2342E-6
15,6227E+0	232,2796E-6	3,0000E+0	2,9989E+0	2,9985E+0	-232,2766E-6
16,1354E+0	436,0782E-6	3,0000E+0	3,0008E+0	3,0005E+0	-436,0981E-6
16,6481E+0	465,1665E-6	3,0000E+0	2,9999E+0	2,9997E+0	-465,1356E-6
17,1607E+0	409,1977E-6	3,0000E+0	3,0005E+0	3,0003E+0	-409,2254E-6
17,6734E+0	447,5293E-6	3,0000E+0	3,0002E+0	2,9997E+0	-447,5861E-6
18,1862E+0	362,8550E-6	3,0000E+0	2,9999E+0	3,0001E+0	-362,8781E-6
18,6989E+0	439,3542E-6	3,0000E+0	3,0001E+0	2,9996E+0	-439,3810E-6
19,2116E+0	320,2130E-6	3,0000E+0	3,0003E+0	3,0000E+0	-320,2466E-6
19,7243E+0	396,0519E-6	3,0000E+0	2,9999E+0	3,0001E+0	-396,0770E-6
20,2370E+0	294,5521E-6	3,0000E+0	3,0009E+0	3,0002E+0	-294,5635E-6
20,7497E+0	407,7638E-6	3,0000E+0	3,0004E+0	2,9999E+0	-407,8004E-6
21,2624E+0	283,7276E-6	3,0000E+0	3,0004E+0	3,0001E+0	-283,7312E-6
21,7751E+0	451,8945E-6	3,0000E+0	2,9988E+0	2,9984E+0	-451,8905E-6
22,2878E+0	277,3733E-6	3,0000E+0	3,0004E+0	2,9999E+0	-277,3798E-6
22,9136E+0	549,5448E-6	3,0000E+0	2,9987E+0	2,9984E+0	-549,5765E-6
23,4263E+0	411,2495E-6	3,0000E+0	3,0002E+0	2,9998E+0	-411,4062E-6
23,9390E+0	555,0934E-6	3,0000E+0	2,9998E+0	2,9996E+0	-555,3336E-6
24,5653E+0	187,6947E-6	3,0000E+0	2,9999E+0	2,9994E+0	-187,7284E-6
25,0780E+0	457,4749E-6	3,0000E+0	3,0002E+0	3,0003E+0	-457,5021E-6
25,5907E+0	369,2303E-6	3,0000E+0	3,0005E+0	3,0001E+0	-369,2463E-6
26,1034E+0	432,0369E-6	3,0000E+0	2,9999E+0	3,0003E+0	-432,0754E-6
26,6161E+0	376,5055E-6	3,0000E+0	3,0004E+0	2,9998E+0	-376,5393E-6
27,1288E+0	377,8975E-6	3,0000E+0	3,0004E+0	3,0002E+0	-377,9180E-6
27,6415E+0	375,4668E-6	3,0000E+0	3,0004E+0	2,9997E+0	-375,4885E-6
28,1542E+0	316,7016E-6	3,0000E+0	3,0004E+0	3,0002E+0	-316,6989E-6
28,6669E+0	359,6716E-6	3,0000E+0	3,0000E+0	2,9993E+0	-359,6834E-6
29,1796E+0	266,8810E-6	3,0000E+0	3,0009E+0	3,0004E+0	-266,9090E-6
29,6923E+0	352,7160E-6	3,0000E+0	3,0004E+0	2,9999E+0	-352,7057E-6
30,2050E+0	255,5729E-6	3,0000E+0	2,9997E+0	3,0004E+0	-255,6143E-6
30,7177E+0	350,9581E-6	3,0000E+0	3,0002E+0	3,0001E+0	-350,9487E-6
31,2304E+0	239,0796E-6	3,0000E+0	3,0005E+0	3,0004E+0	-239,1031E-6
31,7431E+0	347,2659E-6	3,0000E+0	2,9998E+0	3,0000E+0	-347,2622E-6
32,2558E+0	223,4400E-6	3,0000E+0	3,0000E+0	3,0002E+0	-223,4662E-6
32,7685E+0	379,3736E-6	3,0000E+0	2,9989E+0	2,9984E+0	-379,3977E-6
33,2812E+0	218,2338E-6	3,0000E+0	3,0007E+0	3,0001E+0	-218,2833E-6
33,9070E+0	505,0717E-6	3,0000E+0	2,9984E+0	2,9987E+0	-505,6629E-6
34,5333E+0	191,0379E-6	3,0000E+0	2,9994E+0	2,9996E+0	-191,0491E-6
35,1591E+0	335,1660E-6	3,0000E+0	3,0004E+0	2,9999E+0	-335,3453E-6
35,7854E+0	283,1262E-6	3,0000E+0	2,9983E+0	2,9980E+0	-283,0880E-6
36,2981E+0	193,4097E-6	3,0000E+0	3,0005E+0	2,9998E+0	-193,4493E-6
36,9239E+0	539,2462E-6	3,0000E+0	2,9988E+0	2,9987E+0	-539,6171E-6
37,5501E+0	162,3282E-6	3,0000E+0	2,9994E+0	2,9992E+0	-162,3269E-6
38,0628E+0	440,0733E-6	3,0000E+0	3,0006E+0	3,0006E+0	-440,0703E-6
38,5756E+0	315,2339E-6	3,0000E+0	2,9998E+0	3,0001E+0	-315,2445E-6
39,0883E+0	389,5000E-6	3,0000E+0	3,0005E+0	3,0005E+0	-389,5196E-6
39,6010E+0	325,1290E-6	3,0000E+0	3,0004E+0	3,0001E+0	-325,1520E-6
40,1137E+0	352,8674E-6	3,0000E+0	3,0003E+0	3,0003E+0	-352,8823E-6
40,6264E+0	329,3554E-6	3,0000E+0	3,0004E+0	2,9999E+0	-329,3765E-6
41,1390E+0	297,4790E-6	3,0000E+0	3,0003E+0	3,0002E+0	-297,4933E-6
41,6518E+0	319,2752E-6	3,0000E+0	3,0002E+0	2,9998E+0	-319,2924E-6
42,1645E+0	266,3890E-6	3,0000E+0	3,0005E+0	3,0002E+0	-266,3835E-6
42,6771E+0	320,9994E-6	3,0000E+0	3,0003E+0	2,9997E+0	-321,0032E-6
43,1898E+0	231,3881E-6	3,0000E+0	3,0004E+0	3,0000E+0	-231,4317E-6
43,7026E+0	300,2377E-6	3,0000E+0	3,0003E+0	3,0002E+0	-300,2298E-6
44,2153E+0	191,5257E-6	3,0000E+0	3,0008E+0	3,0004E+0	-191,5704E-6
44,7280E+0	304,3379E-6	3,0000E+0	2,9999E+0	3,0002E+0	-304,3576E-6
45,2407E+0	189,5913E-6	3,0000E+0	3,0009E+0	3,0005E+0	-189,6116E-6
45,7534E+0	310,0109E-6	3,0000E+0	3,0004E+0	2,9999E+0	-310,0196E-6
46,2661E+0	196,5847E-6	3,0000E+0	3,0004E+0	3,0002E+0	-196,6271E-6
46,7788E+0	450,5488E-6	3,0000E+0	2,9989E+0	2,9986E+0	-450,6252E-6
47,2915E+0	179,6120E-6	3,0000E+0	3,0006E+0	2,9998E+0	-179,6241E-6
47,9173E+0	512,9743E-6	3,0000E+0	2,9985E+0	2,9987E+0	-513,1009E-6
48,5436E+0	161,6511E-6	3,0000E+0	3,0001E+0	2,9995E+0	-161,6922E-6
49,0563E+0	439,8336E-6	3,0000E+0	3,0004E+0	3,0001E+0	-439,8770E-6
49,5690E+0	282,1379E-6	3,0000E+0	3,0004E+0	3,0000E+0	-282,1549E-6
50,0817E+0	375,9000E-6	3,0000E+0	3,0004E+0	3,0005E+0	-375,8962E-6
50,5944E+0	290,1912E-6	3,0000E+0	3,0003E+0	2,9999E+0	-290,2003E-6
51,1071E+0	331,7104E-6	3,0000E+0	3,0008E+0	3,0004E+0	-331,7305E-6
51,6198E+0	302,0838E-6	3,0000E+0	3,0004E+0	3,0001E+0	-302,0751E-6
52,1325E+0	294,3797E-6	3,0000E+0	3,0001E+0	3,0004E+0	-294,4290E-6
52,6452E+0	301,9240E-6	3,0000E+0	3,0002E+0	2,9997E+0	-301,9322E-6
53,1579E+0	236,1401E-6	3,0000E+0	3,0002E+0	3,0001E+0	-236,2027E-6
53,6706E+0	300,8895E-6	3,0000E+0	2,9995E+0	2,9994E+0	-300,9107E-6
54,1833E+0	226,1188E-6	3,0000E+0	3,0005E+0	3,0002E+0	-226,1606E-6
54,6960E+0	288,6646E-6	3,0000E+0	2,9992E+0	2,9989E+0	-288,6534E-6
55,2087E+0	174,8937E-6	3,0000E+0	3,0009E+0	3,0004E+0	-174,9205E-6
55,7214E+0	285,1742E-6	3,0000E+0	3,0001E+0	3,0001E+0	-285,2066E-6
56,2341E+0	183,0941E-6	3,0000E+0	3,0007E+0	3,0003E+0	-183,1130E-6
56,7468E+0	295,3763E-6	3,0000E+0	3,0004E+0	3,0000E+0	-295,3958E-6
57,2595E+0	174,3932E-6	3,0000E+0	3,0004E+0	3,0001E+0	-174,4161E-6
57,7722E+0	433,9587E-6	3,0000E+0	2,9987E+0	2,9983E+0	-433,8955E-6
58,2848E+0	153,6904E-6	3,0000E+0	2,9990E+0	2,9986E+0	-153,6762E-6
58,9106E+0	467,4924E-6	3,0000E+0	2,9989E+0	2,9988E+0	-467,4644E-6
59,5369E+0	145,4984E-6	3,0000E+0	3,0002E+0	2,9999E+0	-145,5341E-6
60,0496E+0	407,9992E-6	3,0000E+0	3,0009E+0	2,9999E+0	-408,0190E-6
60,5624E+0	290,6453E-6	3,0000E+0	3,0003E+0	2,9998E+0	-290,6711E-6
61,0751E+0	375,9210E-6	3,0000E+0	3,0006E+0	3,0004E+0	-375,9802E-6
61,5878E+0	314,3466E-6	3,0000E+0	3,0003E+0	3,0000E+0	-314,3870E-6
62,1005E+0	322,4040E-6	3,0000E+0	3,0000E+0	3,0004E+0	-322,4030E-6
62,6132E+0	298,0131E-6	3,0000E+0	3,0002E+0	2,9999E+0	-298,0145E-6
63,1259E+0	271,2798E-6	3,0000E+0	3,0004E+0	3,0003E+0	-271,2889E-6
63,6386E+0	293,4461E-6	3,0000E+0	3,0002E+0	2,9997E+0	-293,4580E-6
64,1513E+0	219,4449E-6	3,0000E+0	3,0000E+0	2,9998E+0	-219,4771E-6
64,6640E+0	280,4138E-6	3,0000E+0	3,0007E+0	3,0002E+0	-280,4567E-6
65,1767E+0	207,2999E-6	3,0000E+0	3,0001E+0	3,0004E+0	-207,3291E-6
65,6894E+0	293,6648E-6	3,0000E+0	2,9998E+0	3,0001E+0	-293,6555E-6
66,2021E+0	191,3870E-6	3,0000E+0	3,0006E+0	3,0003E+0	-191,3938E-6
66,7148E+0	288,5679E-6	3,0000E+0	3,0002E+0	2,9999E+0	-288,5862E-6
67,2274E+0	176,8113E-6	3,0000E+0	3,0005E+0	3,0002E+0	-176,8499E-6
67,7402E+0	274,7366E-6	3,0000E+0	3,0000E+0	3,0000E+0	-274,7484E-6
68,2529E+0	141,2342E-6	3,0000E+0	3,0008E+0	3,0003E+0	-141,2970E-6
68,7656E+0	389,4538E-6	3,0000E+0	2,9984E+0	2,9979E+0	-389,4607E-6
69,2783E+0	155,2169E-6	3,0000E+0	3,0010E+0	3,0003E+0	-155,2483E-6
69,9041E+0	473,1251E-6	3,0000E+0	2,9994E+0	2,9989E+0	-473,4316E-6
70,5304E+0	145,4816E-6	3,0000E+0	2,9996E+0	2,9999E+0	-145,5173E-6
71,0430E+0	415,9515E-6	3,0000E+0	3,0008E+0	3,0004E+0	-415,9677E-6
71,5558E+0	273,8366E-6	3,0000E+0	3,0004E+0	2,9998E+0	-273,8530E-6
72,0685E+0	390,1560E-6	3,0000E+0	3,0006E+0	3,0000E+0	-390,1921E-6
72,5812E+0	289,0852E-6	3,0000E+0	3,0001E+0	3,0000E+0	-289,0948E-6
73,0939E+0	322,3956E-6	3,0000E+0	3,0004E+0	3,0002E+0	-322,4114E-6
73,6066E+0	272,6171E-6	3,0000E+0	3,0001E+0	2,9996E+0	-272,6467E-6
74,1193E+0	254,9127E-6	3,0000E+0	3,0008E+0	3,0006E+0	-254,9585E-6
74,6320E+0	279,9512E-6	3,0000E+0	3,0004E+0	3,0002E+0	-279,9481E-6
75,1447E+0	237,2250E-6	3,0000E+0	3,0002E+0	3,0004E+0	-237,2830E-6
75,6574E+0	292,0036E-6	3,0000E+0	3,0003E+0	3,0002E+0	-292,0036E-6
76,1701E+0	211,7912E-6	3,0000E+0	3,0004E+0	3,0003E+0	-211,8184E-6
76,6828E+0	287,1675E-6	3,0000E+0	3,0003E+0	2,9998E+0	-287,1822E-6
77,1955E+0	182,9637E-6	3,0000E+0	3,0009E+0	3,0002E+0	-182,9743E-6
77,7082E+0	271,9611E-6	3,0000E+0	3,0002E+0	2,9999E+0	-271,9699E-6
78,2209E+0	147,9669E-6	3,0000E+0	3,0008E+0	3,0002E+0	-148,0183E-6
78,7336E+0	257,5200E-6	3,0000E+0	3,0002E+0	3,0002E+0	-257,5394E-6
79,2463E+0	141,5580E-6	3,0000E+0	3,0007E+0	3,0005E+0	-141,5787E-6
79,7590E+0	375,8117E-6	3,0000E+0	2,9985E+0	2,9982E+0	-375,8920E-6
80,2717E+0	152,9965E-6	3,0000E+0	3,0010E+0	3,0004E+0	-153,0373E-6
80,8975E+0	470,0145E-6	3,0000E+0	2,9994E+0	2,9989E+0	-470,0277E-6
81,5238E+0	156,5416E-6	3,0000E+0	3,0003E+0	2,9997E+0	-156,5892E-6
82,0365E+0	433,3321E-6	3,0000E+0	2,9999E+0	3,0002E+0	-433,3911E-6
82,5492E+0	271,0443E-6	3,0000E+0	3,0003E+0	2,9998E+0	-271,0452E-6
83,0619E+0	375,1598E-6	3,0000E+0	3,0005E+0	3,0002E+0	-375,2152E-6
83,5745E+0	281,2044E-6	3,0000E+0	3,0000E+0	2,9998E+0	-281,2217E-6
84,0873E+0	296,1543E-6	3,0000E+0	2,9995E+0	2,9992E+0	-296,1398E-6
84,5999E+0	266,9189E-6	3,0000E+0	3,0007E+0	3,0000E+0	-266,9468E-6
85,1126E+0	266,5867E-6	3,0000E+0	3,0008E+0	3,0007E+0	-266,6021E-6
85,6254E+0	274,5684E-6	3,0000E+0	3,0004E+0	3,0002E+0	-274,6055E-6
86,1380E+0	231,9726E-6	3,0000E+0	3,0006E+0	3,0007E+0	-232,0034E-6
86,6507E+0	277,7097E-6	3,0000E+0	3,0005E+0	3,0000E+0	-277,7244E-6
87,1634E+0	207,2789E-6	3,0000E+0	3,0005E+0	3,0002E+0	-207,3417E-6
87,6761E+0	286,3853E-6	3,0000E+0	3,0004E+0	2,9997E+0	-286,4256E-6
88,1888E+0	175,1544E-6	3,0000E+0	3,0007E+0	3,0003E+0	-175,1769E-6
88,7015E+0	277,1042E-6	3,0000E+0	3,0004E+0	3,0001E+0	-277,1233E-6
89,2142E+0	151,6803E-6	3,0000E+0	3,0006E+0	3,0002E+0	-151,7006E-6
89,7269E+0	255,8799E-6	3,0000E+0	3,0003E+0	3,0002E+0	-255,9043E-6
90,2396E+0	141,5496E-6	3,0000E+0	3,0006E+0	3,0003E+0	-141,5702E-6
90,7523E+0	355,3906E-6	3,0000E+0	2,9986E+0	2,9980E+0	-355,4127E-6
91,2650E+0	153,1647E-6	3,0000E+0	3,0004E+0	3,0002E+0	-153,1760E-6
91,8908E+0	481,6582E-6	3,0000E+0	2,9992E+0	2,9987E+0	-481,8781E-6
92,5171E+0	161,5376E-6	3,0000E+0	3,0002E+0	2,9997E+0	-161,5325E-6
93,0298E+0	423,0753E-6	3,0000E+0	3,0008E+0	3,0002E+0	-423,1052E-6
93,5424E+0	265,9516E-6	3,0000E+0	3,0002E+0	2,9998E+0	-265,9800E-6
94,0552E+0	356,4840E-6	3,0000E+0	3,0007E+0	3,0007E+0	-356,4972E-6
94,5679E+0	275,1613E-6	3,0000E+0	3,0004E+0	3,0001E+0	-275,1855E-6
95,0806E+0	479,1913E-6	3,0000E+0	2,9999E+0	2,9996E+0	-479,2046E-6
95,5933E+0	285,3340E-6	3,0000E+0	3,0004E+0	3,0001E+0	-285,3705E-6
96,2307E+0	1,4488E-3	3,0000E+0	2,9987E+0	2,9984E+0	-1,4492E-3
96,7434E+0	1,2604E-3	3,0000E+0	2,9980E+0	2,9978E+0	-1,2604E-3
97,2561E+0	1,2727E-3	3,0000E+0	2,9984E+0	2,9987E+0	-1,2729E-3
97,7688E+0	1,2428E-3	3,0000E+0	2,9990E+0	2,9986E+0	-1,2429E-3
98,2815E+0	1,4778E-3	3,0000E+0	2,9980E+0	2,9972E+0	-1,4781E-3
98,7942E+0	1,6363E-3	3,0000E+0	2,9980E+0	2,9978E+0	-1,6365E-3
99,4205E+0	173,2662E-6	3,0000E+0	2,9999E+0	2,9995E+0	-173,2979E-6
99,9332E+0	272,2092E-6	3,0000E+0	3,0004E+0	3,0002E+0	-272,2221E-6
100,4458E+0	251,6283E-6	3,0000E+0	3,0002E+0	3,0000E+0	-251,6588E-6
100,9586E+0	256,8345E-6	3,0000E+0	3,0007E+0	3,0002E+0	-256,8501E-6
101,4713E+0	258,6175E-6	3,0000E+0	3,0003E+0	2,9998E+0	-258,6365E-6
101,9840E+0	255,2701E-6	3,0000E+0	3,0003E+0	3,0001E+0	-255,2990E-6
102,4967E+0	304,8215E-6	3,0000E+0	3,0003E+0	3,0001E+0	-304,8451E-6
103,1225E+0	720,5014E-6	3,0000E+0	2,9970E+0	2,9965E+0	-721,0707E-6
103,6352E+0	3,1492E-3	3,0000E+0	2,9954E+0	2,9954E+0	-3,1492E-3
104,1479E+0	3,2563E-3	3,0000E+0	2,9949E+0	2,9951E+0	-3,2565E-3
104,6605E+0	3,5467E-3	3,0000E+0	2,9939E+0	2,9934E+0	-3,5473E-3
105,1733E+0	3,2426E-3	3,0000E+0	2,9956E+0	2,9948E+0	-3,2428E-3
105,6860E+0	3,6223E-3	3,0000E+0	2,9949E+0	2,9943E+0	-3,6224E-3
106,1986E+0	3,2307E-3	3,0000E+0	2,9954E+0	2,9949E+0	-3,2312E-3
106,7113E+0	3,5184E-3	3,0000E+0	2,9947E+0	2,9947E+0	-3,5187E-3
107,2240E+0	3,2295E-3	3,0000E+0	2,9955E+0	2,9951E+0	-3,2300E-3
107,7367E+0	3,3931E-3	3,0000E+0	2,9957E+0	2,9948E+0	-3,3935E-3
108,2494E+0	3,2069E-3	3,0000E+0	2,9957E+0	2,9951E+0	-3,2071E-3
108,7621E+0	3,3495E-3	3,0000E+0	2,9949E+0	2,9949E+0	-3,3495E-3
109,2747E+0	3,1986E-3	3,0000E+0	2,9955E+0	2,9952E+0	-3,1988E-3
109,7874E+0	3,3089E-3	3,0000E+0	2,9942E+0	2,9937E+0	-3,3097E-3
110,3001E+0	3,2461E-3	3,0000E+0	2,9951E+0	2,9950E+0	-3,2459E-3
110,8128E+0	3,2899E-3	3,0000E+0	2,9953E+0	2,9950E+0	-3,2905E-3
111,3255E+0	3,1877E-3	3,0000E+0	2,9956E+0	2,9952E+0	-3,1879E-3
111,8382E+0	3,2677E-3	3,0000E+0	2,9952E+0	2,9949E+0	-3,2680E-3
112,3509E+0	3,1788E-3	3,0000E+0	2,9954E+0	2,9952E+0	-3,1789E-3
112,8636E+0	3,2565E-3	3,0000E+0	2,9950E+0	2,9951E+0	-3,2568E-3
113,3763E+0	3,1737E-3	3,0000E+0	2,9959E+0	2,9954E+0	-3,1738E-3
113,8889E+0	3,2359E-3	3,0000E+0	2,9949E+0	2,9951E+0	-3,2361E-3
114,4016E+0	3,1840E-3	3,0000E+0	2,9954E+0	2,9952E+0	-3,1841E-3
114,9143E+0	3,3205E-3	3,0000E+0	2,9950E+0	2,9947E+0	-3,3205E-3
115,4270E+0	3,1614E-3	3,0000E+0	2,9957E+0	2,9952E+0	-3,1618E-3
115,9397E+0	3,4982E-3	3,0000E+0	2,9949E+0	2,9942E+0	-3,4984E-3
116,4524E+0	3,1548E-3	3,0000E+0	2,9955E+0	2,9951E+0	-3,1550E-3
116,9651E+0	3,5505E-3	3,0000E+0	2,9949E+0	2,9946E+0	-3,5506E-3
117,4778E+0	3,2110E-3	3,0000E+0	2,9948E+0	2,9950E+0	-3,2111E-3
117,9905E+0	3,6571E-3	3,0000E+0	2,9941E+0	2,9935E+0	-3,6575E-3
118,5032E+0	3,1441E-3	3,0000E+0	2,9954E+0	2,9952E+0	-3,1443E-3
119,0159E+0	3,7152E-3	3,0000E+0	2,9945E+0	2,9943E+0	-3,7154E-3
119,5286E+0	3,1382E-3	3,0000E+0	2,9955E+0	2,9952E+0	-3,1382E-3
120,0413E+0	3,6094E-3	3,0000E+0	2,9949E+0	2,9947E+0	-3,6097E-3
120,5540E+0	3,1395E-3	3,0000E+0	2,9944E+0	2,9944E+0	-3,1396E-3
121,0667E+0	3,4891E-3	3,0000E+0	2,9947E+0	2,9948E+0	-3,4891E-3
121,5794E+0	3,2171E-3	3,0000E+0	2,9946E+0	2,9942E+0	-3,2171E-3
122,0920E+0	3,4015E-3	3,0000E+0	2,9950E+0	2,9949E+0	-3,4019E-3
122,6047E+0	3,2002E-3	3,0000E+0	2,9954E+0	2,9950E+0	-3,2005E-3
123,1174E+0	3,3888E-3	3,0000E+0	2,9950E+0	2,9949E+0	-3,3887E-3
123,6301E+0	3,2028E-3	3,0000E+0	2,9954E+0	2,9950E+0	-3,2029E-3
124,1428E+0	3,2925E-3	3,0000E+0	2,9952E+0	2,9952E+0	-3,2928E-3
124,6555E+0	3,7607E-3	3,0000E+0	2,9944E+0	2,9937E+0	-3,7610E-3
125,1682E+0	3,2539E-3	3,0000E+0	2,9950E+0	2,9949E+0	-3,2542E-3
125,6809E+0	3,6594E-3	3,0000E+0	2,9948E+0	2,9942E+0	-3,6599E-3
126,1936E+0	3,2255E-3	3,0000E+0	2,9954E+0	2,9952E+0	-3,2257E-3
126,7063E+0	3,5377E-3	3,0000E+0	2,9949E+0	2,9947E+0	-3,5379E-3
127,2190E+0	3,2101E-3	3,0000E+0	2,9955E+0	2,9951E+0	-3,2102E-3
127,7317E+0	3,4353E-3	3,0000E+0	2,9952E+0	2,9947E+0	-3,4356E-3
128,2444E+0	3,1888E-3	3,0000E+0	2,9957E+0	2,9954E+0	-3,1887E-3
128,7571E+0	3,3783E-3	3,0000E+0	2,9947E+0	2,9950E+0	-3,3786E-3
129,2698E+0	3,1735E-3	3,0000E+0	2,9954E+0	2,9952E+0	-3,1738E-3
129,7825E+0	3,3094E-3	3,0000E+0	2,9954E+0	2,9949E+0	-3,3094E-3
130,2952E+0	3,2116E-3	3,0000E+0	2,9955E+0	2,9951E+0	-3,2120E-3
130,8079E+0	3,2615E-3	3,0000E+0	2,9949E+0	2,9951E+0	-3,2618E-3
131,3206E+0	3,1563E-3	3,0000E+0	2,9954E+0	2,9951E+0	-3,1564E-3
131,8333E+0	3,2715E-3	3,0000E+0	2,9952E+0	2,9946E+0	-3,2715E-3
132,3460E+0	3,1649E-3	3,0000E+0	2,9953E+0	2,9944E+0	-3,1649E-3
132,8587E+0	3,2251E-3	3,0000E+0	2,9949E+0	2,9952E+0	-3,2252E-3
133,3714E+0	3,2034E-3	3,0000E+0	2,9953E+0	2,9950E+0	-3,2035E-3
133,8841E+0	3,2085E-3	3,0000E+0	2,9948E+0	2,9953E+0	-3,2086E-3
134,3968E+0	3,2236E-3	3,0000E+0	2,9953E+0	2,9952E+0	-3,2241E-3
134,9094E+0	3,1901E-3	3,0000E+0	2,9957E+0	2,9951E+0	-3,1904E-3
135,4221E+0	3,2074E-3	3,0000E+0	2,9956E+0	2,9950E+0	-3,2079E-3
135,9349E+0	3,2216E-3	3,0000E+0	2,9950E+0	2,9952E+0	-3,2216E-3
136,4476E+0	3,2028E-3	3,0000E+0	2,9954E+0	2,9951E+0	-3,2027E-3
136,9603E+0	3,2120E-3	3,0000E+0	2,9949E+0	2,9951E+0	-3,2120E-3
137,4729E+0	3,2648E-3	3,0000E+0	2,9954E+0	2,9951E+0	-3,2649E-3
137,9856E+0	3,3381E-3	3,0000E+0	2,9949E+0	2,9948E+0	-3,3380E-3
138,4983E+0	3,2019E-3	3,0000E+0	2,9956E+0	2,9951E+0	-3,2019E-3
139,0110E+0	3,4488E-3	3,0000E+0	2,9947E+0	2,9945E+0	-3,4490E-3
139,5237E+0	3,1967E-3	3,0000E+0	2,9951E+0	2,9949E+0	-3,1966E-3
140,0364E+0	3,5387E-3	3,0000E+0	2,9949E+0	2,9944E+0	-3,5390E-3
140,5490E+0	3,1930E-3	3,0000E+0	2,9955E+0	2,9950E+0	-3,1932E-3
141,0617E+0	3,6617E-3	3,0000E+0	2,9947E+0	2,9941E+0	-3,6621E-3
141,5744E+0	3,2080E-3	3,0000E+0	2,9955E+0	2,9952E+0	-3,2082E-3
142,0871E+0	3,5933E-3	3,0000E+0	2,9947E+0	2,9944E+0	-3,5936E-3
142,5998E+0	3,1848E-3	3,0000E+0	2,9955E+0	2,9950E+0	-3,1851E-3
143,1125E+0	3,5473E-3	3,0000E+0	2,9947E+0	2,9942E+0	-3,5474E-3
143,6252E+0	3,1793E-3	3,0000E+0	2,9955E+0	2,9952E+0	-3,1794E-3
144,1379E+0	3,4219E-3	3,0000E+0	2,9948E+0	2,9946E+0	-3,4218E-3
144,6506E+0	3,6779E-3	3,0000E+0	2,9949E+0	2,9942E+0	-3,6781E-3
145,1633E+0	3,3840E-3	3,0000E+0	2,9951E+0	2,9947E+0	-3,3845E-3
145,6760E+0	3,6063E-3	3,0000E+0	2,9950E+0	2,9945E+0	-3,6068E-3
146,1887E+0	3,3386E-3	3,0000E+0	2,9954E+0	2,9949E+0	-3,3389E-3
146,7014E+0	3,4726E-3	3,0000E+0	2,9954E+0	2,9948E+0	-3,4726E-3
147,2141E+0	3,3114E-3	3,0000E+0	2,9953E+0	2,9950E+0	-3,3116E-3
147,7268E+0	3,3804E-3	3,0000E+0	2,9953E+0	2,9950E+0	-3,3802E-3
148,2395E+0	3,2763E-3	3,0000E+0	2,9953E+0	2,9947E+0	-3,2766E-3
148,7522E+0	3,3466E-3	3,0000E+0	2,9953E+0	2,9950E+0	-3,3468E-3
149,2649E+0	3,2437E-3	3,0000E+0	2,9954E+0	2,9950E+0	-3,2438E-3
149,7776E+0	3,2569E-3	3,0000E+0	2,9954E+0	2,9950E+0	-3,2572E-3
150,2903E+0	3,2869E-3	3,0000E+0	2,9955E+0	2,9948E+0	-3,2869E-3
150,8030E+0	3,2273E-3	3,0000E+0	2,9949E+0	2,9952E+0	-3,2275E-3
151,3157E+0	3,2280E-3	3,0000E+0	2,9952E+0	2,9953E+0	-3,2281E-3
151,8284E+0	3,2644E-3	3,0000E+0	2,9954E+0	2,9949E+0	-3,2645E-3
152,3411E+0	3,2139E-3	3,0000E+0	2,9954E+0	2,9950E+0	-3,2139E-3
152,8538E+0	3,1849E-3	3,0000E+0	2,9956E+0	2,9951E+0	-3,1850E-3
153,3665E+0	3,2048E-3	3,0000E+0	2,9953E+0	2,9952E+0	-3,2051E-3
153,8792E+0	3,1596E-3	3,0000E+0	2,9956E+0	2,9952E+0	-3,1598E-3
154,3919E+0	3,2056E-3	3,0000E+0	2,9954E+0	2,9952E+0	-3,2059E-3
154,9046E+0	3,1481E-3	3,0000E+0	2,9954E+0	2,9954E+0	-3,1485E-3
155,4173E+0	3,1911E-3	3,0000E+0	2,9955E+0	2,9953E+0	-3,1910E-3
155,9300E+0	3,2302E-3	3,0000E+0	2,9942E+0	2,9938E+0	-3,2301E-3
156,6866E+0	-68,2054E-9	3,0000E+0	2,9401E+0	2,9400E+0	69,7388E-9
157,3206E+0	-25,3091E-9	3,0000E+0	2,8906E+0	2,8904E+0	28,6283E-9
157,9533E+0	69,1126E-9	3,0000E+0	2,8241E+0	2,8240E+0	-70,7536E-9
158,4660E+0	123,7021E-9	3,0000E+0	2,7781E+0	2,7782E+0	-124,2468E-9
158,9786E+0	176,9954E-9	3,0000E+0	2,7329E+0	2,7330E+0	-174,4844E-9
159,4913E+0	230,1035E-9	3,0000E+0	2,6873E+0	2,6868E+0	-232,2678E-9
160,0040E+0	282,1174E-9	3,0000E+0	2,6429E+0	2,6422E+0	-281,9166E-9
160,5167E+0	334,1608E-9	3,0000E+0	2,5979E+0	2,5975E+0	-331,4898E-9
161,0294E+0	384,4702E-9	3,0000E+0	2,5531E+0	2,5530E+0	-386,6864E-9
161,5421E+0	434,2872E-9	3,0000E+0	2,5103E+0	2,5098E+0	-433,9966E-9
162,0548E+0	483,7885E-9	3,0000E+0	2,4661E+0	2,4658E+0	-481,9167E-9
162,6875E+0	544,3304E-9	3,0000E+0	2,4128E+0	2,4123E+0	-550,2278E-9
163,2002E+0	592,1819E-9	3,0000E+0	2,3691E+0	2,3688E+0	-594,2657E-9
163,7129E+0	637,8871E-9	3,0000E+0	2,3284E+0	2,3281E+0	-638,5980E-9
164,2256E+0	685,2337E-9	3,0000E+0	2,2855E+0	2,2849E+0	-683,2247E-9
164,7383E+0	732,8328E-9	3,0000E+0	2,2418E+0	2,2414E+0	-728,1038E-9
165,2510E+0	779,4218E-9	3,0000E+0	2,1984E+0	2,1978E+0	-775,2962E-9
165,7637E+0	824,4536E-9	3,0000E+0	2,1554E+0	2,1553E+0	-823,9608E-9
166,2764E+0	870,9164E-9	3,0000E+0	2,1118E+0	2,1115E+0	-866,6107E-9
166,7891E+0	914,3069E-9	3,0000E+0	2,0698E+0	2,0694E+0	-915,1491E-9
167,3018E+0	962,1585E-9	3,0000E+0	2,0252E+0	2,0253E+0	-971,3004E-9
167,8145E+0	1,0116E-6	3,0000E+0	1,9797E+0	1,9789E+0	-1,0129E-6
168,3272E+0	1,0586E-6	3,0000E+0	1,9365E+0	1,9361E+0	-1,0593E-6
168,8399E+0	1,1038E-6	3,0000E+0	1,8931E+0	1,8927E+0	-1,1087E-6
169,3526E+0	1,1536E-6	3,0000E+0	1,8480E+0	1,8478E+0	-1,1489E-6
169,8653E+0	1,2016E-6	3,0000E+0	1,8009E+0	1,8001E+0	-1,2084E-6
170,3780E+0	1,2575E-6	3,0000E+0	1,7517E+0	1,7510E+0	-1,2554E-6
170,8907E+0	1,3096E-6	3,0000E+0	1,7041E+0	1,7042E+0	-1,3061E-6
171,4034E+0	1,3260E-6	3,0000E+0	1,6896E+0	1,6893E+0	-1,3279E-6
171,9161E+0	1,3359E-6	3,0000E+0	1,6738E+0	1,6731E+0	-1,3346E-6
172,4288E+0	1,3567E-6	3,0000E+0	1,6571E+0	1,6564E+0	-1,3490E-6
172,9415E+0	1,3656E-6	3,0000E+0	1,6396E+0	1,6393E+0	-1,3643E-6
173,4542E+0	1,3816E-6	3,0000E+0	1,6216E+0	1,6214E+0	-1,3836E-6
173,9669E+0	1,3967E-6	3,0000E+0	1,6049E+0	1,6045E+0	-1,3949E-6
174,4796E+0	1,4069E-6	3,0000E+0	1,5944E+0	1,5946E+0	-1,4086E-6
174,9923E+0	1,4129E-6	3,0000E+0	1,5869E+0	1,5866E+0	-1,4147E-6
175,5050E+0	1,4198E-6	3,0000E+0	1,5777E+0	1,5771E+0	-1,4154E-6
176,0177E+0	1,4241E-6	3,0000E+0	1,5689E+0	1,5683E+0	-1,4223E-6
176,5304E+0	1,4306E-6	3,0000E+0	1,5594E+0	1,5597E+0	-1,4274E-6
177,0431E+0	1,4359E-6	3,0000E+0	1,5505E+0	1,5508E+0	-1,4388E-6
177,5558E+0	1,4435E-6	3,0000E+0	1,5415E+0	1,5415E+0	-1,4419E-6
178,0685E+0	1,4461E-6	3,0000E+0	1,5346E+0	1,5345E+0	-1,4447E-6
178,5812E+0	1,4493E-6	3,0000E+0	1,5284E+0	1,5283E+0	-1,4487E-6
179,0939E+0	1,4514E-6	3,0000E+0	1,5216E+0	1,5214E+0	-1,4487E-6
179,6067E+0	1,4549E-6	3,0000E+0	1,5152E+0	1,5144E+0	-1,4508E-6
180,1194E+0	1,4587E-6	3,0000E+0	1,5074E+0	1,5076E+0	-1,4587E-6
180,6321E+0	1,4607E-6	3,0000E+0	1,5012E+0	1,5009E+0	-1,4643E-6
181,1448E+0	1,4653E-6	3,0000E+0	1,4941E+0	1,4938E+0	-1,4653E-6
181,6575E+0	1,4688E-6	3,0000E+0	1,4876E+0	1,4871E+0	-1,4705E-6
182,1702E+0	1,4714E-6	3,0000E+0	1,4800E+0	1,4802E+0	-1,4733E-6
182,6829E+0	1,4758E-6	3,0000E+0	1,4734E+0	1,4732E+0	-1,4712E-6
183,1956E+0	1,4586E-6	3,0000E+0	1,4668E+0	1,4663E+0	-1,4637E-6
183,7083E+0	1,4637E-6	3,0000E+0	1,4592E+0	1,4595E+0	-1,4614E-6
184,2210E+0	1,4663E-6	3,0000E+0	1,4528E+0	1,4525E+0	-1,4618E-6
184,7337E+0	1,4661E-6	3,0000E+0	1,4463E+0	1,4457E+0	-1,4723E-6
185,2464E+0	1,4699E-6	3,0000E+0	1,4387E+0	1,4384E+0	-1,4661E-6
185,7591E+0	1,4732E-6	3,0000E+0	1,4321E+0	1,4318E+0	-1,4735E-6
186,2718E+0	1,4762E-6	3,0000E+0	1,4251E+0	1,4250E+0	-1,4818E-6
186,7845E+0	1,4815E-6	3,0000E+0	1,4180E+0	1,4178E+0	-1,4794E-6
187,2972E+0	1,4838E-6	3,0000E+0	1,4111E+0	1,4114E+0	-1,4839E-6
187,8099E+0	1,4874E-6	3,0000E+0	1,4080E+0	1,4080E+0	-1,4896E-6
188,3226E+0	1,4892E-6	3,0000E+0	1,4080E+0	1,4072E+0	-1,4844E-6
188,8353E+0	1,4724E-6	3,0000E+0	1,4066E+0	1,4064E+0	-1,4712E-6
189,3480E+0	1,4650E-6	3,0000E+0	1,4059E+0	1,4061E+0	-1,4689E-6
189,8607E+0	1,4606E-6	3,0000E+0	1,4051E+0	1,4045E+0	-1,4574E-6
190,3734E+0	1,4681E-6	3,0000E+0	1,4034E+0	1,4037E+0	-1,4682E-6
190,8861E+0	1,4743E-6	3,0000E+0	1,4030E+0	1,4025E+0	-1,4715E-6
191,3988E+0	1,4650E-6	3,0000E+0	1,4020E+0	1,4014E+0	-1,4634E-6
191,9115E+0	1,4593E-6	3,0000E+0	1,4001E+0	1,4002E+0	-1,4640E-6
192,4242E+0	1,4598E-6	3,0000E+0	1,3995E+0	1,3992E+0	-1,4615E-6
192,9369E+0	1,4564E-6	3,0000E+0	1,3980E+0	1,3977E+0	-1,4577E-6
193,4496E+0	1,4530E-6	3,0000E+0	1,3965E+0	1,3962E+0	-1,4559E-6
193,9623E+0	1,4408E-6	3,0000E+0	1,3950E+0	1,3947E+0	-1,4374E-6
194,4750E+0	1,4330E-6	3,0000E+0	1,3942E+0	1,3937E+0	-1,4295E-6
194,9877E+0	1,4300E-6	3,0000E+0	1,3920E+0	1,3921E+0	-1,4359E-6
195,5004E+0	1,4299E-6	3,0000E+0	1,3909E+0	1,3906E+0	-1,4258E-6
196,0131E+0	1,4281E-6	3,0000E+0	1,3896E+0	1,3893E+0	-1,4235E-6
196,5258E+0	1,4241E-6	3,0000E+0	1,3883E+0	1,3877E+0	-1,4303E-6
197,0385E+0	1,4266E-6	3,0000E+0	1,3866E+0	1,3861E+0	-1,4227E-6
197,5512E+0	1,4258E-6	3,0000E+0	1,3848E+0	1,3846E+0	-1,4222E-6
198,0639E+0	1,4218E-6	3,0000E+0	1,3838E+0	1,3834E+0	-1,4281E-6
198,5766E+0	1,4203E-6	3,0000E+0	1,3822E+0	1,3817E+0	-1,4200E-6
199,0893E+0	1,4198E-6	3,0000E+0	1,3803E+0	1,3797E+0	-1,4155E-6
199,6020E+0	1,4187E-6	3,0000E+0	1,3791E+0	1,3787E+0	-1,4181E-6
200,1147E+0	1,4165E-6	3,0000E+0	1,3770E+0	1,3770E+0	-1,4133E-6
200,6274E+0	1,4142E-6	3,0000E+0	1,3754E+0	1,3754E+0	-1,4194E-6
201,1401E+0	1,4152E-6	3,0000E+0	1,3743E+0	1,3736E+0	-1,4121E-6
201,6528E+0	1,4138E-6	3,0000E+0	1,3727E+0	1,3723E+0	-1,4151E-6
202,1655E+0	1,4144E-6	3,0000E+0	1,3708E+0	1,3707E+0	-1,4157E-6
202,6782E+0	1,4137E-6	3,0000E+0	1,3692E+0	1,3688E+0	-1,4125E-6
203,1909E+0	1,4130E-6	3,0000E+0	1,3675E+0	1,3671E+0	-1,4086E-6
203,7036E+0	1,4100E-6	3,0000E+0	1,3663E+0	1,3659E+0	-1,4171E-6
204,2163E+0	1,4101E-6	3,0000E+0	1,3646E+0	1,3643E+0	-1,4132E-6
204,7290E+0	1,4123E-6	3,0000E+0	1,3626E+0	1,3621E+0	-1,4079E-6
205,2417E+0	1,4114E-6	3,0000E+0	1,3610E+0	1,3605E+0	-1,4109E-6
205,7544E+0	1,4135E-6	3,0000E+0	1,3592E+0	1,3588E+0	-1,4125E-6
206,2671E+0	1,4169E-6	3,0000E+0	1,3576E+0	1,3571E+0	-1,4110E-6
206,7798E+0	1,4159E-6	3,0000E+0	1,3558E+0	1,3556E+0	-1,4224E-6
207,2924E+0	1,4191E-6	3,0000E+0	1,3541E+0	1,3536E+0	-1,4132E-6
207,8051E+0	1,4178E-6	3,0000E+0	1,3526E+0	1,3523E+0	-1,4208E-6
208,3178E+0	1,4177E-6	3,0000E+0	1,3502E+0	1,3504E+0	-1,4173E-6
208,8305E+0	1,4161E-6	3,0000E+0	1,3490E+0	1,3485E+0	-1,4148E-6
209,3432E+0	1,4204E-6	3,0000E+0	1,3467E+0	1,3466E+0	-1,4157E-6
209,8559E+0	1,4170E-6	3,0000E+0	1,3449E+0	1,3454E+0	-1,4223E-6
210,3686E+0	1,4150E-6	3,0000E+0	1,3436E+0	1,3432E+0	-1,4140E-6
210,8813E+0	1,4171E-6	3,0000E+0	1,3417E+0	1,3414E+0	-1,4153E-6
211,3940E+0	1,4177E-6	3,0000E+0	1,3400E+0	1,3400E+0	-1,4153E-6
211,9067E+0	1,4175E-6	3,0000E+0	1,3385E+0	1,3381E+0	-1,4130E-6
212,4194E+0	1,4223E-6	3,0000E+0	1,3376E+0	1,3374E+0	-1,4207E-6
212,9321E+0	1,4157E-6	3,0000E+0	1,3369E+0	1,3369E+0	-1,4170E-6
213,4448E+0	1,4147E-6	3,0000E+0	1,3359E+0	1,3361E+0	-1,4111E-6
213,9575E+0	1,4120E-6	3,0000E+0	1,3358E+0	1,3353E+0	-1,4141E-6
214,4702E+0	1,4108E-6	3,0000E+0	1,3347E+0	1,3344E+0	-1,4076E-6
214,9829E+0	1,4084E-6	3,0000E+0	1,3336E+0	1,3336E+0	-1,4031E-6
215,4956E+0	1,4045E-6	3,0000E+0	1,3330E+0	1,3325E+0	-1,4094E-6
216,0083E+0	1,4052E-6	3,0000E+0	1,3324E+0	1,3321E+0	-1,4077E-6
216,5210E+0	1,4068E-6	3,0000E+0	1,3318E+0	1,3311E+0	-1,4069E-6
217,0337E+0	1,4089E-6	3,0000E+0	1,3309E+0	1,3309E+0	-1,4130E-6
217,5464E+0	1,4091E-6	3,0000E+0	1,3298E+0	1,3295E+0	-1,4034E-6
218,0591E+0	1,4102E-6	3,0000E+0	1,3289E+0	1,3285E+0	-1,4076E-6
218,5718E+0	1,4134E-6	3,0000E+0	1,3283E+0	1,3279E+0	-1,4190E-6
219,0845E+0	1,4183E-6	3,0000E+0	1,3272E+0	1,3272E+0	-1,4141E-6
219,5972E+0	1,4214E-6	3,0000E+0	1,3267E+0	1,3264E+0	-1,4201E-6
220,1099E+0	1,4244E-6	3,0000E+0	1,3260E+0	1,3253E+0	-1,4310E-6
220,6226E+0	1,4358E-6	3,0000E+0	1,3243E+0	1,3243E+0	-1,4302E-6
221,1353E+0	1,4349E-6	3,0000E+0	1,3246E+0	1,3239E+0	-1,4343E-6
221,6480E+0	1,4323E-6	3,0000E+0	1,3237E+0	1,3232E+0	-1,4366E-6
222,1607E+0	1,4284E-6	3,0000E+0	1,3222E+0	1,3220E+0	-1,4216E-6
222,6734E+0	1,4350E-6	3,0000E+0	1,3215E+0	1,3212E+0	-1,4327E-6
223,1861E+0	1,4358E-6	3,0000E+0	1,3198E+0	1,3201E+0	-1,4367E-6
223,6988E+0	1,4389E-6	3,0000E+0	1,3197E+0	1,3192E+0	-1,4325E-6
224,2115E+0	1,4335E-6	3,0000E+0	1,3189E+0	1,3184E+0	-1,4357E-6
224,7242E+0	1,4300E-6	3,0000E+0	1,3178E+0	1,3176E+0	-1,4306E-6
225,2369E+0	1,4262E-6	3,0000E+0	1,3175E+0	1,3169E+0	-1,4233E-6
225,7495E+0	1,4221E-6	3,0000E+0	1,3163E+0	1,3156E+0	-1,4224E-6
226,2623E+0	1,4203E-6	3,0000E+0	1,3157E+0	1,3150E+0	-1,4198E-6
226,7750E+0	1,4187E-6	3,0000E+0	1,3146E+0	1,3140E+0	-1,4145E-6
227,2876E+0	1,4142E-6	3,0000E+0	1,3135E+0	1,3131E+0	-1,4178E-6
227,8004E+0	1,4100E-6	3,0000E+0	1,3122E+0	1,3123E+0	-1,4052E-6
228,3131E+0	1,4046E-6	3,0000E+0	1,3117E+0	1,3113E+0	-1,4040E-6
228,8257E+0	1,4056E-6	3,0000E+0	1,3110E+0	1,3108E+0	-1,4139E-6
229,3384E+0	1,4078E-6	3,0000E+0	1,3102E+0	1,3098E+0	-1,4092E-6
229,8511E+0	1,4111E-6	3,0000E+0	1,3089E+0	1,3085E+0	-1,4078E-6
230,3638E+0	1,4058E-6	3,0000E+0	1,3081E+0	1,3078E+0	-1,4033E-6
230,8765E+0	1,4040E-6	3,0000E+0	1,3075E+0	1,3071E+0	-1,4019E-6
231,3892E+0	1,4075E-6	3,0000E+0	1,3060E+0	1,3057E+0	-1,4066E-6
231,9019E+0	1,4088E-6	3,0000E+0	1,3051E+0	1,3055E+0	-1,4102E-6
232,4146E+0	1,4097E-6	3,0000E+0	1,3050E+0	1,3045E+0	-1,4089E-6
232,9273E+0	1,4085E-6	3,0000E+0	1,3040E+0	1,3038E+0	-1,4110E-6
233,4400E+0	1,4070E-6	3,0000E+0	1,3031E+0	1,3024E+0	-1,4058E-6
233,9528E+0	1,4083E-6	3,0000E+0	1,3017E+0	1,3015E+0	-1,4082E-6
234,4654E+0	1,4092E-6	3,0000E+0	1,3013E+0	1,3007E+0	-1,4106E-6
234,9781E+0	1,4119E-6	3,0000E+0	1,3000E+0	1,2999E+0	-1,4111E-6
235,4908E+0	1,4132E-6	3,0000E+0	1,2988E+0	1,2988E+0	-1,4084E-6
236,0035E+0	1,4128E-6	3,0000E+0	1,2978E+0	1,2979E+0	-1,4123E-6
236,5162E+0	1,4115E-6	3,0000E+0	1,2975E+0	1,2972E+0	-1,4123E-6
237,0289E+0	1,4108E-6	3,0000E+0	1,2968E+0	1,2962E+0	-1,4121E-6
237,5416E+0	1,4127E-6	3,0000E+0	1,2959E+0	1,2955E+0	-1,4180E-6
238,0543E+0	1,4113E-6	3,0000E+0	1,2948E+0	1,2942E+0	-1,4089E-6
238,5670E+0	1,4148E-6	3,0000E+0	1,2933E+0	1,2934E+0	-1,4095E-6
239,0797E+0	1,4109E-6	3,0000E+0	1,2926E+0	1,2924E+0	-1,4118E-6
239,5924E+0	1,4110E-6	3,0000E+0	1,2920E+0	1,2916E+0	-1,4050E-6
240,1051E+0	1,4077E-6	3,0000E+0	1,2909E+0	1,2907E+0	-1,4038E-6
240,6178E+0	1,3996E-6	3,0000E+0	1,2902E+0	1,2902E+0	-1,3991E-6
241,1305E+0	1,3953E-6	3,0000E+0	1,2892E+0	1,2888E+0	-1,3906E-6
241,6432E+0	1,4065E-6	3,0000E+0	1,2886E+0	1,2886E+0	-1,4111E-6
242,1559E+0	1,4147E-6	3,0000E+0	1,2876E+0	1,2875E+0	-1,4156E-6
242,6686E+0	1,4181E-6	3,0000E+0	1,2860E+0	1,2862E+0	-1,4152E-6
243,1813E+0	1,4210E-6	3,0000E+0	1,2859E+0	1,2856E+0	-1,4210E-6
243,6940E+0	1,4222E-6	3,0000E+0	1,2846E+0	1,2847E+0	-1,4267E-6
244,2067E+0	1,4132E-6	3,0000E+0	1,2843E+0	1,2840E+0	-1,4090E-6
244,7195E+0	1,4135E-6	3,0000E+0	1,2831E+0	1,2831E+0	-1,4143E-6
245,2321E+0	1,4115E-6	3,0000E+0	1,2819E+0	1,2820E+0	-1,4129E-6
245,7448E+0	1,4177E-6	3,0000E+0	1,2806E+0	1,2810E+0	-1,4167E-6
246,2575E+0	1,4167E-6	3,0000E+0	1,2801E+0	1,2798E+0	-1,4160E-6
246,7702E+0	1,4185E-6	3,0000E+0	1,2795E+0	1,2791E+0	-1,4155E-6
247,2829E+0	1,4191E-6	3,0000E+0	1,2785E+0	1,2779E+0	-1,4166E-6
247,7956E+0	1,4200E-6	3,0000E+0	1,2775E+0	1,2771E+0	-1,4205E-6
248,3083E+0	1,4217E-6	3,0000E+0	1,2763E+0	1,2763E+0	-1,4177E-6
248,8210E+0	1,4242E-6	3,0000E+0	1,2751E+0	1,2754E+0	-1,4195E-6
249,3337E+0	1,4256E-6	3,0000E+0	1,2745E+0	1,2746E+0	-1,4311E-6
249,8464E+0	1,4296E-6	3,0000E+0	1,2736E+0	1,2735E+0	-1,4257E-6
250,3591E+0	1,4340E-6	3,0000E+0	1,2724E+0	1,2726E+0	-1,4301E-6
250,8718E+0	1,4373E-6	3,0000E+0	1,2723E+0	1,2719E+0	-1,4391E-6
251,3845E+0	1,4328E-6	3,0000E+0	1,2712E+0	1,2707E+0	-1,4284E-6
251,8972E+0	1,4457E-6	3,0000E+0	1,2704E+0	1,2702E+0	-1,4465E-6
252,4099E+0	1,4471E-6	3,0000E+0	1,2694E+0	1,2692E+0	-1,4476E-6
252,9226E+0	1,4498E-6	3,0000E+0	1,2679E+0	1,2681E+0	-1,4468E-6
253,4353E+0	1,4463E-6	3,0000E+0	1,2676E+0	1,2671E+0	-1,4455E-6
253,9480E+0	1,4484E-6	3,0000E+0	1,2665E+0	1,2663E+0	-1,4446E-6
254,4607E+0	1,4456E-6	3,0000E+0	1,2658E+0	1,2657E+0	-1,4423E-6
254,9734E+0	1,4425E-6	3,0000E+0	1,2646E+0	1,2645E+0	-1,4413E-6
255,4861E+0	1,4416E-6	3,0000E+0	1,2642E+0	1,2640E+0	-1,4439E-6
255,9988E+0	1,4458E-6	3,0000E+0	1,2624E+0	1,2625E+0	-1,4446E-6
256,5115E+0	1,4436E-6	3,0000E+0	1,2624E+0	1,2618E+0	-1,4466E-6
257,0242E+0	1,4417E-6	3,0000E+0	1,2609E+0	1,2612E+0	-1,4386E-6
257,5369E+0	1,4404E-6	3,0000E+0	1,2605E+0	1,2602E+0	-1,4406E-6
258,0496E+0	1,4402E-6	3,0000E+0	1,2599E+0	1,2594E+0	-1,4453E-6
258,5623E+0	1,4443E-6	3,0000E+0	1,2584E+0	1,2580E+0	-1,4410E-6
259,0750E+0	1,4479E-6	3,0000E+0	1,2576E+0	1,2574E+0	-1,4450E-6
259,5877E+0	1,4498E-6	3,0000E+0	1,2568E+0	1,2564E+0	-1,4497E-6
260,1004E+0	1,4513E-6	3,0000E+0	1,2556E+0	1,2556E+0	-1,4518E-6
260,6131E+0	1,4522E-6	3,0000E+0	1,2553E+0	1,2549E+0	-1,4530E-6
261,1257E+0	1,4524E-6	3,0000E+0	1,2543E+0	1,2539E+0	-1,4563E-6
261,6384E+0	1,4536E-6	3,0000E+0	1,2530E+0	1,2527E+0	-1,4478E-6
262,1511E+0	1,4541E-6	3,0000E+0	1,2514E+0	1,2518E+0	-1,4562E-6
262,6638E+0	1,4554E-6	3,0000E+0	1,2513E+0	1,2508E+0	-1,4576E-6
263,1765E+0	1,4592E-6	3,0000E+0	1,2505E+0	1,2501E+0	-1,4524E-6
263,6892E+0	1,4590E-6	3,0000E+0	1,2496E+0	1,2490E+0	-1,4601E-6
264,2019E+0	1,4576E-6	3,0000E+0	1,2488E+0	1,2486E+0	-1,4593E-6
264,7146E+0	1,4570E-6	3,0000E+0	1,2471E+0	1,2476E+0	-1,4514E-6
265,2273E+0	1,4512E-6	3,0000E+0	1,2473E+0	1,2467E+0	-1,4576E-6
265,7400E+0	1,4509E-6	3,0000E+0	1,2461E+0	1,2459E+0	-1,4501E-6
266,2527E+0	1,4480E-6	3,0000E+0	1,2453E+0	1,2446E+0	-1,4445E-6
266,7654E+0	1,4447E-6	3,0000E+0	1,2446E+0	1,2443E+0	-1,4487E-6
267,2781E+0	1,4435E-6	3,0000E+0	1,2430E+0	1,2431E+0	-1,4394E-6
267,7908E+0	1,4419E-6	3,0000E+0	1,2422E+0	1,2421E+0	-1,4443E-6
268,3035E+0	1,4405E-6	3,0000E+0	1,2416E+0	1,2410E+0	-1,4394E-6
268,8162E+0	1,4395E-6	3,0000E+0	1,2412E+0	1,2404E+0	-1,4365E-6
269,3289E+0	1,4392E-6	3,0000E+0	1,2397E+0	1,2395E+0	-1,4380E-6
269,8416E+0	1,4379E-6	3,0000E+0	1,2388E+0	1,2386E+0	-1,4410E-6
270,3543E+0	1,4384E-6	3,0000E+0	1,2382E+0	1,2379E+0	-1,4379E-6
270,8670E+0	1,4377E-6	3,0000E+0	1,2370E+0	1,2369E+0	-1,4421E-6
271,3797E+0	1,4373E-6	3,0000E+0	1,2361E+0	1,2357E+0	-1,4336E-6
271,8924E+0	1,4405E-6	3,0000E+0	1,2346E+0	1,2350E+0	-1,4327E-6
272,4051E+0	1,4369E-6	3,0000E+0	1,2349E+0	1,2346E+0	-1,4430E-6
272,9178E+0	1,4361E-6	3,0000E+0	1,2343E+0	1,2334E+0	-1,4356E-6
273,4305E+0	1,4352E-6	3,0000E+0	1,2331E+0	1,2328E+0	-1,4353E-6
273,9431E+0	1,4327E-6	3,0000E+0	1,2319E+0	1,2317E+0	-1,4355E-6
274,4558E+0	1,4326E-6	3,0000E+0	1,2311E+0	1,2309E+0	-1,4278E-6
274,9685E+0	1,4328E-6	3,0000E+0	1,2305E+0	1,2303E+0	-1,4335E-6
275,4812E+0	1,4311E-6	3,0000E+0	1,2295E+0	1,2290E+0	-1,4363E-6
275,9938E+0	1,4324E-6	3,0000E+0	1,2276E+0	1,2282E+0	-1,4280E-6
276,5065E+0	1,4331E-6	3,0000E+0	1,2276E+0	1,2269E+0	-1,4320E-6
277,0192E+0	1,4296E-6	3,0000E+0	1,2265E+0	1,2261E+0	-1,4275E-6
277,5319E+0	1,4295E-6	3,0000E+0	1,2258E+0	1,2258E+0	-1,4255E-6
278,0446E+0	1,4280E-6	3,0000E+0	1,2250E+0	1,2247E+0	-1,4304E-6
278,5573E+0	1,4297E-6	3,0000E+0	1,2235E+0	1,2238E+0	-1,4269E-6
279,0700E+0	1,4301E-6	3,0000E+0	1,2233E+0	1,2231E+0	-1,4298E-6
279,5826E+0	1,4334E-6	3,0000E+0	1,2221E+0	1,2217E+0	-1,4323E-6
280,0953E+0	1,4315E-6	3,0000E+0	1,2217E+0	1,2213E+0	-1,4316E-6
280,6080E+0	1,4326E-6	3,0000E+0	1,2204E+0	1,2206E+0	-1,4312E-6
281,1207E+0	1,4344E-6	3,0000E+0	1,2201E+0	1,2193E+0	-1,4350E-6
281,6333E+0	1,4342E-6	3,0000E+0	1,2191E+0	1,2188E+0	-1,4336E-6
282,1460E+0	1,4331E-6	3,0000E+0	1,2182E+0	1,2180E+0	-1,4376E-6
282,6587E+0	1,4363E-6	3,0000E+0	1,2172E+0	1,2168E+0	-1,4362E-6
283,1714E+0	1,4366E-6	3,0000E+0	1,2165E+0	1,2158E+0	-1,4321E-6
283,6841E+0	1,4384E-6	3,0000E+0	1,2154E+0	1,2152E+0	-1,4362E-6
284,1967E+0	1,4368E-6	3,0000E+0	1,2145E+0	1,2143E+0	-1,4344E-6
284,7094E+0	1,4401E-6	3,0000E+0	1,2139E+0	1,2134E+0	-1,4326E-6
285,2222E+0	1,4399E-6	3,0000E+0	1,2125E+0	1,2125E+0	-1,4390E-6
285,7348E+0	1,4406E-6	3,0000E+0	1,2122E+0	1,2118E+0	-1,4410E-6
286,2476E+0	1,4403E-6	3,0000E+0	1,2116E+0	1,2113E+0	-1,4406E-6
286,7603E+0	1,4363E-6	3,0000E+0	1,2110E+0	1,2099E+0	-1,4418E-6
287,2729E+0	1,4326E-6	3,0000E+0	1,2098E+0	1,2097E+0	-1,4357E-6
287,7856E+0	1,4318E-6	3,0000E+0	1,2086E+0	1,2084E+0	-1,4316E-6
288,2983E+0	1,4298E-6	3,0000E+0	1,2077E+0	1,2074E+0	-1,4340E-6
288,8111E+0	1,4288E-6	3,0000E+0	1,2072E+0	1,2071E+0	-1,4301E-6
289,3237E+0	1,4280E-6	3,0000E+0	1,2064E+0	1,2057E+0	-1,4226E-6
289,8365E+0	1,4250E-6	3,0000E+0	1,2058E+0	1,2054E+0	-1,4316E-6
290,3492E+0	1,4239E-6	3,0000E+0	1,2046E+0	1,2041E+0	-1,4194E-6
290,8618E+0	1,4212E-6	3,0000E+0	1,2040E+0	1,2035E+0	-1,4249E-6
291,3745E+0	1,4181E-6	3,0000E+0	1,2030E+0	1,2024E+0	-1,4223E-6
291,8872E+0	1,4174E-6	3,0000E+0	1,2016E+0	1,2013E+0	-1,4121E-6
292,3999E+0	1,4130E-6	3,0000E+0	1,2013E+0	1,2010E+0	-1,4146E-6
292,9126E+0	1,4098E-6	3,0000E+0	1,2004E+0	1,2001E+0	-1,4148E-6
293,4254E+0	1,4057E-6	3,0000E+0	1,1996E+0	1,1991E+0	-1,4058E-6
293,9380E+0	1,4037E-6	3,0000E+0	1,1987E+0	1,1984E+0	-1,4089E-6
294,4507E+0	1,4038E-6	3,0000E+0	1,1974E+0	1,1974E+0	-1,4026E-6
294,9634E+0	1,4021E-6	3,0000E+0	1,1968E+0	1,1965E+0	-1,3974E-6
295,4762E+0	1,4012E-6	3,0000E+0	1,1959E+0	1,1958E+0	-1,4012E-6
295,9888E+0	1,4012E-6	3,0000E+0	1,1956E+0	1,1952E+0	-1,3968E-6
296,5015E+0	1,4007E-6	3,0000E+0	1,1946E+0	1,1945E+0	-1,3982E-6
297,0143E+0	1,3985E-6	3,0000E+0	1,1936E+0	1,1932E+0	-1,4020E-6
297,5269E+0	1,4000E-6	3,0000E+0	1,1929E+0	1,1925E+0	-1,3976E-6
298,0396E+0	1,4014E-6	3,0000E+0	1,1919E+0	1,1915E+0	-1,3969E-6
298,5523E+0	1,4004E-6	3,0000E+0	1,1912E+0	1,1907E+0	-1,4004E-6
299,0650E+0	1,4004E-6	3,0000E+0	1,1903E+0	1,1901E+0	-1,3980E-6
299,5777E+0	1,4007E-6	3,0000E+0	1,1897E+0	1,1891E+0	-1,4018E-6
300,0904E+0	1,4007E-6	3,0000E+0	1,1889E+0	1,1888E+0	-1,4038E-6
300,6031E+0	1,4039E-6	3,0000E+0	1,1878E+0	1,1872E+0	-1,3975E-6
301,1158E+0	1,4053E-6	3,0000E+0	1,1870E+0	1,1864E+0	-1,4076E-6
301,6285E+0	1,4138E-6	3,0000E+0	1,1858E+0	1,1861E+0	-1,4163E-6
302,1412E+0	1,4219E-6	3,0000E+0	1,1853E+0	1,1852E+0	-1,4216E-6
302,6539E+0	1,4282E-6	3,0000E+0	1,1852E+0	1,1846E+0	-1,4317E-6
303,1666E+0	1,4313E-6	3,0000E+0	1,1837E+0	1,1837E+0	-1,4286E-6
303,6793E+0	1,4358E-6	3,0000E+0	1,1833E+0	1,1831E+0	-1,4357E-6
304,1920E+0	1,4382E-6	3,0000E+0	1,1826E+0	1,1819E+0	-1,4444E-6
304,7047E+0	1,4423E-6	3,0000E+0	1,1813E+0	1,1811E+0	-1,4390E-6
305,2173E+0	1,4461E-6	3,0000E+0	1,1805E+0	1,1802E+0	-1,4435E-6
305,7301E+0	1,4489E-6	3,0000E+0	1,1800E+0	1,1795E+0	-1,4518E-6
306,2427E+0	1,4520E-6	3,0000E+0	1,1793E+0	1,1785E+0	-1,4471E-6
306,7554E+0	1,4514E-6	3,0000E+0	1,1784E+0	1,1780E+0	-1,4532E-6
307,2681E+0	1,4524E-6	3,0000E+0	1,1777E+0	1,1772E+0	-1,4550E-6
307,7808E+0	1,4568E-6	3,0000E+0	1,1767E+0	1,1764E+0	-1,4539E-6
308,2935E+0	1,4581E-6	3,0000E+0	1,1755E+0	1,1753E+0	-1,4579E-6
308,8062E+0	1,4596E-6	3,0000E+0	1,1747E+0	1,1744E+0	-1,4584E-6
309,3189E+0	1,4607E-6	3,0000E+0	1,1742E+0	1,1738E+0	-1,4546E-6
309,8316E+0	1,4593E-6	3,0000E+0	1,1733E+0	1,1730E+0	-1,4597E-6
310,3444E+0	1,4605E-6	3,0000E+0	1,1722E+0	1,1726E+0	-1,4622E-6
310,8571E+0	1,4606E-6	3,0000E+0	1,1717E+0	1,1716E+0	-1,4601E-6
311,3698E+0	1,4620E-6	3,0000E+0	1,1709E+0	1,1708E+0	-1,4647E-6
311,8824E+0	1,4632E-6	3,0000E+0	1,1707E+0	1,1703E+0	-1,4652E-6
312,3951E+0	1,4640E-6	3,0000E+0	1,1692E+0	1,1693E+0	-1,4587E-6
312,9078E+0	1,4583E-6	3,0000E+0	1,1684E+0	1,1686E+0	-1,4652E-6
313,4205E+0	1,4579E-6	3,0000E+0	1,1676E+0	1,1674E+0	-1,4569E-6
313,9332E+0	1,4595E-6	3,0000E+0	1,1667E+0	1,1668E+0	-1,4555E-6
314,4459E+0	1,4584E-6	3,0000E+0	1,1663E+0	1,1664E+0	-1,4635E-6
314,9586E+0	1,4587E-6	3,0000E+0	1,1653E+0	1,1654E+0	-1,4593E-6
315,4713E+0	1,4583E-6	3,0000E+0	1,1647E+0	1,1641E+0	-1,4593E-6
315,9840E+0	1,4584E-6	3,0000E+0	1,1638E+0	1,1635E+0	-1,4610E-6
316,4967E+0	1,4594E-6	3,0000E+0	1,1633E+0	1,1631E+0	-1,4561E-6
317,0094E+0	1,4600E-6	3,0000E+0	1,1626E+0	1,1622E+0	-1,4656E-6
317,5220E+0	1,4634E-6	3,0000E+0	1,1616E+0	1,1610E+0	-1,4632E-6
318,0347E+0	1,4625E-6	3,0000E+0	1,1611E+0	1,1607E+0	-1,4606E-6
318,5475E+0	1,4618E-6	3,0000E+0	1,1601E+0	1,1598E+0	-1,4661E-6
319,0601E+0	1,4628E-6	3,0000E+0	1,1587E+0	1,1585E+0	-1,4638E-6
319,5728E+0	1,4657E-6	3,0000E+0	1,1580E+0	1,1581E+0	-1,4602E-6
320,0855E+0	1,4643E-6	3,0000E+0	1,1576E+0	1,1572E+0	-1,4633E-6
320,5982E+0	1,4621E-6	3,0000E+0	1,1568E+0	1,1567E+0	-1,4602E-6
321,1109E+0	1,4626E-6	3,0000E+0	1,1564E+0	1,1560E+0	-1,4583E-6
321,6236E+0	1,4619E-6	3,0000E+0	1,1556E+0	1,1549E+0	-1,4611E-6
322,1363E+0	1,4617E-6	3,0000E+0	1,1545E+0	1,1542E+0	-1,4636E-6
322,6490E+0	1,4628E-6	3,0000E+0	1,1538E+0	1,1536E+0	-1,4633E-6
323,1617E+0	1,4645E-6	3,0000E+0	1,1524E+0	1,1525E+0	-1,4634E-6
323,6744E+0	1,4637E-6	3,0000E+0	1,1520E+0	1,1520E+0	-1,4652E-6
324,1871E+0	1,4639E-6	3,0000E+0	1,1515E+0	1,1512E+0	-1,4622E-6
324,6997E+0	1,4629E-6	3,0000E+0	1,1506E+0	1,1504E+0	-1,4615E-6
325,2124E+0	1,4631E-6	3,0000E+0	1,1498E+0	1,1493E+0	-1,4575E-6
325,7251E+0	1,4621E-6	3,0000E+0	1,1485E+0	1,1488E+0	-1,4582E-6
326,2378E+0	1,4617E-6	3,0000E+0	1,1483E+0	1,1478E+0	-1,4606E-6
326,7505E+0	1,4637E-6	3,0000E+0	1,1475E+0	1,1469E+0	-1,4574E-6
327,2632E+0	1,4628E-6	3,0000E+0	1,1465E+0	1,1465E+0	-1,4639E-6
327,7758E+0	1,4652E-6	3,0000E+0	1,1460E+0	1,1455E+0	-1,4631E-6
328,2885E+0	1,4648E-6	3,0000E+0	1,1455E+0	1,1452E+0	-1,4648E-6
328,8012E+0	1,4685E-6	3,0000E+0	1,1443E+0	1,1442E+0	-1,4635E-6
329,3139E+0	1,4684E-6	3,0000E+0	1,1440E+0	1,1436E+0	-1,4666E-6
329,8266E+0	1,4698E-6	3,0000E+0	1,1429E+0	1,1428E+0	-1,4677E-6
330,3393E+0	1,4712E-6	3,0000E+0	1,1425E+0	1,1420E+0	-1,4726E-6
330,8520E+0	1,4723E-6	3,0000E+0	1,1419E+0	1,1417E+0	-1,4747E-6
331,3647E+0	1,4740E-6	3,0000E+0	1,1399E+0	1,1405E+0	-1,4685E-6
331,8774E+0	1,4747E-6	3,0000E+0	1,1397E+0	1,1396E+0	-1,4734E-6
332,3900E+0	1,4754E-6	3,0000E+0	1,1395E+0	1,1392E+0	-1,4789E-6
332,9027E+0	1,4747E-6	3,0000E+0	1,1389E+0	1,1384E+0	-1,4741E-6
333,4154E+0	1,4740E-6	3,0000E+0	1,1380E+0	1,1376E+0	-1,4775E-6
333,9282E+0	1,4742E-6	3,0000E+0	1,1371E+0	1,1364E+0	-1,4715E-6
334,4409E+0	1,4754E-6	3,0000E+0	1,1361E+0	1,1360E+0	-1,4688E-6
334,9535E+0	1,4743E-6	3,0000E+0	1,1353E+0	1,1352E+0	-1,4746E-6
335,4662E+0	1,4741E-6	3,0000E+0	1,1349E+0	1,1349E+0	-1,4764E-6
335,9789E+0	1,4755E-6	3,0000E+0	1,1341E+0	1,1334E+0	-1,4685E-6
336,4916E+0	1,4729E-6	3,0000E+0	1,1333E+0	1,1329E+0	-1,4807E-6
337,0043E+0	1,4753E-6	3,0000E+0	1,1327E+0	1,1322E+0	-1,4727E-6
337,5170E+0	1,4743E-6	3,0000E+0	1,1316E+0	1,1316E+0	-1,4750E-6
338,0297E+0	1,4750E-6	3,0000E+0	1,1308E+0	1,1306E+0	-1,4768E-6
338,5424E+0	1,4755E-6	3,0000E+0	1,1306E+0	1,1302E+0	-1,4772E-6
339,0551E+0	1,4775E-6	3,0000E+0	1,1295E+0	1,1294E+0	-1,4751E-6
339,5678E+0	1,4772E-6	3,0000E+0	1,1289E+0	1,1283E+0	-1,4788E-6
340,0805E+0	1,4782E-6	3,0000E+0	1,1282E+0	1,1278E+0	-1,4791E-6
340,5932E+0	1,4779E-6	3,0000E+0	1,1274E+0	1,1269E+0	-1,4781E-6
341,1059E+0	1,4778E-6	3,0000E+0	1,1269E+0	1,1264E+0	-1,4826E-6
341,6187E+0	1,4794E-6	3,0000E+0	1,1262E+0	1,1258E+0	-1,4745E-6
342,1313E+0	1,4802E-6	3,0000E+0	1,1248E+0	1,1249E+0	-1,4754E-6
342,6440E+0	1,4793E-6	3,0000E+0	1,1242E+0	1,1243E+0	-1,4775E-6
343,1567E+0	1,4801E-6	3,0000E+0	1,1231E+0	1,1232E+0	-1,4774E-6
343,6694E+0	1,4793E-6	3,0000E+0	1,1225E+0	1,1226E+0	-1,4797E-6
344,1822E+0	1,4801E-6	3,0000E+0	1,1213E+0	1,1216E+0	-1,4774E-6
344,6949E+0	1,4798E-6	3,0000E+0	1,1215E+0	1,1214E+0	-1,4804E-6
345,2076E+0	1,4812E-6	3,0000E+0	1,1211E+0	1,1208E+0	-1,4803E-6
345,7202E+0	1,4817E-6	3,0000E+0	1,1201E+0	1,1197E+0	-1,4816E-6
346,2330E+0	1,4809E-6	3,0000E+0	1,1196E+0	1,1189E+0	-1,4804E-6
346,7457E+0	1,4812E-6	3,0000E+0	1,1189E+0	1,1184E+0	-1,4785E-6
347,2584E+0	1,4817E-6	3,0000E+0	1,1178E+0	1,1175E+0	-1,4817E-6
347,7711E+0	1,4815E-6	3,0000E+0	1,1172E+0	1,1172E+0	-1,4820E-6
348,2838E+0	1,4827E-6	3,0000E+0	1,1164E+0	1,1160E+0	-1,4799E-6
348,7965E+0	1,4814E-6	3,0000E+0	1,1157E+0	1,1152E+0	-1,4809E-6
349,3091E+0	1,4811E-6	3,0000E+0	1,1149E+0	1,1148E+0	-1,4791E-6
349,8219E+0	1,4804E-6	3,0000E+0	1,1143E+0	1,1143E+0	-1,4839E-6
350,3345E+0	1,4795E-6	3,0000E+0	1,1139E+0	1,1140E+0	-1,4829E-6
350,8473E+0	1,4807E-6	3,0000E+0	1,1127E+0	1,1124E+0	-1,4752E-6
351,3599E+0	1,4788E-6	3,0000E+0	1,1114E+0	1,1118E+0	-1,4789E-6
351,8726E+0	1,4777E-6	3,0000E+0	1,1120E+0	1,1112E+0	-1,4814E-6
352,3853E+0	1,4771E-6	3,0000E+0	1,1107E+0	1,1103E+0	-1,4704E-6
352,8980E+0	1,4744E-6	3,0000E+0	1,1098E+0	1,1093E+0	-1,4741E-6
353,4108E+0	1,4730E-6	3,0000E+0	1,1093E+0	1,1091E+0	-1,4751E-6
353,9234E+0	1,4730E-6	3,0000E+0	1,1085E+0	1,1080E+0	-1,4716E-6
354,4361E+0	1,4717E-6	3,0000E+0	1,1075E+0	1,1078E+0	-1,4744E-6
354,9488E+0	1,4740E-6	3,0000E+0	1,1076E+0	1,1071E+0	-1,4766E-6
355,4615E+0	1,4769E-6	3,0000E+0	1,1062E+0	1,1058E+0	-1,4694E-6
355,9742E+0	1,4759E-6	3,0000E+0	1,1055E+0	1,1050E+0	-1,4779E-6
356,4869E+0	1,4755E-6	3,0000E+0	1,1047E+0	1,1047E+0	-1,4746E-6
356,9996E+0	1,4762E-6	3,0000E+0	1,1044E+0	1,1039E+0	-1,4766E-6
357,5123E+0	1,4761E-6	3,0000E+0	1,1037E+0	1,1032E+0	-1,4797E-6
358,0249E+0	1,4774E-6	3,0000E+0	1,1029E+0	1,1027E+0	-1,4767E-6
358,5377E+0	1,4790E-6	3,0000E+0	1,1022E+0	1,1017E+0	-1,4757E-6
359,0503E+0	1,4785E-6	3,0000E+0	1,1008E+0	1,1009E+0	-1,4830E-6
359,5630E+0	1,4785E-6	3,0000E+0	1,1007E+0	1,1004E+0	-1,4795E-6
360,0757E+0	1,4795E-6	3,0000E+0	1,0998E+0	1,0994E+0	-1,4757E-6
360,5884E+0	1,4781E-6	3,0000E+0	1,0996E+0	1,0993E+0	-1,4817E-6
361,1011E+0	1,4767E-6	3,0000E+0	1,0987E+0	1,0984E+0	-1,4769E-6
361,6138E+0	1,4761E-6	3,0000E+0	1,0976E+0	1,0973E+0	-1,4770E-6
362,1265E+0	1,4777E-6	3,0000E+0	1,0976E+0	1,0969E+0	-1,4809E-6
362,6392E+0	1,4757E-6	3,0000E+0	1,0966E+0	1,0962E+0	-1,4760E-6
363,1519E+0	1,4744E-6	3,0000E+0	1,0958E+0	1,0957E+0	-1,4725E-6
363,6646E+0	1,4715E-6	3,0000E+0	1,0946E+0	1,0948E+0	-1,4755E-6
364,1773E+0	1,4709E-6	3,0000E+0	1,0939E+0	1,0937E+0	-1,4664E-6
364,6900E+0	1,4701E-6	3,0000E+0	1,0936E+0	1,0932E+0	-1,4683E-6
365,2027E+0	1,4679E-6	3,0000E+0	1,0935E+0	1,0929E+0	-1,4712E-6
365,7154E+0	1,4631E-6	3,0000E+0	1,0927E+0	1,0920E+0	-1,4633E-6
366,2281E+0	1,4596E-6	3,0000E+0	1,0911E+0	1,0911E+0	-1,4596E-6
366,7408E+0	1,4564E-6	3,0000E+0	1,0909E+0	1,0905E+0	-1,4568E-6
367,2535E+0	1,4542E-6	3,0000E+0	1,0900E+0	1,0897E+0	-1,4506E-6
367,7662E+0	1,4528E-6	3,0000E+0	1,0887E+0	1,0892E+0	-1,4508E-6
368,2789E+0	1,4517E-6	3,0000E+0	1,0891E+0	1,0886E+0	-1,4503E-6
368,7916E+0	1,4504E-6	3,0000E+0	1,0886E+0	1,0882E+0	-1,4471E-6
369,3042E+0	1,4490E-6	3,0000E+0	1,0876E+0	1,0871E+0	-1,4530E-6
369,8169E+0	1,4491E-6	3,0000E+0	1,0870E+0	1,0868E+0	-1,4540E-6
370,3296E+0	1,4504E-6	3,0000E+0	1,0863E+0	1,0858E+0	-1,4483E-6
370,8423E+0	1,4470E-6	3,0000E+0	1,0849E+0	1,0851E+0	-1,4501E-6
371,3550E+0	1,4466E-6	3,0000E+0	1,0844E+0	1,0842E+0	-1,4451E-6
371,8677E+0	1,4449E-6	3,0000E+0	1,0839E+0	1,0836E+0	-1,4423E-6
372,3804E+0	1,4445E-6	3,0000E+0	1,0828E+0	1,0831E+0	-1,4444E-6
372,8931E+0	1,4435E-6	3,0000E+0	1,0819E+0	1,0822E+0	-1,4401E-6
373,4057E+0	1,4418E-6	3,0000E+0	1,0814E+0	1,0817E+0	-1,4415E-6
373,9184E+0	1,4419E-6	3,0000E+0	1,0810E+0	1,0809E+0	-1,4432E-6
374,4311E+0	1,4428E-6	3,0000E+0	1,0800E+0	1,0802E+0	-1,4381E-6
374,9437E+0	1,4423E-6	3,0000E+0	1,0797E+0	1,0801E+0	-1,4416E-6
375,4564E+0	1,4411E-6	3,0000E+0	1,0792E+0	1,0788E+0	-1,4416E-6
375,9691E+0	1,4412E-6	3,0000E+0	1,0786E+0	1,0782E+0	-1,4404E-6
376,4818E+0	1,4399E-6	3,0000E+0	1,0777E+0	1,0774E+0	-1,4389E-6
376,9945E+0	1,4381E-6	3,0000E+0	1,0771E+0	1,0771E+0	-1,4452E-6
377,5072E+0	1,4401E-6	3,0000E+0	1,0765E+0	1,0763E+0	-1,4357E-6
378,0199E+0	1,4393E-6	3,0000E+0	1,0759E+0	1,0756E+0	-1,4379E-6
378,5326E+0	1,4381E-6	3,0000E+0	1,0751E+0	1,0749E+0	-1,4422E-6
379,0453E+0	1,4399E-6	3,0000E+0	1,0744E+0	1,0741E+0	-1,4349E-6
379,5580E+0	1,4409E-6	3,0000E+0	1,0740E+0	1,0734E+0	-1,4366E-6
380,0707E+0	1,4391E-6	3,0000E+0	1,0731E+0	1,0726E+0	-1,4431E-6
380,5834E+0	1,4389E-6	3,0000E+0	1,0721E+0	1,0721E+0	-1,4355E-6
381,0961E+0	1,4377E-6	3,0000E+0	1,0716E+0	1,0712E+0	-1,4415E-6
381,6088E+0	1,4380E-6	3,0000E+0	1,0712E+0	1,0706E+0	-1,4368E-6
382,1215E+0	1,4365E-6	3,0000E+0	1,0709E+0	1,0705E+0	-1,4368E-6
382,6342E+0	1,4360E-6	3,0000E+0	1,0694E+0	1,0696E+0	-1,4389E-6
383,1469E+0	1,4383E-6	3,0000E+0	1,0688E+0	1,0690E+0	-1,4383E-6
383,6596E+0	1,4385E-6	3,0000E+0	1,0683E+0	1,0682E+0	-1,4360E-6
384,1723E+0	1,4387E-6	3,0000E+0	1,0679E+0	1,0675E+0	-1,4433E-6
384,6850E+0	1,4407E-6	3,0000E+0	1,0670E+0	1,0666E+0	-1,4436E-6
385,1977E+0	1,4409E-6	3,0000E+0	1,0667E+0	1,0665E+0	-1,4420E-6
385,7104E+0	1,4419E-6	3,0000E+0	1,0659E+0	1,0656E+0	-1,4461E-6
386,2231E+0	1,4438E-6	3,0000E+0	1,0646E+0	1,0646E+0	-1,4406E-6
386,7358E+0	1,4452E-6	3,0000E+0	1,0642E+0	1,0641E+0	-1,4382E-6
387,2485E+0	1,4442E-6	3,0000E+0	1,0633E+0	1,0632E+0	-1,4460E-6
387,7612E+0	1,4453E-6	3,0000E+0	1,0627E+0	1,0624E+0	-1,4448E-6
388,2739E+0	1,4452E-6	3,0000E+0	1,0628E+0	1,0627E+0	-1,4448E-6
388,7866E+0	1,4459E-6	3,0000E+0	1,0622E+0	1,0613E+0	-1,4497E-6
389,2993E+0	1,4470E-6	3,0000E+0	1,0610E+0	1,0611E+0	-1,4507E-6
389,8120E+0	1,4520E-6	3,0000E+0	1,0607E+0	1,0602E+0	-1,4494E-6
390,3247E+0	1,4536E-6	3,0000E+0	1,0598E+0	1,0595E+0	-1,4564E-6
390,8373E+0	1,4554E-6	3,0000E+0	1,0593E+0	1,0591E+0	-1,4537E-6
391,3500E+0	1,4562E-6	3,0000E+0	1,0585E+0	1,0583E+0	-1,4568E-6
391,8627E+0	1,4577E-6	3,0000E+0	1,0580E+0	1,0578E+0	-1,4579E-6
392,3755E+0	1,4584E-6	3,0000E+0	1,0574E+0	1,0570E+0	-1,4567E-6
392,8882E+0	1,4591E-6	3,0000E+0	1,0567E+0	1,0563E+0	-1,4587E-6
393,4008E+0	1,4586E-6	3,0000E+0	1,0554E+0	1,0555E+0	-1,4646E-6
393,9136E+0	1,4614E-6	3,0000E+0	1,0556E+0	1,0553E+0	-1,4614E-6
394,4263E+0	1,4623E-6	3,0000E+0	1,0545E+0	1,0544E+0	-1,4643E-6
394,9390E+0	1,4650E-6	3,0000E+0	1,0538E+0	1,0535E+0	-1,4634E-6
395,4517E+0	1,4664E-6	3,0000E+0	1,0528E+0	1,0532E+0	-1,4609E-6
395,9644E+0	1,4699E-6	3,0000E+0	1,0527E+0	1,0521E+0	-1,4657E-6
396,4770E+0	1,4696E-6	3,0000E+0	1,0518E+0	1,0515E+0	-1,4698E-6
396,9897E+0	1,4688E-6	3,0000E+0	1,0514E+0	1,0509E+0	-1,4632E-6
397,5024E+0	1,4649E-6	3,0000E+0	1,0508E+0	1,0502E+0	-1,4672E-6
398,0151E+0	1,4634E-6	3,0000E+0	1,0498E+0	1,0500E+0	-1,4643E-6
398,5278E+0	1,4614E-6	3,0000E+0	1,0496E+0	1,0490E+0	-1,4602E-6
399,0405E+0	1,4618E-6	3,0000E+0	1,0492E+0	1,0484E+0	-1,4611E-6
399,5532E+0	1,4628E-6	3,0000E+0	1,0481E+0	1,0478E+0	-1,4587E-6
400,0659E+0	1,4617E-6	3,0000E+0	1,0478E+0	1,0475E+0	-1,4589E-6
400,5786E+0	1,4617E-6	3,0000E+0	1,0468E+0	1,0468E+0	-1,4639E-6
401,0913E+0	1,4611E-6	3,0000E+0	1,0461E+0	1,0461E+0	-1,4638E-6
401,6040E+0	1,4623E-6	3,0000E+0	1,0460E+0	1,0453E+0	-1,4622E-6
402,1167E+0	1,4620E-6	3,0000E+0	1,0443E+0	1,0445E+0	-1,4652E-6
402,6294E+0	1,4634E-6	3,0000E+0	1,0443E+0	1,0440E+0	-1,4643E-6
403,1421E+0	1,4647E-6	3,0000E+0	1,0439E+0	1,0434E+0	-1,4623E-6
403,6548E+0	1,4635E-6	3,0000E+0	1,0434E+0	1,0427E+0	-1,4686E-6
404,1675E+0	1,4649E-6	3,0000E+0	1,0425E+0	1,0421E+0	-1,4653E-6
404,6802E+0	1,4650E-6	3,0000E+0	1,0418E+0	1,0416E+0	-1,4655E-6
405,1929E+0	1,4636E-6	3,0000E+0	1,0416E+0	1,0407E+0	-1,4718E-6
405,7055E+0	1,4656E-6	3,0000E+0	1,0407E+0	1,0405E+0	-1,4659E-6
406,2182E+0	1,4640E-6	3,0000E+0	1,0398E+0	1,0395E+0	-1,4629E-6
406,7309E+0	1,4644E-6	3,0000E+0	1,0392E+0	1,0390E+0	-1,4643E-6
407,2436E+0	1,4639E-6	3,0000E+0	1,0383E+0	1,0381E+0	-1,4576E-6
407,7563E+0	1,4613E-6	3,0000E+0	1,0378E+0	1,0372E+0	-1,4595E-6
408,2690E+0	1,4586E-6	3,0000E+0	1,0367E+0	1,0365E+0	-1,4587E-6
408,7817E+0	1,4562E-6	3,0000E+0	1,0369E+0	1,0367E+0	-1,4556E-6
409,2943E+0	1,4551E-6	3,0000E+0	1,0362E+0	1,0356E+0	-1,4554E-6
409,8070E+0	1,4523E-6	3,0000E+0	1,0357E+0	1,0355E+0	-1,4548E-6
410,3197E+0	1,4528E-6	3,0000E+0	1,0344E+0	1,0345E+0	-1,4518E-6
410,8324E+0	1,4537E-6	3,0000E+0	1,0342E+0	1,0339E+0	-1,4568E-6
411,3452E+0	1,4555E-6	3,0000E+0	1,0339E+0	1,0334E+0	-1,4585E-6
411,8579E+0	1,4548E-6	3,0000E+0	1,0330E+0	1,0328E+0	-1,4551E-6
412,3706E+0	1,4549E-6	3,0000E+0	1,0321E+0	1,0318E+0	-1,4548E-6
412,8833E+0	1,4584E-6	3,0000E+0	1,0319E+0	1,0316E+0	-1,4571E-6
413,3960E+0	1,4597E-6	3,0000E+0	1,0311E+0	1,0308E+0	-1,4600E-6
413,9087E+0	1,4593E-6	3,0000E+0	1,0304E+0	1,0300E+0	-1,4624E-6
414,4213E+0	1,4549E-6	3,0000E+0	1,0301E+0	1,0295E+0	-1,4508E-6
414,9340E+0	1,4517E-6	3,0000E+0	1,0293E+0	1,0290E+0	-1,4533E-6
415,4467E+0	1,4490E-6	3,0000E+0	1,0286E+0	1,0282E+0	-1,4502E-6
415,9594E+0	1,4463E-6	3,0000E+0	1,0283E+0	1,0280E+0	-1,4478E-6
416,4722E+0	1,4456E-6	3,0000E+0	1,0274E+0	1,0270E+0	-1,4405E-6
416,9848E+0	1,4499E-6	3,0000E+0	1,0260E+0	1,0263E+0	-1,4505E-6
417,4976E+0	1,4538E-6	3,0000E+0	1,0257E+0	1,0254E+0	-1,4478E-6
418,0103E+0	1,4450E-6	3,0000E+0	1,0253E+0	1,0248E+0	-1,4444E-6
418,5229E+0	1,4447E-6	3,0000E+0	1,0247E+0	1,0244E+0	-1,4468E-6
419,0356E+0	1,4457E-6	3,0000E+0	1,0236E+0	1,0238E+0	-1,4449E-6
419,5483E+0	1,4451E-6	3,0000E+0	1,0239E+0	1,0235E+0	-1,4487E-6
420,0611E+0	1,4467E-6	3,0000E+0	1,0229E+0	1,0228E+0	-1,4493E-6
420,5738E+0	1,4519E-6	3,0000E+0	1,0228E+0	1,0222E+0	-1,4465E-6
421,0865E+0	1,4552E-6	3,0000E+0	1,0218E+0	1,0211E+0	-1,4556E-6
421,5991E+0	1,4601E-6	3,0000E+0	1,0216E+0	1,0211E+0	-1,4620E-6
422,1118E+0	1,4597E-6	3,0000E+0	1,0202E+0	1,0204E+0	-1,4568E-6
422,6245E+0	1,4552E-6	3,0000E+0	1,0203E+0	1,0199E+0	-1,4611E-6
423,1372E+0	1,4838E-6	3,0000E+0	1,0195E+0	1,0189E+0	-1,4812E-6
423,6499E+0	1,4527E-6	3,0000E+0	1,0188E+0	1,0184E+0	-1,4535E-6
424,1626E+0	1,4599E-6	3,0000E+0	1,0180E+0	1,0177E+0	-1,4635E-6
424,6753E+0	1,4639E-6	3,0000E+0	1,0177E+0	1,0180E+0	-1,4625E-6
425,1879E+0	1,4685E-6	3,0000E+0	1,0163E+0	1,0164E+0	-1,4672E-6
425,7006E+0	1,4576E-6	3,0000E+0	1,0160E+0	1,0159E+0	-1,4600E-6
426,2133E+0	1,4647E-6	3,0000E+0	1,0156E+0	1,0154E+0	-1,4635E-6
426,7260E+0	1,4707E-6	3,0000E+0	1,0150E+0	1,0148E+0	-1,4664E-6
427,2387E+0	1,4699E-6	3,0000E+0	1,0149E+0	1,0144E+0	-1,4714E-6
427,7514E+0	1,4719E-6	3,0000E+0	1,0145E+0	1,0140E+0	-1,4681E-6
428,2641E+0	1,4650E-6	3,0000E+0	1,0132E+0	1,0133E+0	-1,4680E-6
428,7768E+0	1,4629E-6	3,0000E+0	1,0130E+0	1,0126E+0	-1,4661E-6
429,2895E+0	1,4658E-6	3,0000E+0	1,0120E+0	1,0118E+0	-1,4598E-6
429,8022E+0	1,4623E-6	3,0000E+0	1,0113E+0	1,0111E+0	-1,4611E-6
430,3148E+0	1,4611E-6	3,0000E+0	1,0108E+0	1,0108E+0	-1,4613E-6
430,8275E+0	1,4649E-6	3,0000E+0	1,0102E+0	1,0098E+0	-1,4572E-6
431,3402E+0	1,4614E-6	3,0000E+0	1,0100E+0	1,0098E+0	-1,4647E-6
431,8529E+0	1,4619E-6	3,0000E+0	1,0092E+0	1,0087E+0	-1,4644E-6
432,3657E+0	1,4579E-6	3,0000E+0	1,0086E+0	1,0084E+0	-1,4547E-6
432,8784E+0	1,4579E-6	3,0000E+0	1,0084E+0	1,0078E+0	-1,4603E-6
433,3911E+0	1,4605E-6	3,0000E+0	1,0073E+0	1,0071E+0	-1,4600E-6
433,9038E+0	1,4624E-6	3,0000E+0	1,0059E+0	1,0053E+0	-1,4635E-6
434,4165E+0	1,4615E-6	3,0000E+0	1,0049E+0	1,0043E+0	-1,4620E-6
434,9292E+0	1,4605E-6	3,0000E+0	1,0039E+0	1,0033E+0	-1,4596E-6
435,4419E+0	1,4587E-6	3,0000E+0	1,0021E+0	1,0019E+0	-1,4616E-6
435,9546E+0	1,4619E-6	3,0000E+0	1,0014E+0	1,0008E+0	-1,4599E-6
436,4673E+0	1,4619E-6	3,0000E+0	1,0000E+0	999,5893E-3	-1,4601E-6
436,9800E+0	1,4651E-6	3,0000E+0	998,9395E-3	998,2550E-3	-1,4643E-6
437,4926E+0	1,4602E-6	3,0000E+0	997,6044E-3	997,4210E-3	-1,4608E-6
438,0053E+0	1,4645E-6	3,0000E+0	996,8535E-3	996,3368E-3	-1,4581E-6
438,5180E+0	1,4717E-6	3,0000E+0	995,6019E-3	995,3360E-3	-1,4748E-6
439,0307E+0	1,4698E-6	3,0000E+0	994,2669E-3	993,8349E-3	-1,4717E-6
439,5434E+0	1,4792E-6	3,0000E+0	993,5160E-3	993,0842E-3	-1,4787E-6
440,0562E+0	1,4817E-6	3,0000E+0	992,4313E-3	991,9166E-3	-1,4862E-6
440,5688E+0	1,4839E-6	3,0000E+0	991,4300E-3	991,1661E-3	-1,4887E-6
441,0815E+0	1,4866E-6	3,0000E+0	990,5122E-3	990,0818E-3	-1,4860E-6
441,5942E+0	1,4953E-6	3,0000E+0	989,1772E-3	988,6640E-3	-1,4942E-6
442,1069E+0	1,5059E-6	3,0000E+0	987,8421E-3	987,8301E-3	-1,5004E-6
442,6196E+0	1,5046E-6	3,0000E+0	987,3415E-3	986,9127E-3	-1,4992E-6
443,1323E+0	1,5073E-6	3,0000E+0	986,4238E-3	985,9954E-3	-1,5109E-6
443,6450E+0	1,5044E-6	3,0000E+0	984,7550E-3	984,4941E-3	-1,5012E-6
444,1577E+0	1,5003E-6	3,0000E+0	984,1709E-3	983,8269E-3	-1,5030E-6
444,6704E+0	1,5059E-6	3,0000E+0	982,6690E-3	982,6593E-3	-1,5060E-6
445,1831E+0	1,5074E-6	3,0000E+0	981,5009E-3	981,7420E-3	-1,5019E-6
445,6958E+0	1,5041E-6	3,0000E+0	980,7500E-3	980,5744E-3	-1,5024E-6
446,2085E+0	1,5055E-6	3,0000E+0	979,6653E-3	979,7404E-3	-1,5043E-6
446,7212E+0	1,5122E-6	3,0000E+0	978,9143E-3	978,4060E-3	-1,5072E-6
447,2339E+0	1,5130E-6	3,0000E+0	978,0799E-3	977,9056E-3	-1,5169E-6
447,7466E+0	1,5166E-6	3,0000E+0	977,4124E-3	976,9048E-3	-1,5209E-6
448,2593E+0	1,5146E-6	3,0000E+0	976,1609E-3	975,6538E-3	-1,5127E-6
448,7720E+0	1,5157E-6	3,0000E+0	975,4099E-3	974,5696E-3	-1,5207E-6
449,2847E+0	1,5170E-6	3,0000E+0	973,9081E-3	973,5689E-3	-1,5167E-6
449,7974E+0	1,5140E-6	3,0000E+0	973,3240E-3	972,9851E-3	-1,5091E-6
450,3101E+0	1,5106E-6	3,0000E+0	972,4896E-3	972,0677E-3	-1,5133E-6
450,8228E+0	1,5097E-6	3,0000E+0	971,3215E-3	971,2337E-3	-1,5105E-6
451,3355E+0	1,5089E-6	3,0000E+0	970,4871E-3	970,1496E-3	-1,5096E-6
451,8482E+0	1,5067E-6	3,0000E+0	969,2355E-3	969,0654E-3	-1,5057E-6
452,3609E+0	1,5113E-6	3,0000E+0	967,9840E-3	967,9812E-3	-1,5105E-6
452,8736E+0	1,5144E-6	3,0000E+0	967,4833E-3	967,3139E-3	-1,5106E-6
453,3863E+0	1,5158E-6	3,0000E+0	966,5655E-3	966,1463E-3	-1,5155E-6
453,8990E+0	1,5109E-6	3,0000E+0	965,6477E-3	964,9788E-3	-1,5066E-6
454,4117E+0	1,5123E-6	3,0000E+0	964,9801E-3	964,2282E-3	-1,5081E-6
454,9244E+0	1,5126E-6	3,0000E+0	963,8121E-3	963,7278E-3	-1,5160E-6
455,4371E+0	1,5283E-6	3,0000E+0	963,0612E-3	962,2266E-3	-1,5220E-6
455,9498E+0	1,5346E-6	3,0000E+0	962,4770E-3	962,0599E-3	-1,5406E-6
456,4625E+0	1,5472E-6	3,0000E+0	961,1421E-3	960,6420E-3	-1,5453E-6
456,9752E+0	1,5490E-6	3,0000E+0	960,3911E-3	960,0583E-3	-1,5454E-6
457,4879E+0	1,5523E-6	3,0000E+0	959,3064E-3	958,9741E-3	-1,5554E-6
458,0006E+0	1,5504E-6	3,0000E+0	959,0561E-3	958,3068E-3	-1,5530E-6
458,5133E+0	1,5512E-6	3,0000E+0	957,5542E-3	957,3060E-3	-1,5488E-6
459,0260E+0	1,5575E-6	3,0000E+0	956,6364E-3	956,8057E-3	-1,5640E-6
459,5387E+0	1,5650E-6	3,0000E+0	955,8855E-3	955,5547E-3	-1,5631E-6
460,0514E+0	1,5684E-6	3,0000E+0	955,2180E-3	954,8041E-3	-1,5693E-6
460,5641E+0	1,5703E-6	3,0000E+0	954,5504E-3	953,9701E-3	-1,5710E-6
461,0767E+0	1,5679E-6	3,0000E+0	953,6326E-3	953,2195E-3	-1,5630E-6
461,5894E+0	1,5743E-6	3,0000E+0	952,5480E-3	952,1353E-3	-1,5726E-6
462,1021E+0	1,5684E-6	3,0000E+0	951,4632E-3	951,3014E-3	-1,5689E-6
462,6148E+0	1,5722E-6	3,0000E+0	950,8792E-3	950,5508E-3	-1,5680E-6
463,1275E+0	1,5684E-6	3,0000E+0	950,1283E-3	949,9670E-3	-1,5721E-6
463,6402E+0	1,5685E-6	3,0000E+0	949,4607E-3	949,0496E-3	-1,5721E-6
464,1529E+0	1,5719E-6	3,0000E+0	948,7932E-3	948,4658E-3	-1,5711E-6
464,6656E+0	1,5755E-6	3,0000E+0	947,3747E-3	946,9646E-3	-1,5755E-6
465,1783E+0	1,5866E-6	3,0000E+0	946,6238E-3	946,3808E-3	-1,5844E-6
465,6910E+0	1,5905E-6	3,0000E+0	945,7895E-3	945,5468E-3	-1,5879E-6
466,2037E+0	1,6031E-6	3,0000E+0	944,9551E-3	944,9630E-3	-1,6093E-6
466,7164E+0	1,6055E-6	3,0000E+0	944,2875E-3	944,0457E-3	-1,6025E-6
467,2291E+0	1,6082E-6	3,0000E+0	943,5366E-3	943,2116E-3	-1,6090E-6
467,7419E+0	1,6090E-6	3,0000E+0	942,6188E-3	942,3777E-3	-1,6076E-6
468,2545E+0	1,6069E-6	3,0000E+0	941,4507E-3	941,7105E-3	-1,6006E-6
468,7672E+0	1,6163E-6	3,0000E+0	941,0335E-3	940,9599E-3	-1,6158E-6
469,2799E+0	1,6115E-6	3,0000E+0	940,6998E-3	940,5429E-3	-1,6176E-6
469,7926E+0	1,5923E-6	3,0000E+0	939,1144E-3	939,2919E-3	-1,5902E-6
470,3053E+0	1,6074E-6	3,0000E+0	939,0309E-3	938,3745E-3	-1,6111E-6
470,8180E+0	1,6187E-6	3,0000E+0	937,7794E-3	937,4571E-3	-1,6206E-6
471,3307E+0	1,6166E-6	3,0000E+0	937,2788E-3	937,2904E-3	-1,6166E-6
471,8434E+0	1,5901E-6	3,0000E+0	936,5278E-3	936,1228E-3	-1,5922E-6
472,3561E+0	1,6255E-6	3,0000E+0	935,5266E-3	935,6223E-3	-1,6291E-6
472,8688E+0	1,6308E-6	3,0000E+0	935,0260E-3	934,3713E-3	-1,6303E-6
473,3815E+0	1,6397E-6	3,0000E+0	933,8578E-3	933,8710E-3	-1,6449E-6
473,8943E+0	1,6540E-6	3,0000E+0	933,2737E-3	932,8702E-3	-1,6507E-6
474,4069E+0	1,6523E-6	3,0000E+0	932,3559E-3	932,4532E-3	-1,6542E-6
474,9196E+0	1,6560E-6	3,0000E+0	931,5215E-3	931,2022E-3	-1,6563E-6
475,4323E+0	1,6059E-6	3,0000E+0	931,2712E-3	931,1188E-3	-1,6016E-6
475,9450E+0	1,6532E-6	3,0000E+0	930,4368E-3	930,2848E-3	-1,6495E-6
476,4577E+0	1,6368E-6	3,0000E+0	929,6860E-3	929,2840E-3	-1,6352E-6
476,9704E+0	1,6462E-6	3,0000E+0	928,6847E-3	928,3667E-3	-1,6414E-6
477,4831E+0	1,6509E-6	3,0000E+0	928,1006E-3	928,1164E-3	-1,6540E-6
477,9958E+0	1,6543E-6	3,0000E+0	927,5166E-3	927,2825E-3	-1,6537E-6
478,5085E+0	1,6602E-6	3,0000E+0	926,6821E-3	926,4485E-3	-1,6531E-6
479,0212E+0	1,6505E-6	3,0000E+0	926,0146E-3	925,4477E-3	-1,6508E-6
479,5339E+0	1,6535E-6	3,0000E+0	925,5140E-3	924,9473E-3	-1,6582E-6
480,0466E+0	1,6522E-6	3,0000E+0	924,6797E-3	924,0299E-3	-1,6459E-6
480,5593E+0	1,6497E-6	3,0000E+0	924,1790E-3	923,7797E-3	-1,6540E-6
481,0720E+0	1,6486E-6	3,0000E+0	923,0109E-3	922,9457E-3	-1,6542E-6
481,5847E+0	1,6465E-6	3,0000E+0	922,1765E-3	922,0284E-3	-1,6433E-6
482,0974E+0	1,6380E-6	3,0000E+0	921,2586E-3	921,2778E-3	-1,6421E-6
482,6101E+0	1,6390E-6	3,0000E+0	921,0918E-3	920,6105E-3	-1,6362E-6
483,1228E+0	1,6325E-6	3,0000E+0	920,8415E-3	920,1102E-3	-1,6304E-6
483,6355E+0	1,6289E-6	3,0000E+0	919,5899E-3	919,0260E-3	-1,6334E-6
484,1483E+0	1,6447E-6	3,0000E+0	919,0058E-3	918,7758E-3	-1,6442E-6
484,6609E+0	1,6340E-6	3,0000E+0	918,0046E-3	917,6916E-3	-1,6314E-6
485,1736E+0	1,6408E-6	3,0000E+0	917,5874E-3	917,5248E-3	-1,6476E-6
485,6863E+0	1,6219E-6	3,0000E+0	917,1702E-3	916,5240E-3	-1,6200E-6
486,1990E+0	1,6361E-6	3,0000E+0	915,5015E-3	915,8568E-3	-1,6336E-6
486,7117E+0	1,6078E-6	3,0000E+0	915,9186E-3	915,1896E-3	-1,6070E-6
487,2244E+0	1,6012E-6	3,0000E+0	914,7505E-3	914,2722E-3	-1,5948E-6
487,7371E+0	1,5986E-6	3,0000E+0	913,8327E-3	913,5216E-3	-1,5968E-6
488,2498E+0	1,6200E-6	3,0000E+0	913,4989E-3	912,7710E-3	-1,6208E-6
488,7625E+0	1,6191E-6	3,0000E+0	912,6646E-3	912,5209E-3	-1,6178E-6
489,2751E+0	1,6107E-6	3,0000E+0	911,9136E-3	912,1038E-3	-1,6183E-6
489,7878E+0	1,6101E-6	3,0000E+0	911,4130E-3	911,2699E-3	-1,6143E-6
490,3006E+0	1,6030E-6	3,0000E+0	910,6621E-3	910,3525E-3	-1,6003E-6
490,8133E+0	1,5203E-6	3,0000E+0	909,8277E-3	909,6019E-3	-1,5206E-6
491,3260E+0	1,5427E-6	3,0000E+0	909,3271E-3	909,0181E-3	-1,5434E-6
491,8387E+0	1,5462E-6	3,0000E+0	908,5761E-3	908,6010E-3	-1,5419E-6
492,3513E+0	1,5604E-6	3,0000E+0	907,9920E-3	907,8505E-3	-1,5683E-6
492,8640E+0	1,5698E-6	3,0000E+0	907,5748E-3	906,9331E-3	-1,5663E-6
493,3767E+0	1,5702E-6	3,0000E+0	906,8239E-3	906,6829E-3	-1,5732E-6
493,8894E+0	1,5764E-6	3,0000E+0	905,5723E-3	905,5987E-3	-1,5805E-6
494,4021E+0	1,5749E-6	3,0000E+0	905,3220E-3	904,9315E-3	-1,5721E-6
494,9148E+0	1,5783E-6	3,0000E+0	904,8214E-3	904,5979E-3	-1,5753E-6
495,4275E+0	1,5616E-6	3,0000E+0	904,4042E-3	904,0975E-3	-1,5639E-6
495,9402E+0	1,5630E-6	3,0000E+0	903,5698E-3	903,3470E-3	-1,5590E-6
496,4529E+0	1,5676E-6	3,0000E+0	902,5686E-3	902,5130E-3	-1,5651E-6
496,9656E+0	1,5733E-6	3,0000E+0	902,1514E-3	901,5122E-3	-1,5724E-6
497,4783E+0	1,5769E-6	3,0000E+0	901,7342E-3	901,3454E-3	-1,5708E-6
497,9910E+0	1,5811E-6	3,0000E+0	901,1501E-3	900,8449E-3	-1,5836E-6
498,5037E+0	1,5880E-6	3,0000E+0	900,5660E-3	899,8442E-3	-1,5870E-6
499,0164E+0	1,5873E-6	3,0000E+0	899,4814E-3	899,5106E-3	-1,5810E-6
499,5291E+0	1,5731E-6	3,0000E+0	899,1476E-3	898,9268E-3	-1,5755E-6
500,0418E+0	1,5757E-6	3,0000E+0	898,3132E-3	898,4265E-3	-1,5808E-6
500,5544E+0	1,5850E-6	3,0000E+0	897,7292E-3	897,5090E-3	-1,5807E-6
501,0671E+0	1,5900E-6	3,0000E+0	897,1451E-3	897,2589E-3	-1,5902E-6
501,5798E+0	1,5937E-6	3,0000E+0	896,6445E-3	896,0913E-3	-1,5905E-6
502,0925E+0	1,5886E-6	3,0000E+0	896,3107E-3	895,6742E-3	-1,5831E-6
502,6052E+0	1,5869E-6	3,0000E+0	895,3929E-3	895,0071E-3	-1,5861E-6
503,1179E+0	1,5838E-6	3,0000E+0	895,0592E-3	894,9237E-3	-1,5845E-6
503,6306E+0	1,5819E-6	3,0000E+0	894,3082E-3	894,0063E-3	-1,5818E-6
504,1433E+0	1,5823E-6	3,0000E+0	893,5573E-3	893,7561E-3	-1,5854E-6
504,6560E+0	1,5855E-6	3,0000E+0	893,0566E-3	893,0055E-3	-1,5889E-6
505,1687E+0	1,5869E-6	3,0000E+0	892,2223E-3	892,0881E-3	-1,5842E-6
505,6814E+0	1,5879E-6	3,0000E+0	891,9719E-3	891,9213E-3	-1,5913E-6
506,1941E+0	1,5924E-6	3,0000E+0	891,4713E-3	891,6711E-3	-1,5950E-6
506,7068E+0	1,5947E-6	3,0000E+0	890,6369E-3	890,4201E-3	-1,5910E-6
507,2195E+0	1,5932E-6	3,0000E+0	889,5522E-3	889,6695E-3	-1,5939E-6
507,7322E+0	1,5915E-6	3,0000E+0	889,1351E-3	889,1691E-3	-1,5873E-6
508,2448E+0	1,5846E-6	3,0000E+0	889,2185E-3	888,3352E-3	-1,5855E-6
508,7575E+0	1,5867E-6	3,0000E+0	888,3840E-3	887,6679E-3	-1,5868E-6
509,2702E+0	1,5843E-6	3,0000E+0	887,8000E-3	887,2510E-3	-1,5802E-6
509,7829E+0	1,5799E-6	3,0000E+0	887,4663E-3	887,0007E-3	-1,5771E-6
510,2956E+0	1,5767E-6	3,0000E+0	886,3816E-3	886,0000E-3	-1,5805E-6
510,8083E+0	1,5461E-6	3,0000E+0	886,0479E-3	885,5829E-3	-1,5431E-6
511,3210E+0	1,5515E-6	3,0000E+0	885,2134E-3	884,8324E-3	-1,5467E-6
511,8336E+0	1,5804E-6	3,0000E+0	885,3803E-3	884,6655E-3	-1,5854E-6
512,3463E+0	1,5808E-6	3,0000E+0	883,9619E-3	883,9150E-3	-1,5786E-6
512,8591E+0	1,5841E-6	3,0000E+0	883,5447E-3	882,9976E-3	-1,5814E-6
513,3717E+0	1,5841E-6	3,0000E+0	883,0441E-3	882,8308E-3	-1,5847E-6
513,8845E+0	1,5815E-6	3,0000E+0	882,3766E-3	882,5806E-3	-1,5791E-6
514,3972E+0	1,5852E-6	3,0000E+0	882,2097E-3	881,6632E-3	-1,5835E-6
514,9099E+0	1,5690E-6	3,0000E+0	880,8748E-3	881,4964E-3	-1,5675E-6
515,4225E+0	1,5767E-6	3,0000E+0	881,2919E-3	880,4956E-3	-1,5694E-6
515,9352E+0	1,5765E-6	3,0000E+0	879,7066E-3	879,9953E-3	-1,5778E-6
