Time	Cur1	Volt1	Volt2	Volt3	Cur4
527,0079E-3	99,9293E-3	3,0000E+0	2,8337E+0	2,8336E+0	-99,9305E-3
1,0398E+0	22,0795E-3	3,0000E+0	2,9645E+0	2,9641E+0	-22,0810E-3
1,5525E+0	8,4430E-3	3,0000E+0	2,9864E+0	2,9867E+0	-8,4464E-3
2,1788E+0	2,2123E-3	3,0000E+0	2,9944E+0	2,9941E+0	-2,2120E-3
2,6915E+0	1,9223E-3	3,0000E+0	2,9979E+0	2,9973E+0	-1,9224E-3
3,2042E+0	1,5944E-3	3,0000E+0	2,9982E+0	2,9977E+0	-1,5945E-3
3,7169E+0	1,4066E-3	3,0000E+0	2,9986E+0	2,9982E+0	-1,4072E-3
4,2296E+0	1,2844E-3	3,0000E+0	2,9984E+0	2,9984E+0	-1,2846E-3
4,7423E+0	1,1457E-3	3,0000E+0	2,9982E+0	2,9987E+0	-1,1458E-3
5,2549E+0	1,0695E-3	3,0000E+0	2,9990E+0	2,9986E+0	-1,0700E-3
5,7676E+0	818,4010E-6	3,0000E+0	2,9984E+0	2,9983E+0	-818,6892E-6
6,2803E+0	760,5607E-6	3,0000E+0	2,9994E+0	2,9992E+0	-760,8662E-6
6,7930E+0	1,4752E-3	3,0000E+0	2,9981E+0	2,9978E+0	-1,4753E-3
7,3057E+0	711,5899E-6	3,0000E+0	2,9991E+0	2,9994E+0	-711,7417E-6
7,8184E+0	1,4190E-3	3,0000E+0	2,9983E+0	2,9984E+0	-1,4193E-3
8,3311E+0	698,2228E-6	3,0000E+0	2,9998E+0	2,9994E+0	-698,4206E-6
8,8438E+0	1,1931E-3	3,0000E+0	2,9992E+0	2,9987E+0	-1,1934E-3
9,3565E+0	650,5550E-6	3,0000E+0	2,9993E+0	2,9995E+0	-651,0611E-6
9,8692E+0	1,0393E-3	3,0000E+0	2,9992E+0	2,9990E+0	-1,0395E-3
10,3819E+0	621,9292E-6	3,0000E+0	2,9997E+0	2,9991E+0	-622,1916E-6
10,8946E+0	876,3253E-6	3,0000E+0	2,9992E+0	2,9989E+0	-876,4283E-6
11,4073E+0	450,7624E-6	3,0000E+0	2,9997E+0	2,9991E+0	-451,3277E-6
11,9200E+0	666,1080E-6	3,0000E+0	2,9998E+0	2,9996E+0	-666,3994E-6
12,4327E+0	498,0939E-6	3,0000E+0	2,9994E+0	2,9995E+0	-498,4770E-6
12,9454E+0	677,7938E-6	3,0000E+0	2,9999E+0	2,9995E+0	-678,1236E-6
13,4581E+0	574,2614E-6	3,0000E+0	2,9994E+0	2,9995E+0	-574,5380E-6
13,9708E+0	622,9380E-6	3,0000E+0	2,9997E+0	2,9995E+0	-622,9900E-6
14,4835E+0	570,5202E-6	3,0000E+0	2,9995E+0	2,9996E+0	-570,7139E-6
14,9962E+0	468,6273E-6	3,0000E+0	2,9987E+0	2,9982E+0	-469,3554E-6
15,6225E+0	223,0363E-6	3,0000E+0	2,9998E+0	2,9995E+0	-223,0458E-6
16,1352E+0	466,6383E-6	3,0000E+0	3,0003E+0	3,0002E+0	-466,6488E-6
16,6479E+0	438,2440E-6	3,0000E+0	3,0004E+0	2,9999E+0	-438,2671E-6
17,1606E+0	415,6445E-6	3,0000E+0	3,0004E+0	3,0001E+0	-415,6777E-6
17,6732E+0	449,5437E-6	3,0000E+0	3,0004E+0	2,9999E+0	-449,5450E-6
18,1859E+0	358,4394E-6	3,0000E+0	2,9998E+0	3,0002E+0	-358,4434E-6
18,6986E+0	419,7910E-6	3,0000E+0	2,9999E+0	2,9997E+0	-419,8223E-6
19,2113E+0	321,0751E-6	3,0000E+0	2,9999E+0	3,0000E+0	-321,0831E-6
19,7240E+0	405,6569E-6	3,0000E+0	2,9999E+0	2,9997E+0	-405,6945E-6
20,2367E+0	265,4849E-6	3,0000E+0	3,0004E+0	2,9997E+0	-265,5176E-6
20,7494E+0	385,4629E-6	3,0000E+0	3,0004E+0	3,0000E+0	-385,4969E-6
21,2621E+0	270,1822E-6	3,0000E+0	3,0007E+0	3,0002E+0	-270,2087E-6
21,7748E+0	453,6481E-6	3,0000E+0	2,9987E+0	2,9982E+0	-453,6938E-6
22,2875E+0	263,4705E-6	3,0000E+0	2,9999E+0	3,0000E+0	-263,4915E-6
22,9133E+0	546,2240E-6	3,0000E+0	2,9989E+0	2,9986E+0	-546,5929E-6
23,5396E+0	204,4613E-6	3,0000E+0	2,9996E+0	2,9997E+0	-204,4792E-6
24,1654E+0	292,6686E-6	3,0000E+0	3,0005E+0	2,9999E+0	-293,1966E-6
24,7917E+0	270,0560E-6	3,0000E+0	2,9981E+0	2,9980E+0	-270,2591E-6
25,3044E+0	234,7607E-6	3,0000E+0	3,0007E+0	3,0003E+0	-234,7777E-6
25,9302E+0	562,3234E-6	3,0000E+0	2,9989E+0	2,9988E+0	-562,3514E-6
26,5564E+0	200,9709E-6	3,0000E+0	2,9999E+0	2,9993E+0	-201,0197E-6
27,0691E+0	476,8615E-6	3,0000E+0	3,0005E+0	3,0001E+0	-476,9263E-6
27,5819E+0	350,1465E-6	3,0000E+0	3,0000E+0	2,9997E+0	-350,1584E-6
28,0946E+0	393,3437E-6	3,0000E+0	3,0007E+0	2,9999E+0	-393,3447E-6
28,6073E+0	338,1151E-6	3,0000E+0	3,0008E+0	3,0001E+0	-338,1071E-6
29,1199E+0	352,6824E-6	3,0000E+0	3,0007E+0	3,0006E+0	-352,7478E-6
29,6326E+0	337,1352E-6	3,0000E+0	3,0002E+0	3,0000E+0	-337,1571E-6
30,1453E+0	307,9755E-6	3,0000E+0	3,0005E+0	3,0002E+0	-307,9515E-6
30,6580E+0	346,9673E-6	3,0000E+0	3,0006E+0	3,0002E+0	-346,9848E-6
31,1707E+0	275,6701E-6	3,0000E+0	3,0010E+0	3,0004E+0	-275,7110E-6
31,6834E+0	337,6315E-6	3,0000E+0	3,0005E+0	3,0002E+0	-337,6657E-6
32,1961E+0	248,2388E-6	3,0000E+0	3,0007E+0	3,0004E+0	-248,2624E-6
32,7088E+0	339,1286E-6	3,0000E+0	3,0000E+0	3,0000E+0	-339,1454E-6
33,2215E+0	231,3544E-6	3,0000E+0	3,0008E+0	3,0002E+0	-231,3771E-6
33,7343E+0	333,4766E-6	3,0000E+0	3,0004E+0	3,0000E+0	-333,4791E-6
34,2470E+0	205,6851E-6	3,0000E+0	3,0003E+0	3,0001E+0	-205,7150E-6
34,7597E+0	325,3056E-6	3,0000E+0	2,9989E+0	2,9990E+0	-325,3160E-6
35,2724E+0	193,0985E-6	3,0000E+0	3,0007E+0	3,0003E+0	-193,1341E-6
35,7851E+0	493,0100E-6	3,0000E+0	2,9989E+0	2,9986E+0	-493,0213E-6
36,2978E+0	198,7883E-6	3,0000E+0	3,0006E+0	3,0001E+0	-198,7961E-6
36,9236E+0	507,3416E-6	3,0000E+0	2,9994E+0	2,9990E+0	-507,5959E-6
37,5499E+0	170,2552E-6	3,0000E+0	3,0002E+0	2,9997E+0	-170,2841E-6
38,0626E+0	451,5244E-6	3,0000E+0	3,0008E+0	3,0002E+0	-451,5710E-6
38,5753E+0	327,3032E-6	3,0000E+0	3,0003E+0	2,9999E+0	-327,3210E-6
39,0879E+0	400,8880E-6	3,0000E+0	3,0007E+0	3,0001E+0	-400,9152E-6
39,6007E+0	315,5661E-6	3,0000E+0	3,0005E+0	3,0002E+0	-315,5766E-6
40,1133E+0	326,0248E-6	3,0000E+0	3,0005E+0	3,0002E+0	-326,0264E-6
40,6261E+0	290,1323E-6	3,0000E+0	3,0006E+0	3,0001E+0	-290,1415E-6
41,1388E+0	287,1044E-6	3,0000E+0	3,0010E+0	3,0005E+0	-287,1192E-6
41,6514E+0	313,5433E-6	3,0000E+0	3,0002E+0	2,9999E+0	-313,5421E-6
42,1641E+0	247,8982E-6	3,0000E+0	3,0007E+0	3,0005E+0	-247,9345E-6
42,6768E+0	324,0777E-6	3,0000E+0	2,9999E+0	3,0000E+0	-324,0675E-6
43,1895E+0	228,1668E-6	3,0000E+0	3,0006E+0	3,0004E+0	-228,2287E-6
43,7022E+0	319,0944E-6	3,0000E+0	3,0004E+0	2,9999E+0	-319,0823E-6
44,2149E+0	211,2151E-6	3,0000E+0	3,0005E+0	3,0000E+0	-211,2510E-6
44,7276E+0	313,1228E-6	3,0000E+0	3,0004E+0	2,9999E+0	-313,1596E-6
45,2403E+0	181,9754E-6	3,0000E+0	3,0008E+0	2,9999E+0	-182,0159E-6
45,7530E+0	294,1526E-6	3,0000E+0	2,9987E+0	2,9989E+0	-294,1978E-6
46,2657E+0	175,2469E-6	3,0000E+0	3,0006E+0	3,0003E+0	-175,2525E-6
46,7784E+0	456,4656E-6	3,0000E+0	2,9989E+0	2,9983E+0	-456,4344E-6
47,2911E+0	180,4111E-6	3,0000E+0	3,0005E+0	3,0001E+0	-180,4312E-6
47,9169E+0	504,8615E-6	3,0000E+0	2,9992E+0	2,9990E+0	-505,0746E-6
48,5432E+0	164,2500E-6	3,0000E+0	3,0002E+0	2,9997E+0	-164,2479E-6
49,0559E+0	421,7086E-6	3,0000E+0	3,0004E+0	3,0002E+0	-421,7643E-6
49,5685E+0	286,5662E-6	3,0000E+0	3,0001E+0	2,9998E+0	-286,5685E-6
50,0812E+0	359,7263E-6	3,0000E+0	3,0007E+0	3,0004E+0	-359,8180E-6
50,5939E+0	295,5488E-6	3,0000E+0	3,0003E+0	3,0000E+0	-295,5387E-6
51,1066E+0	324,1534E-6	3,0000E+0	3,0001E+0	3,0005E+0	-324,1642E-6
51,6193E+0	298,7070E-6	3,0000E+0	2,9998E+0	2,9999E+0	-298,7123E-6
52,1320E+0	281,3305E-6	3,0000E+0	3,0008E+0	3,0001E+0	-281,3604E-6
52,6447E+0	301,4110E-6	3,0000E+0	3,0002E+0	3,0000E+0	-301,4403E-6
53,1574E+0	238,3058E-6	3,0000E+0	3,0009E+0	3,0003E+0	-238,3296E-6
53,6701E+0	301,1629E-6	3,0000E+0	2,9999E+0	2,9999E+0	-301,1755E-6
54,1828E+0	209,3858E-6	3,0000E+0	3,0006E+0	3,0002E+0	-209,3972E-6
54,6955E+0	278,0798E-6	3,0000E+0	3,0006E+0	3,0003E+0	-278,1069E-6
55,2082E+0	168,0768E-6	3,0000E+0	3,0009E+0	3,0003E+0	-168,1109E-6
55,7209E+0	289,6865E-6	3,0000E+0	2,9997E+0	3,0000E+0	-289,7253E-6
56,2336E+0	173,6110E-6	3,0000E+0	3,0005E+0	3,0003E+0	-173,6552E-6
56,7463E+0	292,8700E-6	3,0000E+0	2,9996E+0	3,0000E+0	-292,8737E-6
57,2590E+0	175,1250E-6	3,0000E+0	3,0004E+0	3,0002E+0	-175,1433E-6
57,7717E+0	435,3465E-6	3,0000E+0	2,9986E+0	2,9984E+0	-435,3625E-6
58,2844E+0	167,6773E-6	3,0000E+0	3,0003E+0	2,9999E+0	-167,6863E-6
58,9102E+0	506,5429E-6	3,0000E+0	2,9991E+0	2,9986E+0	-506,5454E-6
59,5365E+0	139,6194E-6	3,0000E+0	3,0004E+0	2,9997E+0	-139,6661E-6
60,0491E+0	397,6205E-6	3,0000E+0	3,0003E+0	3,0006E+0	-397,6491E-6
60,5618E+0	275,0730E-6	3,0000E+0	3,0002E+0	3,0002E+0	-275,0552E-6
61,0745E+0	365,5633E-6	3,0000E+0	3,0008E+0	3,0004E+0	-365,5893E-6
61,5872E+0	306,2891E-6	3,0000E+0	3,0002E+0	2,9998E+0	-306,2701E-6
62,0999E+0	314,8007E-6	3,0000E+0	3,0002E+0	3,0004E+0	-314,7989E-6
62,6126E+0	296,2636E-6	3,0000E+0	3,0004E+0	3,0000E+0	-296,2911E-6
63,1253E+0	272,9073E-6	3,0000E+0	3,0006E+0	3,0002E+0	-272,9241E-6
63,6379E+0	266,5194E-6	3,0000E+0	2,9986E+0	2,9986E+0	-266,5558E-6
64,1507E+0	210,0250E-6	3,0000E+0	3,0008E+0	3,0007E+0	-210,0866E-6
64,6633E+0	283,6897E-6	3,0000E+0	3,0004E+0	3,0001E+0	-283,6933E-6
65,1760E+0	201,3704E-6	3,0000E+0	3,0005E+0	3,0003E+0	-201,3896E-6
65,6888E+0	295,5656E-6	3,0000E+0	3,0003E+0	2,9999E+0	-295,5723E-6
66,2014E+0	181,3362E-6	3,0000E+0	3,0004E+0	3,0003E+0	-181,3602E-6
66,7141E+0	279,2195E-6	3,0000E+0	3,0005E+0	2,9998E+0	-279,2209E-6
67,2268E+0	146,8610E-6	3,0000E+0	3,0004E+0	3,0003E+0	-146,9128E-6
67,7396E+0	265,9811E-6	3,0000E+0	3,0006E+0	3,0000E+0	-266,0388E-6
68,2523E+0	153,5979E-6	3,0000E+0	3,0007E+0	3,0003E+0	-153,6216E-6
68,7650E+0	408,6721E-6	3,0000E+0	2,9983E+0	2,9982E+0	-408,7210E-6
69,2776E+0	162,6688E-6	3,0000E+0	3,0006E+0	3,0002E+0	-162,7052E-6
69,9034E+0	480,3971E-6	3,0000E+0	2,9993E+0	2,9988E+0	-480,1972E-6
70,5297E+0	165,8396E-6	3,0000E+0	3,0006E+0	2,9998E+0	-165,8620E-6
71,0424E+0	429,9300E-6	3,0000E+0	3,0007E+0	3,0004E+0	-429,9569E-6
71,5551E+0	263,3107E-6	3,0000E+0	3,0003E+0	3,0000E+0	-263,3192E-6
72,0678E+0	346,4500E-6	3,0000E+0	2,9999E+0	2,9994E+0	-346,4804E-6
72,5805E+0	261,9229E-6	3,0000E+0	3,0004E+0	3,0000E+0	-261,9321E-6
73,0932E+0	308,3834E-6	3,0000E+0	3,0010E+0	3,0005E+0	-308,3971E-6
73,6058E+0	278,0083E-6	3,0000E+0	3,0004E+0	3,0002E+0	-278,0271E-6
74,1186E+0	267,5202E-6	3,0000E+0	3,0006E+0	3,0006E+0	-267,5437E-6
74,6313E+0	281,2380E-6	3,0000E+0	2,9999E+0	3,0001E+0	-281,2764E-6
75,1440E+0	225,3240E-6	3,0000E+0	3,0008E+0	3,0003E+0	-225,3367E-6
75,6567E+0	283,3743E-6	3,0000E+0	2,9999E+0	2,9998E+0	-283,3991E-6
76,1694E+0	193,8975E-6	3,0000E+0	3,0005E+0	3,0001E+0	-193,9621E-6
76,6821E+0	267,6127E-6	3,0000E+0	2,9992E+0	2,9988E+0	-267,5899E-6
77,1948E+0	163,0725E-6	3,0000E+0	3,0003E+0	3,0004E+0	-163,0793E-6
77,7075E+0	272,4405E-6	3,0000E+0	3,0007E+0	3,0001E+0	-272,4491E-6
78,2202E+0	170,4991E-6	3,0000E+0	3,0005E+0	3,0002E+0	-170,5321E-6
78,7329E+0	276,8098E-6	3,0000E+0	3,0005E+0	2,9999E+0	-276,8459E-6
79,2456E+0	161,8151E-6	3,0000E+0	3,0006E+0	3,0002E+0	-161,8435E-6
79,7583E+0	381,5099E-6	3,0000E+0	2,9981E+0	2,9977E+0	-381,5162E-6
80,2710E+0	154,2034E-6	3,0000E+0	3,0007E+0	3,0000E+0	-154,2016E-6
80,8967E+0	477,3286E-6	3,0000E+0	2,9981E+0	2,9977E+0	-477,2976E-6
81,5230E+0	133,0464E-6	3,0000E+0	2,9998E+0	2,9991E+0	-133,0456E-6
82,0357E+0	410,3416E-6	3,0000E+0	3,0010E+0	3,0005E+0	-410,3813E-6
82,5483E+0	280,7082E-6	3,0000E+0	3,0001E+0	3,0002E+0	-280,7341E-6
83,0610E+0	378,5157E-6	3,0000E+0	3,0008E+0	3,0004E+0	-378,5401E-6
83,5737E+0	238,2259E-6	3,0000E+0	3,0004E+0	2,9998E+0	-238,2540E-6
84,1996E+0	1,1266E-3	3,0000E+0	2,9960E+0	2,9956E+0	-1,1278E-3
84,7123E+0	1,6340E-3	3,0000E+0	2,9984E+0	2,9979E+0	-1,6344E-3
85,2250E+0	1,5093E-3	3,0000E+0	2,9976E+0	2,9972E+0	-1,5095E-3
85,8513E+0	169,7842E-6	3,0000E+0	3,0002E+0	2,9999E+0	-169,7923E-6
86,3640E+0	259,0129E-6	3,0000E+0	3,0004E+0	3,0001E+0	-259,0401E-6
86,8766E+0	268,6767E-6	3,0000E+0	3,0000E+0	3,0001E+0	-268,6996E-6
87,3893E+0	257,0195E-6	3,0000E+0	2,9999E+0	2,9999E+0	-257,0308E-6
87,9021E+0	256,8597E-6	3,0000E+0	3,0004E+0	3,0002E+0	-256,8921E-6
88,4147E+0	254,7150E-6	3,0000E+0	3,0002E+0	3,0000E+0	-254,7357E-6
88,9274E+0	291,1710E-6	3,0000E+0	3,0005E+0	2,9998E+0	-291,1755E-6
89,6650E+0	3,5289E-3	3,0000E+0	2,9859E+0	2,9855E+0	-3,5293E-3
90,1777E+0	3,5854E-3	3,0000E+0	2,9946E+0	2,9944E+0	-3,5856E-3
90,6904E+0	3,2081E-3	3,0000E+0	2,9949E+0	2,9950E+0	-3,2083E-3
91,2032E+0	3,5597E-3	3,0000E+0	2,9943E+0	2,9943E+0	-3,5598E-3
91,7158E+0	3,2599E-3	3,0000E+0	2,9954E+0	2,9949E+0	-3,2600E-3
92,2285E+0	3,6893E-3	3,0000E+0	2,9940E+0	2,9943E+0	-3,6897E-3
92,7412E+0	3,2099E-3	3,0000E+0	2,9956E+0	2,9949E+0	-3,2099E-3
93,2539E+0	3,6057E-3	3,0000E+0	2,9949E+0	2,9946E+0	-3,6060E-3
93,7666E+0	3,2011E-3	3,0000E+0	2,9954E+0	2,9950E+0	-3,2012E-3
94,2793E+0	3,5370E-3	3,0000E+0	2,9950E+0	2,9947E+0	-3,5370E-3
94,7920E+0	3,2046E-3	3,0000E+0	2,9954E+0	2,9951E+0	-3,2049E-3
95,3046E+0	3,4272E-3	3,0000E+0	2,9954E+0	2,9948E+0	-3,4270E-3
95,8173E+0	3,2117E-3	3,0000E+0	2,9955E+0	2,9951E+0	-3,2118E-3
96,3300E+0	3,3533E-3	3,0000E+0	2,9952E+0	2,9951E+0	-3,3534E-3
96,8427E+0	3,1952E-3	3,0000E+0	2,9954E+0	2,9952E+0	-3,1953E-3
97,3554E+0	3,3499E-3	3,0000E+0	2,9954E+0	2,9949E+0	-3,3499E-3
97,8681E+0	3,1929E-3	3,0000E+0	2,9955E+0	2,9950E+0	-3,1929E-3
98,3808E+0	3,2529E-3	3,0000E+0	2,9954E+0	2,9951E+0	-3,2528E-3
98,8935E+0	3,1871E-3	3,0000E+0	2,9955E+0	2,9952E+0	-3,1873E-3
99,4062E+0	3,2236E-3	3,0000E+0	2,9947E+0	2,9941E+0	-3,2235E-3
99,9189E+0	3,6489E-3	3,0000E+0	2,9946E+0	2,9943E+0	-3,6491E-3
100,4316E+0	3,2554E-3	3,0000E+0	2,9950E+0	2,9943E+0	-3,2553E-3
100,9443E+0	3,6430E-3	3,0000E+0	2,9951E+0	2,9942E+0	-3,6435E-3
101,4570E+0	3,2637E-3	3,0000E+0	2,9953E+0	2,9950E+0	-3,2639E-3
101,9697E+0	3,5128E-3	3,0000E+0	2,9952E+0	2,9946E+0	-3,5131E-3
102,4824E+0	3,2397E-3	3,0000E+0	2,9954E+0	2,9950E+0	-3,2398E-3
102,9951E+0	3,4526E-3	3,0000E+0	2,9951E+0	2,9946E+0	-3,4527E-3
103,5078E+0	3,2317E-3	3,0000E+0	2,9949E+0	2,9950E+0	-3,2317E-3
104,0205E+0	3,3375E-3	3,0000E+0	2,9953E+0	2,9950E+0	-3,3374E-3
104,5332E+0	3,2898E-3	3,0000E+0	2,9949E+0	2,9949E+0	-3,2900E-3
105,0459E+0	3,2753E-3	3,0000E+0	2,9955E+0	2,9950E+0	-3,2753E-3
105,5586E+0	3,2211E-3	3,0000E+0	2,9954E+0	2,9951E+0	-3,2212E-3
106,0713E+0	3,2431E-3	3,0000E+0	2,9949E+0	2,9946E+0	-3,2432E-3
106,5840E+0	3,2145E-3	3,0000E+0	2,9955E+0	2,9949E+0	-3,2146E-3
107,0967E+0	3,2182E-3	3,0000E+0	2,9949E+0	2,9951E+0	-3,2183E-3
107,6094E+0	3,2040E-3	3,0000E+0	2,9953E+0	2,9952E+0	-3,2041E-3
108,1221E+0	3,1901E-3	3,0000E+0	2,9956E+0	2,9952E+0	-3,1901E-3
108,6348E+0	3,2222E-3	3,0000E+0	2,9954E+0	2,9950E+0	-3,2222E-3
109,1475E+0	3,1708E-3	3,0000E+0	2,9955E+0	2,9952E+0	-3,1708E-3
109,6602E+0	3,1942E-3	3,0000E+0	2,9954E+0	2,9953E+0	-3,1940E-3
110,1729E+0	3,2026E-3	3,0000E+0	2,9955E+0	2,9951E+0	-3,2027E-3
110,6856E+0	3,1889E-3	3,0000E+0	2,9954E+0	2,9952E+0	-3,1888E-3
111,1983E+0	3,2865E-3	3,0000E+0	2,9948E+0	2,9943E+0	-3,2866E-3
111,7110E+0	3,2524E-3	3,0000E+0	2,9951E+0	2,9949E+0	-3,2523E-3
112,2237E+0	3,4527E-3	3,0000E+0	2,9942E+0	2,9945E+0	-3,4527E-3
112,7364E+0	3,1844E-3	3,0000E+0	2,9956E+0	2,9952E+0	-3,1844E-3
113,2491E+0	3,5495E-3	3,0000E+0	2,9944E+0	2,9945E+0	-3,5497E-3
113,7618E+0	3,1693E-3	3,0000E+0	2,9957E+0	2,9953E+0	-3,1695E-3
114,2745E+0	3,6853E-3	3,0000E+0	2,9945E+0	2,9942E+0	-3,6856E-3
114,7872E+0	3,1639E-3	3,0000E+0	2,9959E+0	2,9951E+0	-3,1642E-3
115,2999E+0	3,7168E-3	3,0000E+0	2,9947E+0	2,9943E+0	-3,7170E-3
115,8126E+0	3,1917E-3	3,0000E+0	2,9949E+0	2,9951E+0	-3,1920E-3
116,3253E+0	3,6101E-3	3,0000E+0	2,9949E+0	2,9947E+0	-3,6104E-3
116,8380E+0	3,1569E-3	3,0000E+0	2,9954E+0	2,9951E+0	-3,1569E-3
117,3507E+0	3,5457E-3	3,0000E+0	2,9945E+0	2,9947E+0	-3,5459E-3
117,8634E+0	3,1503E-3	3,0000E+0	2,9954E+0	2,9951E+0	-3,1504E-3
118,3761E+0	3,4248E-3	3,0000E+0	2,9952E+0	2,9947E+0	-3,4246E-3
118,8888E+0	3,1461E-3	3,0000E+0	2,9955E+0	2,9951E+0	-3,1462E-3
119,4015E+0	3,3440E-3	3,0000E+0	2,9954E+0	2,9949E+0	-3,3440E-3
119,9142E+0	3,6326E-3	3,0000E+0	2,9949E+0	2,9944E+0	-3,6329E-3
120,4269E+0	3,3105E-3	3,0000E+0	2,9953E+0	2,9949E+0	-3,3108E-3
120,9396E+0	3,5158E-3	3,0000E+0	2,9950E+0	2,9947E+0	-3,5163E-3
121,4522E+0	3,2931E-3	3,0000E+0	2,9953E+0	2,9948E+0	-3,2937E-3
121,9650E+0	3,4411E-3	3,0000E+0	2,9952E+0	2,9948E+0	-3,4413E-3
122,4777E+0	3,2453E-3	3,0000E+0	2,9951E+0	2,9951E+0	-3,2455E-3
122,9903E+0	3,3962E-3	3,0000E+0	2,9945E+0	2,9938E+0	-3,3965E-3
123,5030E+0	3,2245E-3	3,0000E+0	2,9950E+0	2,9951E+0	-3,2246E-3
124,0157E+0	3,3524E-3	3,0000E+0	2,9953E+0	2,9949E+0	-3,3525E-3
124,5284E+0	3,2726E-3	3,0000E+0	2,9951E+0	2,9947E+0	-3,2726E-3
125,0411E+0	3,2999E-3	3,0000E+0	2,9950E+0	2,9951E+0	-3,3001E-3
125,5538E+0	3,2018E-3	3,0000E+0	2,9954E+0	2,9952E+0	-3,2021E-3
126,0665E+0	3,2730E-3	3,0000E+0	2,9954E+0	2,9948E+0	-3,2731E-3
126,5792E+0	3,1812E-3	3,0000E+0	2,9954E+0	2,9952E+0	-3,1810E-3
127,0919E+0	3,2579E-3	3,0000E+0	2,9954E+0	2,9952E+0	-3,2578E-3
127,6046E+0	3,1730E-3	3,0000E+0	2,9952E+0	2,9949E+0	-3,1728E-3
128,1173E+0	3,2330E-3	3,0000E+0	2,9952E+0	2,9949E+0	-3,2332E-3
128,6300E+0	3,1806E-3	3,0000E+0	2,9955E+0	2,9952E+0	-3,1806E-3
129,1427E+0	3,2199E-3	3,0000E+0	2,9956E+0	2,9953E+0	-3,2202E-3
129,6554E+0	3,1606E-3	3,0000E+0	2,9955E+0	2,9952E+0	-3,1607E-3
130,1681E+0	3,2590E-3	3,0000E+0	2,9954E+0	2,9949E+0	-3,2590E-3
130,6808E+0	3,1501E-3	3,0000E+0	2,9951E+0	2,9953E+0	-3,1502E-3
131,1935E+0	3,2079E-3	3,0000E+0	2,9957E+0	2,9950E+0	-3,2080E-3
131,7062E+0	3,2116E-3	3,0000E+0	2,9956E+0	2,9950E+0	-3,2116E-3
132,2189E+0	3,1956E-3	3,0000E+0	2,9954E+0	2,9950E+0	-3,1957E-3
132,7316E+0	3,1440E-3	3,0000E+0	2,9954E+0	2,9950E+0	-3,1441E-3
133,2443E+0	3,2274E-3	3,0000E+0	2,9954E+0	2,9947E+0	-3,2275E-3
133,7570E+0	3,1384E-3	3,0000E+0	2,9949E+0	2,9944E+0	-3,1386E-3
134,2697E+0	3,3614E-3	3,0000E+0	2,9949E+0	2,9945E+0	-3,3615E-3
134,7824E+0	3,1896E-3	3,0000E+0	2,9944E+0	2,9942E+0	-3,1896E-3
135,2951E+0	3,4727E-3	3,0000E+0	2,9947E+0	2,9945E+0	-3,4727E-3
135,8078E+0	3,2221E-3	3,0000E+0	2,9953E+0	2,9948E+0	-3,2220E-3
136,3205E+0	3,5526E-3	3,0000E+0	2,9945E+0	2,9943E+0	-3,5528E-3
136,8332E+0	3,1986E-3	3,0000E+0	2,9957E+0	2,9949E+0	-3,1986E-3
137,3459E+0	3,7328E-3	3,0000E+0	2,9940E+0	2,9939E+0	-3,7331E-3
137,8586E+0	3,1981E-3	3,0000E+0	2,9954E+0	2,9951E+0	-3,1981E-3
138,3713E+0	3,6252E-3	3,0000E+0	2,9950E+0	2,9947E+0	-3,6253E-3
138,8840E+0	3,3013E-3	3,0000E+0	2,9948E+0	2,9946E+0	-3,3015E-3
139,3967E+0	3,5005E-3	3,0000E+0	2,9947E+0	2,9948E+0	-3,5007E-3
139,9094E+0	3,7020E-3	3,0000E+0	2,9947E+0	2,9943E+0	-3,7022E-3
140,4221E+0	3,4060E-3	3,0000E+0	2,9947E+0	2,9950E+0	-3,4061E-3
140,9348E+0	3,5944E-3	3,0000E+0	2,9947E+0	2,9945E+0	-3,5945E-3
141,4475E+0	3,3473E-3	3,0000E+0	2,9953E+0	2,9950E+0	-3,3474E-3
141,9602E+0	3,4781E-3	3,0000E+0	2,9949E+0	2,9947E+0	-3,4781E-3
142,4729E+0	3,2843E-3	3,0000E+0	2,9948E+0	2,9948E+0	-3,2844E-3
142,9856E+0	3,4311E-3	3,0000E+0	2,9946E+0	2,9948E+0	-3,4312E-3
143,4983E+0	3,2376E-3	3,0000E+0	2,9954E+0	2,9952E+0	-3,2376E-3
144,0110E+0	3,3236E-3	3,0000E+0	2,9948E+0	2,9949E+0	-3,3238E-3
144,5237E+0	3,2383E-3	3,0000E+0	2,9955E+0	2,9952E+0	-3,2383E-3
145,0364E+0	3,2783E-3	3,0000E+0	2,9951E+0	2,9951E+0	-3,2786E-3
145,5491E+0	3,2049E-3	3,0000E+0	2,9944E+0	2,9946E+0	-3,2049E-3
146,0618E+0	3,2434E-3	3,0000E+0	2,9953E+0	2,9950E+0	-3,2435E-3
146,5745E+0	3,2333E-3	3,0000E+0	2,9949E+0	2,9951E+0	-3,2334E-3
147,0872E+0	3,2298E-3	3,0000E+0	2,9954E+0	2,9949E+0	-3,2299E-3
147,5999E+0	3,2274E-3	3,0000E+0	2,9955E+0	2,9949E+0	-3,2274E-3
148,1126E+0	3,1986E-3	3,0000E+0	2,9953E+0	2,9952E+0	-3,1986E-3
148,6253E+0	3,2363E-3	3,0000E+0	2,9952E+0	2,9950E+0	-3,2362E-3
149,1380E+0	3,1857E-3	3,0000E+0	2,9955E+0	2,9949E+0	-3,1861E-3
149,6507E+0	3,2150E-3	3,0000E+0	2,9949E+0	2,9952E+0	-3,2152E-3
150,1634E+0	3,2181E-3	3,0000E+0	2,9949E+0	2,9951E+0	-3,2182E-3
150,6761E+0	3,2051E-3	3,0000E+0	2,9956E+0	2,9951E+0	-3,2052E-3
151,1888E+0	3,1677E-3	3,0000E+0	2,9954E+0	2,9950E+0	-3,1679E-3
151,7014E+0	3,2738E-3	3,0000E+0	2,9951E+0	2,9949E+0	-3,2739E-3
152,2142E+0	3,1560E-3	3,0000E+0	2,9956E+0	2,9953E+0	-3,1559E-3
152,7269E+0	3,2034E-3	3,0000E+0	2,9954E+0	2,9952E+0	-3,2039E-3
153,2396E+0	3,1487E-3	3,0000E+0	2,9949E+0	2,9951E+0	-3,1489E-3
153,7523E+0	3,1982E-3	3,0000E+0	2,9955E+0	2,9953E+0	-3,1983E-3
154,2650E+0	3,1532E-3	3,0000E+0	2,9956E+0	2,9952E+0	-3,1534E-3
154,7777E+0	3,1867E-3	3,0000E+0	2,9951E+0	2,9952E+0	-3,1869E-3
155,2904E+0	3,1363E-3	3,0000E+0	2,9959E+0	2,9952E+0	-3,1364E-3
155,8031E+0	3,2040E-3	3,0000E+0	2,9957E+0	2,9952E+0	-3,2039E-3
156,3158E+0	3,2609E-3	3,0000E+0	2,9946E+0	2,9946E+0	-3,2610E-3
157,0724E+0	-49,2131E-9	3,0000E+0	2,9315E+0	2,9314E+0	46,6416E-9
157,7064E+0	-16,4042E-9	3,0000E+0	2,8793E+0	2,8793E+0	19,0996E-9
158,2191E+0	30,3930E-9	3,0000E+0	2,8236E+0	2,8229E+0	-29,9115E-9
158,8518E+0	73,7336E-9	3,0000E+0	2,7687E+0	2,7679E+0	-76,0365E-9
159,3644E+0	107,8905E-9	3,0000E+0	2,7229E+0	2,7225E+0	-104,4655E-9
159,8771E+0	141,6643E-9	3,0000E+0	2,6764E+0	2,6759E+0	-143,3635E-9
160,3898E+0	173,3087E-9	3,0000E+0	2,6323E+0	2,6324E+0	-175,2079E-9
160,9025E+0	206,5607E-9	3,0000E+0	2,5881E+0	2,5875E+0	-203,7042E-9
161,4152E+0	238,5586E-9	3,0000E+0	2,5437E+0	2,5432E+0	-241,3867E-9
161,9279E+0	270,7627E-9	3,0000E+0	2,5005E+0	2,4999E+0	-270,4424E-9
162,4406E+0	301,8725E-9	3,0000E+0	2,4570E+0	2,4567E+0	-299,9945E-9
162,9533E+0	333,5421E-9	3,0000E+0	2,4135E+0	2,4130E+0	-336,1375E-9
163,4660E+0	366,4406E-9	3,0000E+0	2,3704E+0	2,3706E+0	-364,3057E-9
163,9787E+0	396,4268E-9	3,0000E+0	2,3300E+0	2,3298E+0	-395,3888E-9
164,4914E+0	426,2025E-9	3,0000E+0	2,2872E+0	2,2865E+0	-429,5298E-9
165,0041E+0	458,8527E-9	3,0000E+0	2,2435E+0	2,2428E+0	-455,8725E-9
165,5168E+0	490,3707E-9	3,0000E+0	2,1994E+0	2,1991E+0	-490,4971E-9
166,1495E+0	530,2737E-9	3,0000E+0	2,1472E+0	2,1462E+0	-530,1647E-9
166,6622E+0	561,5013E-9	3,0000E+0	2,1030E+0	2,1030E+0	-558,3876E-9
167,1749E+0	592,5186E-9	3,0000E+0	2,0614E+0	2,0612E+0	-592,6253E-9
167,6876E+0	623,9567E-9	3,0000E+0	2,0170E+0	2,0164E+0	-626,9050E-9
168,2003E+0	653,0801E-9	3,0000E+0	1,9727E+0	1,9725E+0	-652,9407E-9
168,7130E+0	685,8230E-9	3,0000E+0	1,9276E+0	1,9272E+0	-684,1079E-9
169,2257E+0	715,7459E-9	3,0000E+0	1,8850E+0	1,8848E+0	-714,0975E-9
169,7384E+0	748,0679E-9	3,0000E+0	1,8395E+0	1,8387E+0	-747,8724E-9
170,2510E+0	779,2955E-9	3,0000E+0	1,7932E+0	1,7925E+0	-785,3067E-9
170,7637E+0	818,0565E-9	3,0000E+0	1,7412E+0	1,7411E+0	-816,4319E-9
171,2764E+0	843,9815E-9	3,0000E+0	1,7023E+0	1,7016E+0	-847,3468E-9
171,7891E+0	850,9678E-9	3,0000E+0	1,6866E+0	1,6862E+0	-854,2027E-9
172,3018E+0	861,8680E-9	3,0000E+0	1,6700E+0	1,6700E+0	-857,5255E-9
172,8145E+0	874,7883E-9	3,0000E+0	1,6526E+0	1,6528E+0	-874,6022E-9
173,3272E+0	884,2997E-9	3,0000E+0	1,6354E+0	1,6350E+0	-888,3562E-9
173,8399E+0	895,4104E-9	3,0000E+0	1,6180E+0	1,6175E+0	-896,4319E-9
174,3526E+0	903,7013E-9	3,0000E+0	1,6025E+0	1,6021E+0	-903,0355E-9
174,8653E+0	904,8376E-9	3,0000E+0	1,5936E+0	1,5933E+0	-906,9892E-9
175,3780E+0	909,7616E-9	3,0000E+0	1,5844E+0	1,5840E+0	-903,2879E-9
175,8907E+0	911,1926E-9	3,0000E+0	1,5758E+0	1,5751E+0	-915,1070E-9
176,4034E+0	918,4313E-9	3,0000E+0	1,5669E+0	1,5665E+0	-917,3783E-9
176,9161E+0	922,7662E-9	3,0000E+0	1,5575E+0	1,5574E+0	-925,1175E-9
177,4288E+0	927,8165E-9	3,0000E+0	1,5487E+0	1,5482E+0	-928,6927E-9
177,9414E+0	930,7625E-9	3,0000E+0	1,5392E+0	1,5394E+0	-926,3794E-9
178,4541E+0	929,6682E-9	3,0000E+0	1,5329E+0	1,5331E+0	-932,7727E-9
178,9668E+0	934,3397E-9	3,0000E+0	1,5264E+0	1,5264E+0	-933,4876E-9
179,4795E+0	937,6645E-9	3,0000E+0	1,5198E+0	1,5197E+0	-932,9829E-9
179,9922E+0	940,1897E-9	3,0000E+0	1,5131E+0	1,5126E+0	-939,2921E-9
180,5048E+0	940,9472E-9	3,0000E+0	1,5061E+0	1,5062E+0	-944,9282E-9
181,0175E+0	944,4825E-9	3,0000E+0	1,4997E+0	1,4992E+0	-943,6244E-9
181,5302E+0	947,0497E-9	3,0000E+0	1,4924E+0	1,4921E+0	-949,7232E-9
182,0429E+0	950,3323E-9	3,0000E+0	1,4851E+0	1,4849E+0	-947,4518E-9
182,5556E+0	953,9518E-9	3,0000E+0	1,4781E+0	1,4782E+0	-948,7978E-9
183,0683E+0	956,3927E-9	3,0000E+0	1,4718E+0	1,4713E+0	-957,6727E-9
183,5809E+0	958,8759E-9	3,0000E+0	1,4648E+0	1,4641E+0	-957,7988E-9
184,0936E+0	964,9362E-9	3,0000E+0	1,4576E+0	1,4572E+0	-959,9860E-9
184,6063E+0	966,8721E-9	3,0000E+0	1,4507E+0	1,4504E+0	-971,8892E-9
185,1190E+0	971,1649E-9	3,0000E+0	1,4442E+0	1,4434E+0	-968,0617E-9
185,6317E+0	975,1631E-9	3,0000E+0	1,4367E+0	1,4365E+0	-973,3614E-9
186,1443E+0	978,3196E-9	3,0000E+0	1,4291E+0	1,4294E+0	-976,6422E-9
186,6570E+0	980,5501E-9	3,0000E+0	1,4229E+0	1,4223E+0	-976,8945E-9
187,1697E+0	981,7705E-9	3,0000E+0	1,4165E+0	1,4161E+0	-985,5171E-9
187,6824E+0	986,1054E-9	3,0000E+0	1,4095E+0	1,4087E+0	-982,2784E-9
188,1951E+0	984,1694E-9	3,0000E+0	1,4081E+0	1,4083E+0	-978,8293E-9
188,7078E+0	981,2235E-9	3,0000E+0	1,4080E+0	1,4077E+0	-981,7315E-9
189,2205E+0	979,7504E-9	3,0000E+0	1,4065E+0	1,4067E+0	-976,4318E-9
189,7332E+0	977,5620E-9	3,0000E+0	1,4061E+0	1,4056E+0	-973,5717E-9
190,2459E+0	974,1950E-9	3,0000E+0	1,4049E+0	1,4046E+0	-977,6937E-9
190,7585E+0	974,7422E-9	3,0000E+0	1,4038E+0	1,4034E+0	-969,4077E-9
191,2712E+0	971,9645E-9	3,0000E+0	1,4024E+0	1,4022E+0	-969,7021E-9
191,7839E+0	970,7441E-9	3,0000E+0	1,4014E+0	1,4012E+0	-968,6086E-9
192,2966E+0	970,5336E-9	3,0000E+0	1,4006E+0	1,4000E+0	-968,3981E-9
192,8092E+0	970,1129E-9	3,0000E+0	1,3986E+0	1,3988E+0	-973,1931E-9
193,3219E+0	972,8905E-9	3,0000E+0	1,3979E+0	1,3971E+0	-971,3004E-9
193,8346E+0	973,9006E-9	3,0000E+0	1,3964E+0	1,3961E+0	-970,8798E-9
194,3473E+0	973,3534E-9	3,0000E+0	1,3954E+0	1,3949E+0	-979,3340E-9
194,8600E+0	974,4056E-9	3,0000E+0	1,3938E+0	1,3935E+0	-976,1794E-9
195,3727E+0	974,9947E-9	3,0000E+0	1,3918E+0	1,3919E+0	-975,9692E-9
195,8854E+0	974,4056E-9	3,0000E+0	1,3909E+0	1,3906E+0	-981,3530E-9
196,3981E+0	976,0890E-9	3,0000E+0	1,3893E+0	1,3890E+0	-975,0019E-9
196,9108E+0	975,3314E-9	3,0000E+0	1,3875E+0	1,3874E+0	-976,4740E-9
197,4235E+0	976,1732E-9	3,0000E+0	1,3859E+0	1,3858E+0	-976,7263E-9
197,9362E+0	978,0249E-9	3,0000E+0	1,3841E+0	1,3842E+0	-973,5717E-9
198,4488E+0	976,0469E-9	3,0000E+0	1,3833E+0	1,3827E+0	-980,1332E-9
198,9615E+0	976,3415E-9	3,0000E+0	1,3817E+0	1,3813E+0	-980,5118E-9
199,4742E+0	977,4778E-9	3,0000E+0	1,3803E+0	1,3796E+0	-973,3194E-9
199,9869E+0	977,5199E-9	3,0000E+0	1,3782E+0	1,3778E+0	-976,1794E-9
200,4996E+0	977,6883E-9	3,0000E+0	1,3771E+0	1,3766E+0	-977,8199E-9
201,0123E+0	978,5721E-9	3,0000E+0	1,3752E+0	1,3747E+0	-975,6327E-9
201,5250E+0	979,1192E-9	3,0000E+0	1,3740E+0	1,3734E+0	-982,0681E-9
202,0377E+0	979,1612E-9	3,0000E+0	1,3718E+0	1,3714E+0	-977,0628E-9
202,5504E+0	978,4037E-9	3,0000E+0	1,3703E+0	1,3697E+0	-974,7495E-9
203,0631E+0	976,4677E-9	3,0000E+0	1,3689E+0	1,3687E+0	-980,2174E-9
203,5758E+0	975,3314E-9	3,0000E+0	1,3672E+0	1,3668E+0	-974,7914E-9
204,0885E+0	975,7522E-9	3,0000E+0	1,3646E+0	1,3649E+0	-973,7820E-9
204,6012E+0	976,9307E-9	3,0000E+0	1,3636E+0	1,3632E+0	-977,3993E-9
205,1139E+0	977,6040E-9	3,0000E+0	1,3620E+0	1,3614E+0	-972,5622E-9
205,6266E+0	977,2252E-9	3,0000E+0	1,3606E+0	1,3600E+0	-978,1984E-9
206,1393E+0	975,8365E-9	3,0000E+0	1,3589E+0	1,3583E+0	-981,4792E-9
206,6519E+0	979,3296E-9	3,0000E+0	1,3569E+0	1,3562E+0	-972,1838E-9
207,1647E+0	979,2875E-9	3,0000E+0	1,3544E+0	1,3546E+0	-979,3340E-9
207,6773E+0	979,2875E-9	3,0000E+0	1,3535E+0	1,3533E+0	-977,6937E-9
208,1900E+0	979,5400E-9	3,0000E+0	1,3518E+0	1,3514E+0	-977,1469E-9
208,7027E+0	979,5821E-9	3,0000E+0	1,3505E+0	1,3497E+0	-985,1806E-9
209,2154E+0	980,6764E-9	3,0000E+0	1,3486E+0	1,3480E+0	-978,1984E-9
209,7281E+0	981,0130E-9	3,0000E+0	1,3461E+0	1,3459E+0	-976,6001E-9
210,2408E+0	978,4878E-9	3,0000E+0	1,3442E+0	1,3441E+0	-979,2079E-9
210,7535E+0	979,2875E-9	3,0000E+0	1,3430E+0	1,3426E+0	-978,3666E-9
211,2662E+0	979,6662E-9	3,0000E+0	1,3410E+0	1,3406E+0	-978,2825E-9
211,7789E+0	978,1933E-9	3,0000E+0	1,3392E+0	1,3391E+0	-983,0775E-9
212,2916E+0	978,5299E-9	3,0000E+0	1,3383E+0	1,3380E+0	-976,3477E-9
212,8043E+0	977,1411E-9	3,0000E+0	1,3375E+0	1,3369E+0	-976,7683E-9
213,3170E+0	976,5940E-9	3,0000E+0	1,3364E+0	1,3367E+0	-973,4875E-9
213,8297E+0	976,2994E-9	3,0000E+0	1,3359E+0	1,3357E+0	-970,4171E-9
214,3424E+0	973,3113E-9	3,0000E+0	1,3352E+0	1,3347E+0	-973,8661E-9
214,8551E+0	972,2592E-9	3,0000E+0	1,3350E+0	1,3345E+0	-973,2353E-9
215,3678E+0	971,0808E-9	3,0000E+0	1,3334E+0	1,3334E+0	-972,4781E-9
215,8805E+0	971,6700E-9	3,0000E+0	1,3325E+0	1,3328E+0	-973,3614E-9
216,3932E+0	970,0286E-9	3,0000E+0	1,3321E+0	1,3319E+0	-969,6601E-9
216,9059E+0	969,3973E-9	3,0000E+0	1,3314E+0	1,3310E+0	-968,0617E-9
217,4186E+0	967,3352E-9	3,0000E+0	1,3302E+0	1,3302E+0	-974,8755E-9
217,9313E+0	967,0827E-9	3,0000E+0	1,3297E+0	1,3292E+0	-967,1784E-9
218,4440E+0	965,2308E-9	3,0000E+0	1,3289E+0	1,3285E+0	-968,1879E-9
218,9567E+0	962,9161E-9	3,0000E+0	1,3281E+0	1,3275E+0	-967,6831E-9
219,4694E+0	962,9581E-9	3,0000E+0	1,3273E+0	1,3269E+0	-962,3835E-9
219,9821E+0	962,5373E-9	3,0000E+0	1,3263E+0	1,3260E+0	-966,0007E-9
220,4948E+0	962,4111E-9	3,0000E+0	1,3254E+0	1,3253E+0	-965,0333E-9
221,0075E+0	962,2848E-9	3,0000E+0	1,3243E+0	1,3240E+0	-956,0744E-9
221,5202E+0	960,3068E-9	3,0000E+0	1,3236E+0	1,3233E+0	-965,8746E-9
222,0329E+0	961,3168E-9	3,0000E+0	1,3231E+0	1,3226E+0	-959,8177E-9
222,5456E+0	961,1484E-9	3,0000E+0	1,3222E+0	1,3219E+0	-957,9670E-9
223,0583E+0	959,3388E-9	3,0000E+0	1,3210E+0	1,3208E+0	-965,1595E-9
223,5710E+0	962,2848E-9	3,0000E+0	1,3204E+0	1,3200E+0	-958,8083E-9
224,0837E+0	962,4531E-9	3,0000E+0	1,3196E+0	1,3189E+0	-962,5518E-9
224,5964E+0	961,5694E-9	3,0000E+0	1,3186E+0	1,3184E+0	-963,8977E-9
225,1091E+0	961,4431E-9	3,0000E+0	1,3175E+0	1,3172E+0	-956,5790E-9
225,6218E+0	959,5913E-9	3,0000E+0	1,3167E+0	1,3166E+0	-962,9723E-9
226,1345E+0	959,3809E-9	3,0000E+0	1,3154E+0	1,3153E+0	-962,6779E-9
226,6472E+0	960,1384E-9	3,0000E+0	1,3149E+0	1,3146E+0	-959,9440E-9
227,1599E+0	958,1182E-9	3,0000E+0	1,3138E+0	1,3136E+0	-960,0280E-9
227,6726E+0	957,9500E-9	3,0000E+0	1,3130E+0	1,3127E+0	-956,0323E-9
228,1853E+0	956,2244E-9	3,0000E+0	1,3122E+0	1,3118E+0	-950,9851E-9
228,6980E+0	953,7414E-9	3,0000E+0	1,3115E+0	1,3109E+0	-957,2941E-9
229,2106E+0	952,8997E-9	3,0000E+0	1,3103E+0	1,3103E+0	-956,4949E-9
229,7233E+0	954,4148E-9	3,0000E+0	1,3097E+0	1,3093E+0	-947,4940E-9
230,2360E+0	952,7313E-9	3,0000E+0	1,3086E+0	1,3082E+0	-954,7705E-9
230,7487E+0	951,6792E-9	3,0000E+0	1,3077E+0	1,3073E+0	-949,0502E-9
231,2615E+0	951,9738E-9	3,0000E+0	1,3070E+0	1,3063E+0	-950,1017E-9
231,7742E+0	952,6050E-9	3,0000E+0	1,3059E+0	1,3055E+0	-952,7095E-9
232,2869E+0	953,7414E-9	3,0000E+0	1,3052E+0	1,3048E+0	-951,9945E-9
232,7996E+0	952,9838E-9	3,0000E+0	1,3033E+0	1,3037E+0	-952,3309E-9
233,3123E+0	953,8677E-9	3,0000E+0	1,3032E+0	1,3026E+0	-954,2657E-9
233,8250E+0	955,1724E-9	3,0000E+0	1,3025E+0	1,3022E+0	-954,0975E-9
234,3377E+0	955,1724E-9	3,0000E+0	1,3016E+0	1,3013E+0	-956,6212E-9
234,8504E+0	951,8475E-9	3,0000E+0	1,3006E+0	1,3002E+0	-956,3688E-9
235,3631E+0	954,7093E-9	3,0000E+0	1,2998E+0	1,2993E+0	-953,6349E-9
235,8758E+0	953,6151E-9	3,0000E+0	1,2986E+0	1,2985E+0	-956,3688E-9
236,3885E+0	954,5411E-9	3,0000E+0	1,2971E+0	1,2974E+0	-956,1585E-9
236,9012E+0	955,6352E-9	3,0000E+0	1,2971E+0	1,2966E+0	-952,2468E-9
237,4139E+0	956,0982E-9	3,0000E+0	1,2960E+0	1,2955E+0	-954,8125E-9
237,9266E+0	956,6874E-9	3,0000E+0	1,2952E+0	1,2949E+0	-955,3172E-9
238,4393E+0	956,2665E-9	3,0000E+0	1,2945E+0	1,2938E+0	-951,1533E-9
238,9520E+0	954,0780E-9	3,0000E+0	1,2936E+0	1,2932E+0	-958,4297E-9
239,4647E+0	954,1202E-9	3,0000E+0	1,2925E+0	1,2920E+0	-957,2941E-9
239,9774E+0	955,1302E-9	3,0000E+0	1,2918E+0	1,2912E+0	-954,8966E-9
240,4901E+0	953,1100E-9	3,0000E+0	1,2904E+0	1,2901E+0	-957,9670E-9
241,0028E+0	949,8694E-9	3,0000E+0	1,2898E+0	1,2895E+0	-953,4666E-9
241,5155E+0	948,6490E-9	3,0000E+0	1,2888E+0	1,2887E+0	-949,3447E-9
242,0282E+0	948,9856E-9	3,0000E+0	1,2884E+0	1,2877E+0	-950,8168E-9
242,5409E+0	950,2061E-9	3,0000E+0	1,2871E+0	1,2868E+0	-946,9051E-9
243,0536E+0	949,0698E-9	3,0000E+0	1,2859E+0	1,2858E+0	-946,5266E-9
243,5663E+0	948,5648E-9	3,0000E+0	1,2848E+0	1,2850E+0	-948,2931E-9
244,0789E+0	948,3965E-9	3,0000E+0	1,2844E+0	1,2838E+0	-944,3814E-9
244,5917E+0	947,8493E-9	3,0000E+0	1,2831E+0	1,2830E+0	-944,2552E-9
245,1043E+0	946,4605E-9	3,0000E+0	1,2820E+0	1,2820E+0	-948,4613E-9
245,6171E+0	946,5446E-9	3,0000E+0	1,2818E+0	1,2815E+0	-947,4098E-9
246,1297E+0	946,7130E-9	3,0000E+0	1,2808E+0	1,2804E+0	-947,2836E-9
246,6425E+0	947,5968E-9	3,0000E+0	1,2799E+0	1,2796E+0	-948,0407E-9
247,1552E+0	947,8493E-9	3,0000E+0	1,2784E+0	1,2785E+0	-942,9934E-9
247,6678E+0	946,0396E-9	3,0000E+0	1,2778E+0	1,2771E+0	-946,4425E-9
248,1805E+0	945,7871E-9	3,0000E+0	1,2774E+0	1,2767E+0	-949,7232E-9
248,6932E+0	947,5548E-9	3,0000E+0	1,2754E+0	1,2758E+0	-941,1848E-9
249,2059E+0	947,0918E-9	3,0000E+0	1,2749E+0	1,2747E+0	-944,8441E-9
249,7186E+0	946,6709E-9	3,0000E+0	1,2743E+0	1,2741E+0	-948,3772E-9
250,2313E+0	946,0817E-9	3,0000E+0	1,2736E+0	1,2730E+0	-944,9703E-9
250,7440E+0	945,8292E-9	3,0000E+0	1,2722E+0	1,2718E+0	-949,2605E-9
251,2567E+0	946,2921E-9	3,0000E+0	1,2719E+0	1,2714E+0	-948,1249E-9
251,7694E+0	946,3763E-9	3,0000E+0	1,2704E+0	1,2704E+0	-940,7221E-9
252,2821E+0	945,4504E-9	3,0000E+0	1,2699E+0	1,2693E+0	-948,4193E-9
252,7948E+0	945,9976E-9	3,0000E+0	1,2689E+0	1,2685E+0	-946,4003E-9
253,3075E+0	946,5446E-9	3,0000E+0	1,2669E+0	1,2672E+0	-940,5539E-9
253,8202E+0	945,4924E-9	3,0000E+0	1,2665E+0	1,2662E+0	-947,6622E-9
254,3329E+0	945,2399E-9	3,0000E+0	1,2658E+0	1,2655E+0	-946,3583E-9
254,8456E+0	944,3563E-9	3,0000E+0	1,2642E+0	1,2644E+0	-943,4982E-9
255,3583E+0	945,0716E-9	3,0000E+0	1,2634E+0	1,2635E+0	-945,9377E-9
255,8710E+0	945,9134E-9	3,0000E+0	1,2633E+0	1,2631E+0	-946,6107E-9
256,3838E+0	946,2921E-9	3,0000E+0	1,2621E+0	1,2620E+0	-945,6012E-9
256,8965E+0	946,2501E-9	3,0000E+0	1,2614E+0	1,2608E+0	-948,6296E-9
257,4091E+0	947,1338E-9	3,0000E+0	1,2603E+0	1,2600E+0	-942,3625E-9
257,9218E+0	945,9134E-9	3,0000E+0	1,2594E+0	1,2590E+0	-947,2836E-9
258,4345E+0	945,7451E-9	3,0000E+0	1,2583E+0	1,2580E+0	-948,5034E-9
258,9472E+0	947,7652E-9	3,0000E+0	1,2578E+0	1,2574E+0	-942,2784E-9
259,4599E+0	947,0497E-9	3,0000E+0	1,2568E+0	1,2565E+0	-947,7884E-9
259,9726E+0	946,5867E-9	3,0000E+0	1,2558E+0	1,2555E+0	-950,6905E-9
260,4853E+0	948,5227E-9	3,0000E+0	1,2551E+0	1,2550E+0	-944,6759E-9
260,9980E+0	947,3864E-9	3,0000E+0	1,2543E+0	1,2539E+0	-950,6485E-9
261,5107E+0	948,5648E-9	3,0000E+0	1,2529E+0	1,2527E+0	-946,4845E-9
262,0234E+0	949,2803E-9	3,0000E+0	1,2525E+0	1,2520E+0	-947,1574E-9
262,5361E+0	949,6169E-9	3,0000E+0	1,2510E+0	1,2510E+0	-948,7978E-9
263,0487E+0	949,7853E-9	3,0000E+0	1,2504E+0	1,2498E+0	-947,9566E-9
263,5614E+0	949,3644E-9	3,0000E+0	1,2495E+0	1,2495E+0	-948,9661E-9
264,0742E+0	949,5748E-9	3,0000E+0	1,2484E+0	1,2485E+0	-953,1302E-9
264,5869E+0	951,0899E-9	3,0000E+0	1,2478E+0	1,2475E+0	-946,8630E-9
265,0995E+0	951,0899E-9	3,0000E+0	1,2468E+0	1,2462E+0	-948,7137E-9
265,6123E+0	950,2061E-9	3,0000E+0	1,2457E+0	1,2454E+0	-950,1438E-9
266,1250E+0	951,4687E-9	3,0000E+0	1,2446E+0	1,2445E+0	-947,7884E-9
266,6376E+0	952,1000E-9	3,0000E+0	1,2439E+0	1,2439E+0	-948,2931E-9
267,1503E+0	950,2061E-9	3,0000E+0	1,2437E+0	1,2434E+0	-955,5275E-9
267,6630E+0	952,0158E-9	3,0000E+0	1,2423E+0	1,2424E+0	-951,3215E-9
268,1757E+0	951,6370E-9	3,0000E+0	1,2415E+0	1,2409E+0	-950,6064E-9
268,6884E+0	952,1842E-9	3,0000E+0	1,2406E+0	1,2401E+0	-951,2374E-9
269,2011E+0	953,3205E-9	3,0000E+0	1,2391E+0	1,2391E+0	-947,8305E-9
269,7137E+0	951,4266E-9	3,0000E+0	1,2392E+0	1,2387E+0	-953,8031E-9
270,2264E+0	950,7111E-9	3,0000E+0	1,2379E+0	1,2373E+0	-949,5969E-9
270,7391E+0	951,0058E-9	3,0000E+0	1,2373E+0	1,2368E+0	-946,4425E-9
271,2518E+0	949,7431E-9	3,0000E+0	1,2365E+0	1,2359E+0	-955,0229E-9
271,7645E+0	949,2803E-9	3,0000E+0	1,2357E+0	1,2349E+0	-953,1302E-9
272,2772E+0	949,8694E-9	3,0000E+0	1,2346E+0	1,2341E+0	-948,7558E-9
272,7899E+0	948,7331E-9	3,0000E+0	1,2335E+0	1,2334E+0	-954,8546E-9
273,3026E+0	950,2903E-9	3,0000E+0	1,2327E+0	1,2325E+0	-951,4898E-9
273,8153E+0	951,2162E-9	3,0000E+0	1,2314E+0	1,2312E+0	-948,6296E-9
274,3279E+0	951,8475E-9	3,0000E+0	1,2311E+0	1,2305E+0	-951,1112E-9
274,8406E+0	951,0899E-9	3,0000E+0	1,2302E+0	1,2300E+0	-951,8263E-9
275,3533E+0	952,0580E-9	3,0000E+0	1,2287E+0	1,2285E+0	-948,4193E-9
275,8660E+0	951,3003E-9	3,0000E+0	1,2285E+0	1,2281E+0	-954,2657E-9
276,3787E+0	952,8155E-9	3,0000E+0	1,2273E+0	1,2272E+0	-947,1154E-9
276,8914E+0	951,1320E-9	3,0000E+0	1,2266E+0	1,2262E+0	-955,2751E-9
277,4041E+0	951,3003E-9	3,0000E+0	1,2256E+0	1,2248E+0	-953,4666E-9
277,9167E+0	953,7835E-9	3,0000E+0	1,2242E+0	1,2243E+0	-947,7042E-9
278,4294E+0	953,1942E-9	3,0000E+0	1,2236E+0	1,2235E+0	-954,4760E-9
278,9422E+0	952,6892E-9	3,0000E+0	1,2231E+0	1,2226E+0	-953,0039E-9
279,4548E+0	954,6673E-9	3,0000E+0	1,2222E+0	1,2218E+0	-949,9756E-9
279,9676E+0	953,1942E-9	3,0000E+0	1,2205E+0	1,2205E+0	-955,7799E-9
280,4803E+0	954,6252E-9	3,0000E+0	1,2206E+0	1,2200E+0	-950,0597E-9
280,9930E+0	953,6151E-9	3,0000E+0	1,2188E+0	1,2189E+0	-949,5129E-9
281,5056E+0	952,4367E-9	3,0000E+0	1,2180E+0	1,2186E+0	-956,2426E-9
282,0184E+0	952,8575E-9	3,0000E+0	1,2183E+0	1,2176E+0	-952,5413E-9
282,5310E+0	953,2363E-9	3,0000E+0	1,2170E+0	1,2168E+0	-953,0880E-9
283,0437E+0	951,8054E-9	3,0000E+0	1,2163E+0	1,2159E+0	-956,9997E-9
283,5564E+0	954,2885E-9	3,0000E+0	1,2152E+0	1,2148E+0	-947,5360E-9
284,0691E+0	952,9838E-9	3,0000E+0	1,2144E+0	1,2140E+0	-953,0039E-9
284,5818E+0	952,6472E-9	3,0000E+0	1,2130E+0	1,2131E+0	-953,5928E-9
285,0945E+0	954,2043E-9	3,0000E+0	1,2125E+0	1,2124E+0	-949,1764E-9
285,6072E+0	952,7733E-9	3,0000E+0	1,2116E+0	1,2114E+0	-953,5087E-9
286,1199E+0	954,5830E-9	3,0000E+0	1,2104E+0	1,2104E+0	-951,1953E-9
286,6326E+0	954,6673E-9	3,0000E+0	1,2099E+0	1,2097E+0	-951,2794E-9
287,1453E+0	954,2885E-9	3,0000E+0	1,2086E+0	1,2088E+0	-956,6631E-9
287,6580E+0	955,8877E-9	3,0000E+0	1,2082E+0	1,2080E+0	-952,0365E-9
288,1707E+0	956,5611E-9	3,0000E+0	1,2076E+0	1,2073E+0	-954,8966E-9
288,6834E+0	954,6252E-9	3,0000E+0	1,2068E+0	1,2065E+0	-959,5653E-9
289,1961E+0	956,2244E-9	3,0000E+0	1,2063E+0	1,2057E+0	-954,6864E-9
289,7088E+0	955,2986E-9	3,0000E+0	1,2047E+0	1,2047E+0	-957,8409E-9
290,2214E+0	955,4669E-9	3,0000E+0	1,2039E+0	1,2035E+0	-955,4013E-9
290,7341E+0	957,3607E-9	3,0000E+0	1,2031E+0	1,2030E+0	-954,4760E-9
291,2469E+0	957,3607E-9	3,0000E+0	1,2019E+0	1,2022E+0	-959,4813E-9
291,7596E+0	957,6974E-9	3,0000E+0	1,2014E+0	1,2014E+0	-961,9208E-9
292,2723E+0	959,2126E-9	3,0000E+0	1,2011E+0	1,2007E+0	-958,8504E-9
292,7850E+0	960,8959E-9	3,0000E+0	1,1995E+0	1,1995E+0	-961,1216E-9
293,2977E+0	962,4531E-9	3,0000E+0	1,1994E+0	1,1990E+0	-963,9818E-9
293,8103E+0	962,7056E-9	3,0000E+0	1,1981E+0	1,1978E+0	-961,8788E-9
294,3230E+0	963,2528E-9	3,0000E+0	1,1970E+0	1,1969E+0	-963,1826E-9
294,8358E+0	963,0844E-9	3,0000E+0	1,1967E+0	1,1967E+0	-964,3603E-9
295,3485E+0	963,2107E-9	3,0000E+0	1,1951E+0	1,1953E+0	-961,7526E-9
295,8612E+0	963,0423E-9	3,0000E+0	1,1944E+0	1,1947E+0	-966,5055E-9
296,3739E+0	964,9783E-9	3,0000E+0	1,1939E+0	1,1938E+0	-962,1732E-9
296,8866E+0	964,3470E-9	3,0000E+0	1,1935E+0	1,1928E+0	-967,4729E-9
297,3993E+0	965,5674E-9	3,0000E+0	1,1917E+0	1,1923E+0	-966,6737E-9
297,9119E+0	965,4412E-9	3,0000E+0	1,1912E+0	1,1916E+0	-964,2342E-9
298,4247E+0	966,0725E-9	3,0000E+0	1,1903E+0	1,1903E+0	-965,7483E-9
298,9374E+0	967,1668E-9	3,0000E+0	1,1901E+0	1,1895E+0	-967,7253E-9
299,4500E+0	967,2509E-9	3,0000E+0	1,1889E+0	1,1885E+0	-962,8461E-9
299,9628E+0	967,7980E-9	3,0000E+0	1,1878E+0	1,1877E+0	-967,1784E-9
300,4755E+0	966,3252E-9	3,0000E+0	1,1873E+0	1,1870E+0	-967,2206E-9
300,9882E+0	967,5455E-9	3,0000E+0	1,1867E+0	1,1862E+0	-967,3047E-9
301,5009E+0	968,5556E-9	3,0000E+0	1,1854E+0	1,1852E+0	-967,4729E-9
302,0136E+0	969,3132E-9	3,0000E+0	1,1849E+0	1,1843E+0	-965,0754E-9
302,5263E+0	970,8704E-9	3,0000E+0	1,1837E+0	1,1835E+0	-965,6222E-9
303,0389E+0	970,2391E-9	3,0000E+0	1,1833E+0	1,1829E+0	-970,3330E-9
303,5516E+0	971,2070E-9	3,0000E+0	1,1828E+0	1,1821E+0	-967,0102E-9
304,0643E+0	971,2912E-9	3,0000E+0	1,1819E+0	1,1815E+0	-967,5990E-9
304,5770E+0	969,4814E-9	3,0000E+0	1,1809E+0	1,1806E+0	-973,7820E-9
305,0897E+0	971,5437E-9	3,0000E+0	1,1802E+0	1,1798E+0	-968,9451E-9
305,6024E+0	971,1649E-9	3,0000E+0	1,1793E+0	1,1790E+0	-972,8567E-9
306,1151E+0	971,5437E-9	3,0000E+0	1,1786E+0	1,1783E+0	-974,4550E-9
306,6277E+0	972,3854E-9	3,0000E+0	1,1777E+0	1,1775E+0	-971,1742E-9
307,1404E+0	971,7962E-9	3,0000E+0	1,1769E+0	1,1764E+0	-973,9503E-9
307,6531E+0	972,7642E-9	3,0000E+0	1,1757E+0	1,1759E+0	-970,7536E-9
308,1658E+0	972,2171E-9	3,0000E+0	1,1756E+0	1,1750E+0	-973,2353E-9
308,6785E+0	972,0908E-9	3,0000E+0	1,1747E+0	1,1744E+0	-975,5906E-9
309,1912E+0	972,3434E-9	3,0000E+0	1,1734E+0	1,1731E+0	-971,5527E-9
309,7039E+0	972,2171E-9	3,0000E+0	1,1727E+0	1,1721E+0	-972,8146E-9
310,2166E+0	970,2811E-9	3,0000E+0	1,1719E+0	1,1714E+0	-973,4875E-9
310,7292E+0	971,8804E-9	3,0000E+0	1,1708E+0	1,1710E+0	-971,2584E-9
311,2419E+0	973,2692E-9	3,0000E+0	1,1699E+0	1,1700E+0	-974,2026E-9
311,7546E+0	974,6581E-9	3,0000E+0	1,1700E+0	1,1693E+0	-977,2310E-9
312,2673E+0	975,0789E-9	3,0000E+0	1,1690E+0	1,1684E+0	-974,7495E-9
312,7800E+0	973,4797E-9	3,0000E+0	1,1681E+0	1,1675E+0	-974,4130E-9
313,2927E+0	975,6681E-9	3,0000E+0	1,1676E+0	1,1671E+0	-976,0953E-9
313,8053E+0	974,9106E-9	3,0000E+0	1,1668E+0	1,1661E+0	-975,1701E-9
314,3180E+0	973,6480E-9	3,0000E+0	1,1649E+0	1,1653E+0	-974,6653E-9
314,8307E+0	974,6581E-9	3,0000E+0	1,1650E+0	1,1645E+0	-973,9923E-9
315,3434E+0	977,2674E-9	3,0000E+0	1,1641E+0	1,1636E+0	-973,5717E-9
315,8560E+0	972,5959E-9	3,0000E+0	1,1631E+0	1,1630E+0	-976,4740E-9
316,3687E+0	976,2573E-9	3,0000E+0	1,1628E+0	1,1626E+0	-971,6368E-9
316,8814E+0	974,6160E-9	3,0000E+0	1,1621E+0	1,1612E+0	-973,1931E-9
317,3941E+0	974,9947E-9	3,0000E+0	1,1608E+0	1,1603E+0	-977,0628E-9
317,9068E+0	976,1732E-9	3,0000E+0	1,1601E+0	1,1596E+0	-972,3519E-9
318,4195E+0	976,0048E-9	3,0000E+0	1,1591E+0	1,1588E+0	-975,0438E-9
318,9322E+0	975,1210E-9	3,0000E+0	1,1586E+0	1,1581E+0	-974,9177E-9
319,4449E+0	979,2454E-9	3,0000E+0	1,1578E+0	1,1575E+0	-974,8755E-9
319,9576E+0	978,5721E-9	3,0000E+0	1,1571E+0	1,1567E+0	-978,9555E-9
320,4703E+0	975,0789E-9	3,0000E+0	1,1562E+0	1,1560E+0	-978,4087E-9
320,9830E+0	977,4778E-9	3,0000E+0	1,1551E+0	1,1547E+0	-971,8473E-9
321,4957E+0	977,4778E-9	3,0000E+0	1,1544E+0	1,1540E+0	-980,3856E-9
322,0083E+0	978,1933E-9	3,0000E+0	1,1541E+0	1,1535E+0	-974,5812E-9
322,5211E+0	978,7404E-9	3,0000E+0	1,1536E+0	1,1530E+0	-979,1238E-9
323,0338E+0	977,2252E-9	3,0000E+0	1,1525E+0	1,1521E+0	-982,9514E-9
323,5464E+0	979,7504E-9	3,0000E+0	1,1517E+0	1,1514E+0	-975,6327E-9
324,0592E+0	978,6983E-9	3,0000E+0	1,1510E+0	1,1505E+0	-978,7452E-9
324,5719E+0	978,6983E-9	3,0000E+0	1,1500E+0	1,1495E+0	-982,7410E-9
325,0846E+0	980,3817E-9	3,0000E+0	1,1489E+0	1,1490E+0	-974,8755E-9
325,5973E+0	977,7724E-9	3,0000E+0	1,1482E+0	1,1480E+0	-978,9976E-9
326,1100E+0	979,6242E-9	3,0000E+0	1,1476E+0	1,1471E+0	-978,0723E-9
326,6227E+0	979,4137E-9	3,0000E+0	1,1468E+0	1,1469E+0	-978,1564E-9
327,1353E+0	979,2454E-9	3,0000E+0	1,1461E+0	1,1459E+0	-981,2688E-9
327,6480E+0	977,4778E-9	3,0000E+0	1,1454E+0	1,1450E+0	-980,6380E-9
328,1607E+0	981,4339E-9	3,0000E+0	1,1446E+0	1,1442E+0	-978,0723E-9
328,6734E+0	980,4659E-9	3,0000E+0	1,1435E+0	1,1432E+0	-983,5823E-9
329,1861E+0	982,2336E-9	3,0000E+0	1,1430E+0	1,1425E+0	-977,1048E-9
329,6988E+0	980,5079E-9	3,0000E+0	1,1426E+0	1,1421E+0	-981,6895E-9
330,2115E+0	979,4137E-9	3,0000E+0	1,1419E+0	1,1414E+0	-985,0964E-9
330,7242E+0	980,8026E-9	3,0000E+0	1,1406E+0	1,1409E+0	-980,0491E-9
331,2369E+0	982,5702E-9	3,0000E+0	1,1396E+0	1,1393E+0	-978,8293E-9
331,7495E+0	981,8967E-9	3,0000E+0	1,1395E+0	1,1390E+0	-981,1006E-9
332,2622E+0	982,4439E-9	3,0000E+0	1,1387E+0	1,1379E+0	-980,5959E-9
332,7749E+0	982,4018E-9	3,0000E+0	1,1378E+0	1,1371E+0	-984,7599E-9
333,2876E+0	983,9169E-9	3,0000E+0	1,1371E+0	1,1367E+0	-982,4466E-9
333,8003E+0	985,1794E-9	3,0000E+0	1,1360E+0	1,1357E+0	-979,3340E-9
334,3130E+0	983,4961E-9	3,0000E+0	1,1354E+0	1,1349E+0	-984,0448E-9
334,8257E+0	983,7908E-9	3,0000E+0	1,1349E+0	1,1345E+0	-984,5917E-9
335,3384E+0	984,0011E-9	3,0000E+0	1,1340E+0	1,1338E+0	-984,2972E-9
335,8510E+0	984,6744E-9	3,0000E+0	1,1331E+0	1,1328E+0	-984,9282E-9
336,3637E+0	984,8849E-9	3,0000E+0	1,1324E+0	1,1321E+0	-982,1943E-9
336,8764E+0	985,5582E-9	3,0000E+0	1,1320E+0	1,1314E+0	-981,8157E-9
337,3891E+0	984,9691E-9	3,0000E+0	1,1309E+0	1,1306E+0	-985,6853E-9
337,9018E+0	985,6425E-9	3,0000E+0	1,1304E+0	1,1300E+0	-982,2363E-9
338,4145E+0	985,8950E-9	3,0000E+0	1,1294E+0	1,1289E+0	-983,5823E-9
338,9272E+0	984,7166E-9	3,0000E+0	1,1289E+0	1,1284E+0	-989,4708E-9
339,4399E+0	986,7788E-9	3,0000E+0	1,1283E+0	1,1277E+0	-986,3162E-9
339,9526E+0	987,5363E-9	3,0000E+0	1,1277E+0	1,1270E+0	-985,4749E-9
340,4653E+0	987,6626E-9	3,0000E+0	1,1262E+0	1,1261E+0	-986,2321E-9
340,9780E+0	986,8629E-9	3,0000E+0	1,1260E+0	1,1253E+0	-982,1943E-9
341,4907E+0	988,0835E-9	3,0000E+0	1,1245E+0	1,1244E+0	-987,4518E-9
342,0034E+0	989,3459E-9	3,0000E+0	1,1240E+0	1,1239E+0	-988,0828E-9
342,5161E+0	989,8511E-9	3,0000E+0	1,1238E+0	1,1233E+0	-989,2184E-9
343,0288E+0	989,3459E-9	3,0000E+0	1,1223E+0	1,1224E+0	-992,2468E-9
343,5415E+0	991,9975E-9	3,0000E+0	1,1222E+0	1,1215E+0	-989,3025E-9
344,0542E+0	992,9654E-9	3,0000E+0	1,1212E+0	1,1207E+0	-987,1153E-9
344,5669E+0	991,3240E-9	3,0000E+0	1,1208E+0	1,1206E+0	-995,4855E-9
345,0796E+0	992,7550E-9	3,0000E+0	1,1198E+0	1,1196E+0	-988,9239E-9
345,5923E+0	992,5025E-9	3,0000E+0	1,1193E+0	1,1190E+0	-991,6579E-9
346,1049E+0	992,1658E-9	3,0000E+0	1,1183E+0	1,1182E+0	-997,3782E-9
346,6176E+0	992,1237E-9	3,0000E+0	1,1172E+0	1,1175E+0	-990,8588E-9
347,1303E+0	992,7550E-9	3,0000E+0	1,1173E+0	1,1168E+0	-993,5086E-9
347,6430E+0	991,1978E-9	3,0000E+0	1,1163E+0	1,1159E+0	-997,8829E-9
348,1557E+0	994,1858E-9	3,0000E+0	1,1158E+0	1,1152E+0	-990,0175E-9
348,6684E+0	993,2179E-9	3,0000E+0	1,1147E+0	1,1143E+0	-996,8735E-9
349,1811E+0	994,3121E-9	3,0000E+0	1,1141E+0	1,1137E+0	-994,8966E-9
349,6938E+0	993,3863E-9	3,0000E+0	1,1134E+0	1,1130E+0	-993,9292E-9
350,2065E+0	995,3222E-9	3,0000E+0	1,1126E+0	1,1122E+0	-995,4855E-9
350,7192E+0	996,5006E-9	3,0000E+0	1,1118E+0	1,1112E+0	-993,8872E-9
351,2319E+0	995,7010E-9	3,0000E+0	1,1112E+0	1,1110E+0	-996,3688E-9
351,7447E+0	996,4164E-9	3,0000E+0	1,1102E+0	1,1101E+0	-997,5886E-9
352,2573E+0	996,7952E-9	3,0000E+0	1,1096E+0	1,1095E+0	-996,9156E-9
352,7700E+0	998,6891E-9	3,0000E+0	1,1087E+0	1,1084E+0	-990,9850E-9
353,2827E+0	995,9535E-9	3,0000E+0	1,1080E+0	1,1078E+0	-997,8410E-9
353,7954E+0	995,7430E-9	3,0000E+0	1,1079E+0	1,1076E+0	-998,2615E-9
354,3081E+0	995,8272E-9	3,0000E+0	1,1068E+0	1,1063E+0	-996,2425E-9
354,8207E+0	995,8272E-9	3,0000E+0	1,1056E+0	1,1056E+0	-1,0004E-6
355,3335E+0	997,7210E-9	3,0000E+0	1,1051E+0	1,1053E+0	-998,0934E-9
355,8462E+0	998,6048E-9	3,0000E+0	1,1044E+0	1,1041E+0	-999,1448E-9
356,3589E+0	997,8473E-9	3,0000E+0	1,1035E+0	1,1035E+0	-996,4108E-9
356,8716E+0	998,0578E-9	3,0000E+0	1,1034E+0	1,1030E+0	-995,9482E-9
357,3842E+0	997,4265E-9	3,0000E+0	1,1027E+0	1,1022E+0	-1,0003E-6
357,8969E+0	997,7210E-9	3,0000E+0	1,1019E+0	1,1008E+0	-997,1679E-9
358,4096E+0	998,1420E-9	3,0000E+0	1,1016E+0	1,1010E+0	-995,9482E-9
358,9223E+0	997,0898E-9	3,0000E+0	1,1001E+0	1,0998E+0	-997,5045E-9
359,4349E+0	997,0898E-9	3,0000E+0	1,0996E+0	1,0992E+0	-999,7757E-9
359,9476E+0	996,3322E-9	3,0000E+0	1,0990E+0	1,0989E+0	-996,2006E-9
360,4602E+0	997,1740E-9	3,0000E+0	1,0983E+0	1,0979E+0	-1,0005E-6
360,9729E+0	998,4366E-9	3,0000E+0	1,0972E+0	1,0973E+0	-996,3267E-9
361,4856E+0	996,9215E-9	3,0000E+0	1,0969E+0	1,0963E+0	-998,5139E-9
361,9983E+0	998,4366E-9	3,0000E+0	1,0966E+0	1,0958E+0	-998,8504E-9
362,5110E+0	998,3945E-9	3,0000E+0	1,0954E+0	1,0954E+0	-999,4812E-9
363,0237E+0	1,0002E-6	3,0000E+0	1,0943E+0	1,0944E+0	-996,1165E-9
363,5364E+0	998,0998E-9	3,0000E+0	1,0935E+0	1,0936E+0	-1,0029E-6
364,0491E+0	999,5729E-9	3,0000E+0	1,0936E+0	1,0931E+0	-996,9576E-9
364,5618E+0	999,3204E-9	3,0000E+0	1,0930E+0	1,0926E+0	-1,0007E-6
365,0745E+0	1,0004E-6	3,0000E+0	1,0920E+0	1,0916E+0	-1,0005E-6
365,5872E+0	1,0007E-6	3,0000E+0	1,0908E+0	1,0907E+0	-997,8829E-9
366,0998E+0	999,9937E-9	3,0000E+0	1,0904E+0	1,0902E+0	-1,0033E-6
366,6125E+0	1,0003E-6	3,0000E+0	1,0893E+0	1,0894E+0	-1,0031E-6
367,1252E+0	1,0014E-6	3,0000E+0	1,0893E+0	1,0891E+0	-996,1165E-9
367,6379E+0	1,0009E-6	3,0000E+0	1,0879E+0	1,0880E+0	-1,0010E-6
368,1506E+0	1,0018E-6	3,0000E+0	1,0876E+0	1,0873E+0	-998,7242E-9
368,6633E+0	1,0031E-6	3,0000E+0	1,0873E+0	1,0867E+0	-995,6958E-9
369,1759E+0	1,0021E-6	3,0000E+0	1,0865E+0	1,0862E+0	-1,0020E-6
369,6886E+0	1,0029E-6	3,0000E+0	1,0855E+0	1,0853E+0	-999,6074E-9
370,2014E+0	1,0016E-6	3,0000E+0	1,0851E+0	1,0843E+0	-1,0005E-6
370,7141E+0	1,0018E-6	3,0000E+0	1,0841E+0	1,0838E+0	-1,0036E-6
371,2267E+0	1,0014E-6	3,0000E+0	1,0835E+0	1,0836E+0	-1,0009E-6
371,7395E+0	1,0007E-6	3,0000E+0	1,0830E+0	1,0827E+0	-1,0025E-6
372,2522E+0	1,0010E-6	3,0000E+0	1,0817E+0	1,0817E+0	-1,0019E-6
372,7648E+0	1,0005E-6	3,0000E+0	1,0815E+0	1,0814E+0	-1,0015E-6
373,2776E+0	999,4887E-9	3,0000E+0	1,0809E+0	1,0808E+0	-1,0030E-6
373,7903E+0	998,5629E-9	3,0000E+0	1,0800E+0	1,0799E+0	-1,0017E-6
374,3029E+0	1,0005E-6	3,0000E+0	1,0794E+0	1,0792E+0	-999,2290E-9
374,8157E+0	1,0014E-6	3,0000E+0	1,0787E+0	1,0782E+0	-1,0006E-6
375,3284E+0	1,0025E-6	3,0000E+0	1,0783E+0	1,0778E+0	-1,0027E-6
375,8411E+0	1,0021E-6	3,0000E+0	1,0775E+0	1,0768E+0	-999,4392E-9
376,3538E+0	1,0026E-6	3,0000E+0	1,0766E+0	1,0765E+0	-1,0026E-6
376,8664E+0	1,0026E-6	3,0000E+0	1,0763E+0	1,0758E+0	-1,0052E-6
377,3792E+0	1,0050E-6	3,0000E+0	1,0749E+0	1,0752E+0	-1,0031E-6
377,8918E+0	1,0047E-6	3,0000E+0	1,0744E+0	1,0741E+0	-1,0050E-6
378,4045E+0	1,0045E-6	3,0000E+0	1,0741E+0	1,0737E+0	-1,0069E-6
378,9172E+0	1,0065E-6	3,0000E+0	1,0729E+0	1,0731E+0	-1,0029E-6
379,4299E+0	1,0054E-6	3,0000E+0	1,0727E+0	1,0723E+0	-1,0087E-6
379,9426E+0	1,0053E-6	3,0000E+0	1,0719E+0	1,0719E+0	-1,0056E-6
380,4553E+0	1,0071E-6	3,0000E+0	1,0719E+0	1,0711E+0	-1,0041E-6
380,9680E+0	1,0057E-6	3,0000E+0	1,0707E+0	1,0704E+0	-1,0105E-6
381,4807E+0	1,0080E-6	3,0000E+0	1,0698E+0	1,0695E+0	-1,0042E-6
381,9934E+0	1,0069E-6	3,0000E+0	1,0695E+0	1,0688E+0	-1,0099E-6
382,5061E+0	1,0082E-6	3,0000E+0	1,0687E+0	1,0682E+0	-1,0092E-6
383,0188E+0	1,0093E-6	3,0000E+0	1,0678E+0	1,0676E+0	-1,0045E-6
383,5315E+0	1,0095E-6	3,0000E+0	1,0670E+0	1,0667E+0	-1,0081E-6
384,0442E+0	1,0107E-6	3,0000E+0	1,0666E+0	1,0664E+0	-1,0099E-6
384,5569E+0	1,0117E-6	3,0000E+0	1,0659E+0	1,0657E+0	-1,0077E-6
385,0695E+0	1,0111E-6	3,0000E+0	1,0655E+0	1,0651E+0	-1,0143E-6
385,5822E+0	1,0114E-6	3,0000E+0	1,0646E+0	1,0643E+0	-1,0134E-6
386,0949E+0	1,0130E-6	3,0000E+0	1,0637E+0	1,0636E+0	-1,0117E-6
386,6076E+0	1,0103E-6	3,0000E+0	1,0635E+0	1,0630E+0	-1,0170E-6
387,1203E+0	1,0127E-6	3,0000E+0	1,0627E+0	1,0625E+0	-1,0084E-6
387,6330E+0	1,0122E-6	3,0000E+0	1,0618E+0	1,0616E+0	-1,0097E-6
388,1457E+0	1,0114E-6	3,0000E+0	1,0611E+0	1,0610E+0	-1,0168E-6
388,6584E+0	1,0133E-6	3,0000E+0	1,0606E+0	1,0600E+0	-1,0095E-6
389,1710E+0	1,0138E-6	3,0000E+0	1,0599E+0	1,0593E+0	-1,0120E-6
389,6837E+0	1,0124E-6	3,0000E+0	1,0595E+0	1,0590E+0	-1,0184E-6
390,1964E+0	1,0144E-6	3,0000E+0	1,0585E+0	1,0581E+0	-1,0091E-6
390,7091E+0	1,0149E-6	3,0000E+0	1,0580E+0	1,0577E+0	-1,0123E-6
391,2218E+0	1,0150E-6	3,0000E+0	1,0573E+0	1,0571E+0	-1,0142E-6
391,7345E+0	1,0145E-6	3,0000E+0	1,0566E+0	1,0567E+0	-1,0114E-6
392,2472E+0	1,0146E-6	3,0000E+0	1,0557E+0	1,0552E+0	-1,0151E-6
392,7599E+0	1,0141E-6	3,0000E+0	1,0556E+0	1,0553E+0	-1,0160E-6
393,2726E+0	1,0156E-6	3,0000E+0	1,0543E+0	1,0545E+0	-1,0112E-6
393,7853E+0	1,0147E-6	3,0000E+0	1,0543E+0	1,0537E+0	-1,0189E-6
394,2980E+0	1,0143E-6	3,0000E+0	1,0537E+0	1,0531E+0	-1,0154E-6
394,8107E+0	1,0151E-6	3,0000E+0	1,0524E+0	1,0525E+0	-1,0128E-6
395,3234E+0	1,0146E-6	3,0000E+0	1,0520E+0	1,0516E+0	-1,0150E-6
395,8361E+0	1,0153E-6	3,0000E+0	1,0511E+0	1,0510E+0	-1,0127E-6
396,3488E+0	1,0154E-6	3,0000E+0	1,0510E+0	1,0506E+0	-1,0124E-6
396,8615E+0	1,0143E-6	3,0000E+0	1,0503E+0	1,0498E+0	-1,0173E-6
397,3742E+0	1,0159E-6	3,0000E+0	1,0494E+0	1,0493E+0	-1,0133E-6
397,8868E+0	1,0146E-6	3,0000E+0	1,0483E+0	1,0483E+0	-1,0172E-6
398,3995E+0	1,0141E-6	3,0000E+0	1,0483E+0	1,0478E+0	-1,0176E-6
398,9122E+0	1,0158E-6	3,0000E+0	1,0473E+0	1,0473E+0	-1,0112E-6
399,4249E+0	1,0159E-6	3,0000E+0	1,0472E+0	1,0466E+0	-1,0159E-6
399,9376E+0	1,0159E-6	3,0000E+0	1,0465E+0	1,0461E+0	-1,0150E-6
400,4502E+0	1,0163E-6	3,0000E+0	1,0453E+0	1,0454E+0	-1,0136E-6
400,9629E+0	1,0159E-6	3,0000E+0	1,0443E+0	1,0446E+0	-1,0168E-6
401,4756E+0	1,0156E-6	3,0000E+0	1,0447E+0	1,0444E+0	-1,0170E-6
401,9883E+0	1,0154E-6	3,0000E+0	1,0434E+0	1,0436E+0	-1,0161E-6
402,5010E+0	1,0156E-6	3,0000E+0	1,0432E+0	1,0428E+0	-1,0179E-6
403,0136E+0	1,0165E-6	3,0000E+0	1,0422E+0	1,0418E+0	-1,0122E-6
403,5263E+0	1,0151E-6	3,0000E+0	1,0417E+0	1,0415E+0	-1,0170E-6
404,0390E+0	1,0142E-6	3,0000E+0	1,0410E+0	1,0410E+0	-1,0211E-6
404,5517E+0	1,0172E-6	3,0000E+0	1,0403E+0	1,0402E+0	-1,0105E-6
405,0644E+0	1,0156E-6	3,0000E+0	1,0393E+0	1,0395E+0	-1,0161E-6
405,5771E+0	1,0153E-6	3,0000E+0	1,0387E+0	1,0387E+0	-1,0176E-6
406,0898E+0	1,0151E-6	3,0000E+0	1,0387E+0	1,0385E+0	-1,0147E-6
406,6024E+0	1,0162E-6	3,0000E+0	1,0379E+0	1,0374E+0	-1,0159E-6
407,1151E+0	1,0177E-6	3,0000E+0	1,0373E+0	1,0370E+0	-1,0151E-6
407,6278E+0	1,0177E-6	3,0000E+0	1,0368E+0	1,0364E+0	-1,0137E-6
408,1405E+0	1,0167E-6	3,0000E+0	1,0358E+0	1,0359E+0	-1,0177E-6
408,6531E+0	1,0164E-6	3,0000E+0	1,0354E+0	1,0352E+0	-1,0162E-6
409,1658E+0	1,0177E-6	3,0000E+0	1,0347E+0	1,0343E+0	-1,0121E-6
409,6785E+0	1,0157E-6	3,0000E+0	1,0340E+0	1,0340E+0	-1,0214E-6
410,1912E+0	1,0156E-6	3,0000E+0	1,0336E+0	1,0331E+0	-1,0158E-6
410,7039E+0	1,0162E-6	3,0000E+0	1,0327E+0	1,0325E+0	-1,0128E-6
411,2166E+0	1,0164E-6	3,0000E+0	1,0322E+0	1,0317E+0	-1,0166E-6
411,7292E+0	1,0161E-6	3,0000E+0	1,0316E+0	1,0316E+0	-1,0154E-6
412,2419E+0	1,0162E-6	3,0000E+0	1,0308E+0	1,0303E+0	-1,0134E-6
412,7546E+0	1,0142E-6	3,0000E+0	1,0303E+0	1,0299E+0	-1,0158E-6
413,2673E+0	1,0144E-6	3,0000E+0	1,0297E+0	1,0292E+0	-1,0123E-6
413,7800E+0	1,0134E-6	3,0000E+0	1,0292E+0	1,0285E+0	-1,0125E-6
414,2927E+0	1,0128E-6	3,0000E+0	1,0286E+0	1,0282E+0	-1,0146E-6
414,8054E+0	1,0127E-6	3,0000E+0	1,0280E+0	1,0277E+0	-1,0126E-6
415,3181E+0	1,0135E-6	3,0000E+0	1,0271E+0	1,0268E+0	-1,0109E-6
415,8308E+0	1,0126E-6	3,0000E+0	1,0268E+0	1,0262E+0	-1,0144E-6
416,3434E+0	1,0139E-6	3,0000E+0	1,0256E+0	1,0258E+0	-1,0133E-6
416,8561E+0	1,0138E-6	3,0000E+0	1,0255E+0	1,0253E+0	-1,0156E-6
417,3688E+0	1,0142E-6	3,0000E+0	1,0248E+0	1,0244E+0	-1,0116E-6
417,8815E+0	1,0124E-6	3,0000E+0	1,0242E+0	1,0233E+0	-1,0100E-6
418,3942E+0	1,0113E-6	3,0000E+0	1,0238E+0	1,0234E+0	-1,0160E-6
418,9069E+0	1,0107E-6	3,0000E+0	1,0231E+0	1,0227E+0	-1,0150E-6
419,4196E+0	1,0111E-6	3,0000E+0	1,0219E+0	1,0219E+0	-1,0105E-6
419,9323E+0	1,0112E-6	3,0000E+0	1,0221E+0	1,0215E+0	-1,0155E-6
420,4450E+0	1,0117E-6	3,0000E+0	1,0207E+0	1,0208E+0	-1,0105E-6
420,9577E+0	1,0122E-6	3,0000E+0	1,0205E+0	1,0200E+0	-1,0067E-6
421,4703E+0	1,0116E-6	3,0000E+0	1,0197E+0	1,0193E+0	-1,0113E-6
421,9830E+0	1,0112E-6	3,0000E+0	1,0190E+0	1,0187E+0	-1,0119E-6
422,4957E+0	1,0116E-6	3,0000E+0	1,0186E+0	1,0180E+0	-1,0110E-6
423,0084E+0	1,0123E-6	3,0000E+0	1,0179E+0	1,0174E+0	-1,0113E-6
423,5211E+0	1,0122E-6	3,0000E+0	1,0175E+0	1,0171E+0	-1,0095E-6
424,0338E+0	1,0111E-6	3,0000E+0	1,0169E+0	1,0166E+0	-1,0114E-6
424,5464E+0	1,0115E-6	3,0000E+0	1,0153E+0	1,0157E+0	-1,0118E-6
425,0591E+0	1,0120E-6	3,0000E+0	1,0153E+0	1,0154E+0	-1,0108E-6
425,5718E+0	1,0106E-6	3,0000E+0	1,0151E+0	1,0148E+0	-1,0102E-6
426,0845E+0	1,0117E-6	3,0000E+0	1,0144E+0	1,0135E+0	-1,0104E-6
426,5972E+0	1,0093E-6	3,0000E+0	1,0134E+0	1,0136E+0	-1,0081E-6
427,1099E+0	1,0090E-6	3,0000E+0	1,0132E+0	1,0127E+0	-1,0070E-6
427,6226E+0	1,0087E-6	3,0000E+0	1,0124E+0	1,0123E+0	-1,0089E-6
428,1353E+0	1,0085E-6	3,0000E+0	1,0122E+0	1,0118E+0	-1,0088E-6
428,6479E+0	1,0079E-6	3,0000E+0	1,0115E+0	1,0109E+0	-1,0117E-6
429,1606E+0	1,0093E-6	3,0000E+0	1,0105E+0	1,0101E+0	-1,0103E-6
429,6733E+0	1,0125E-6	3,0000E+0	1,0096E+0	1,0097E+0	-1,0068E-6
430,1860E+0	1,0126E-6	3,0000E+0	1,0095E+0	1,0093E+0	-1,0120E-6
430,6987E+0	1,0109E-6	3,0000E+0	1,0091E+0	1,0086E+0	-1,0164E-6
431,2114E+0	1,0134E-6	3,0000E+0	1,0079E+0	1,0078E+0	-1,0082E-6
431,7241E+0	1,0103E-6	3,0000E+0	1,0076E+0	1,0073E+0	-1,0137E-6
432,2368E+0	1,0119E-6	3,0000E+0	1,0060E+0	1,0055E+0	-1,0097E-6
432,7495E+0	1,0134E-6	3,0000E+0	1,0052E+0	1,0049E+0	-1,0115E-6
433,2621E+0	1,0126E-6	3,0000E+0	1,0036E+0	1,0033E+0	-1,0154E-6
433,7748E+0	1,0130E-6	3,0000E+0	1,0027E+0	1,0024E+0	-1,0126E-6
434,2875E+0	1,0150E-6	3,0000E+0	1,0010E+0	1,0009E+0	-1,0077E-6
434,8002E+0	1,0130E-6	3,0000E+0	1,0003E+0	1,0001E+0	-1,0177E-6
435,3129E+0	1,0144E-6	3,0000E+0	999,3566E-3	998,9222E-3	-1,0158E-6
435,8256E+0	1,0161E-6	3,0000E+0	997,8547E-3	997,7546E-3	-1,0118E-6
436,3383E+0	1,0159E-6	3,0000E+0	996,8535E-3	996,7538E-3	-1,0158E-6
436,8510E+0	1,0167E-6	3,0000E+0	995,7688E-3	995,5862E-3	-1,0143E-6
437,3636E+0	1,0165E-6	3,0000E+0	994,8510E-3	994,4186E-3	-1,0179E-6
437,8763E+0	1,0162E-6	3,0000E+0	994,0166E-3	993,6680E-3	-1,0227E-6
438,3890E+0	1,0175E-6	3,0000E+0	992,6816E-3	991,9166E-3	-1,0151E-6
438,9017E+0	1,0175E-6	3,0000E+0	990,9294E-3	991,1661E-3	-1,0189E-6
439,4144E+0	1,0171E-6	3,0000E+0	990,5956E-3	990,1653E-3	-1,0224E-6
439,9270E+0	1,0190E-6	3,0000E+0	989,9281E-3	989,3313E-3	-1,0180E-6
440,4398E+0	1,0192E-6	3,0000E+0	987,9256E-3	988,2471E-3	-1,0202E-6
440,9525E+0	1,0191E-6	3,0000E+0	987,4250E-3	986,9961E-3	-1,0220E-6
441,4651E+0	1,0205E-6	3,0000E+0	985,7562E-3	986,0787E-3	-1,0162E-6
441,9778E+0	1,0179E-6	3,0000E+0	985,4224E-3	984,5775E-3	-1,0214E-6
442,4906E+0	1,0201E-6	3,0000E+0	984,4213E-3	983,6602E-3	-1,0194E-6
443,0033E+0	1,0202E-6	3,0000E+0	983,3366E-3	982,8262E-3	-1,0192E-6
443,5160E+0	1,0207E-6	3,0000E+0	982,3353E-3	981,9922E-3	-1,0245E-6
444,0287E+0	1,0225E-6	3,0000E+0	981,0003E-3	980,5744E-3	-1,0219E-6
444,5414E+0	1,0238E-6	3,0000E+0	979,9156E-3	979,6571E-3	-1,0179E-6
445,0540E+0	1,0238E-6	3,0000E+0	979,1647E-3	978,9064E-3	-1,0221E-6
445,5667E+0	1,0239E-6	3,0000E+0	978,0799E-3	977,8222E-3	-1,0219E-6
446,0794E+0	1,0245E-6	3,0000E+0	977,3290E-3	976,5713E-3	-1,0192E-6
446,5921E+0	1,0234E-6	3,0000E+0	976,3278E-3	975,9874E-3	-1,0259E-6
447,1048E+0	1,0238E-6	3,0000E+0	975,4099E-3	975,2369E-3	-1,0271E-6
447,6175E+0	1,0261E-6	3,0000E+0	974,3252E-3	973,9025E-3	-1,0208E-6
448,1302E+0	1,0258E-6	3,0000E+0	973,6577E-3	973,3187E-3	-1,0278E-6
448,6429E+0	1,0258E-6	3,0000E+0	972,1558E-3	971,9843E-3	-1,0230E-6
449,1555E+0	1,0261E-6	3,0000E+0	971,3215E-3	970,8167E-3	-1,0220E-6
449,6682E+0	1,0245E-6	3,0000E+0	970,2367E-3	969,8160E-3	-1,0282E-6
450,1809E+0	1,0253E-6	3,0000E+0	969,9030E-3	969,5657E-3	-1,0261E-6
450,6936E+0	1,0255E-6	3,0000E+0	968,7349E-3	968,3982E-3	-1,0226E-6
451,2063E+0	1,0261E-6	3,0000E+0	968,0674E-3	967,1471E-3	-1,0259E-6
451,7190E+0	1,0276E-6	3,0000E+0	966,6489E-3	966,2297E-3	-1,0238E-6
452,2317E+0	1,0270E-6	3,0000E+0	965,9815E-3	965,6460E-3	-1,0283E-6
452,7444E+0	1,0284E-6	3,0000E+0	964,3961E-3	964,7287E-3	-1,0322E-6
453,2570E+0	1,0309E-6	3,0000E+0	964,0623E-3	963,5611E-3	-1,0271E-6
453,7697E+0	1,0311E-6	3,0000E+0	962,4770E-3	962,8104E-3	-1,0297E-6
454,2824E+0	1,0329E-6	3,0000E+0	961,9764E-3	961,7262E-3	-1,0310E-6
454,7951E+0	1,0332E-6	3,0000E+0	961,3089E-3	961,0590E-3	-1,0304E-6
455,3078E+0	1,0328E-6	3,0000E+0	960,2243E-3	959,8914E-3	-1,0336E-6
455,8205E+0	1,0340E-6	3,0000E+0	959,6401E-3	959,2243E-3	-1,0362E-6
456,3332E+0	1,0351E-6	3,0000E+0	958,6389E-3	958,2235E-3	-1,0309E-6
456,8458E+0	1,0352E-6	3,0000E+0	957,9714E-3	957,3060E-3	-1,0393E-6
457,3585E+0	1,0363E-6	3,0000E+0	957,0535E-3	956,3887E-3	-1,0353E-6
457,8712E+0	1,0355E-6	3,0000E+0	955,8020E-3	955,8049E-3	-1,0353E-6
458,3839E+0	1,0377E-6	3,0000E+0	955,4683E-3	954,8041E-3	-1,0369E-6
458,8965E+0	1,0372E-6	3,0000E+0	954,7173E-3	954,1369E-3	-1,0387E-6
459,4092E+0	1,0379E-6	3,0000E+0	953,5492E-3	953,0527E-3	-1,0339E-6
459,9219E+0	1,0401E-6	3,0000E+0	953,0486E-3	952,5524E-3	-1,0447E-6
460,4346E+0	1,0413E-6	3,0000E+0	951,5467E-3	951,3014E-3	-1,0401E-6
460,9473E+0	1,0420E-6	3,0000E+0	950,9626E-3	950,7175E-3	-1,0418E-6
461,4600E+0	1,0422E-6	3,0000E+0	950,0448E-3	949,6334E-3	-1,0477E-6
461,9727E+0	1,0449E-6	3,0000E+0	949,2938E-3	948,6325E-3	-1,0395E-6
462,4854E+0	1,0461E-6	3,0000E+0	948,0423E-3	948,0488E-3	-1,0457E-6
462,9981E+0	1,0511E-6	3,0000E+0	947,4583E-3	947,1315E-3	-1,0561E-6
463,5108E+0	1,0546E-6	3,0000E+0	947,2913E-3	946,6310E-3	-1,0537E-6
464,0235E+0	1,0569E-6	3,0000E+0	946,1232E-3	945,7970E-3	-1,0563E-6
464,5362E+0	1,0593E-6	3,0000E+0	945,1220E-3	944,7963E-3	-1,0607E-6
465,0489E+0	1,0621E-6	3,0000E+0	944,2875E-3	943,9623E-3	-1,0560E-6
465,5616E+0	1,0618E-6	3,0000E+0	943,5366E-3	943,3784E-3	-1,0628E-6
466,0743E+0	1,0636E-6	3,0000E+0	942,2016E-3	942,2109E-3	-1,0616E-6
466,5870E+0	1,0642E-6	3,0000E+0	941,7009E-3	941,5437E-3	-1,0578E-6
467,0997E+0	1,0641E-6	3,0000E+0	940,9500E-3	940,4595E-3	-1,0621E-6
467,6124E+0	1,0634E-6	3,0000E+0	940,6163E-3	940,2093E-3	-1,0642E-6
468,1251E+0	1,0540E-6	3,0000E+0	938,8641E-3	938,9583E-3	-1,0497E-6
468,6378E+0	1,0613E-6	3,0000E+0	938,4469E-3	938,0409E-3	-1,0606E-6
469,1505E+0	1,0656E-6	3,0000E+0	937,8629E-3	937,3738E-3	-1,0635E-6
469,6632E+0	1,0603E-6	3,0000E+0	936,9450E-3	936,6231E-3	-1,0560E-6
470,1759E+0	1,0601E-6	3,0000E+0	935,9438E-3	935,7057E-3	-1,0599E-6
470,6886E+0	1,0471E-6	3,0000E+0	935,5266E-3	935,2054E-3	-1,0427E-6
471,2012E+0	1,0569E-6	3,0000E+0	934,7757E-3	934,4547E-3	-1,0521E-6
471,7139E+0	1,0612E-6	3,0000E+0	934,2750E-3	933,5374E-3	-1,0610E-6
472,2266E+0	1,0612E-6	3,0000E+0	933,2737E-3	932,7034E-3	-1,0576E-6
472,7393E+0	1,0603E-6	3,0000E+0	932,2726E-3	931,7860E-3	-1,0562E-6
473,2520E+0	1,0588E-6	3,0000E+0	931,5215E-3	930,9521E-3	-1,0619E-6
473,7647E+0	1,0554E-6	3,0000E+0	930,6872E-3	930,3682E-3	-1,0502E-6
474,2774E+0	1,0513E-6	3,0000E+0	930,2700E-3	929,7845E-3	-1,0545E-6
474,7901E+0	1,0484E-6	3,0000E+0	928,9349E-3	929,2006E-3	-1,0488E-6
475,3028E+0	1,0569E-6	3,0000E+0	928,8515E-3	928,6169E-3	-1,0550E-6
475,8155E+0	1,0593E-6	3,0000E+0	927,8503E-3	927,4493E-3	-1,0589E-6
476,3282E+0	1,0547E-6	3,0000E+0	927,3497E-3	926,8654E-3	-1,0549E-6
476,8409E+0	1,0557E-6	3,0000E+0	926,3484E-3	926,4485E-3	-1,0524E-6
477,3537E+0	1,0505E-6	3,0000E+0	925,5140E-3	924,8639E-3	-1,0499E-6
477,8663E+0	1,0505E-6	3,0000E+0	924,8465E-3	924,7804E-3	-1,0490E-6
478,3790E+0	1,0543E-6	3,0000E+0	924,4294E-3	924,1133E-3	-1,0494E-6
478,8917E+0	1,0532E-6	3,0000E+0	923,8452E-3	922,9457E-3	-1,0528E-6
479,4044E+0	1,0550E-6	3,0000E+0	923,0943E-3	922,9457E-3	-1,0542E-6
479,9171E+0	1,0619E-6	3,0000E+0	922,0931E-3	921,9449E-3	-1,0593E-6
480,4297E+0	1,0483E-6	3,0000E+0	921,5090E-3	921,5279E-3	-1,0549E-6
480,9424E+0	1,0589E-6	3,0000E+0	921,0918E-3	920,6105E-3	-1,0544E-6
481,4551E+0	1,0628E-6	3,0000E+0	920,3409E-3	920,1102E-3	-1,0594E-6
481,9678E+0	1,0715E-6	3,0000E+0	919,3397E-3	919,2761E-3	-1,0737E-6
482,4805E+0	1,0725E-6	3,0000E+0	919,0058E-3	918,5256E-3	-1,0706E-6
482,9932E+0	1,0505E-6	3,0000E+0	918,0880E-3	917,8584E-3	-1,0526E-6
483,5059E+0	1,0784E-6	3,0000E+0	917,0034E-3	917,1078E-3	-1,0826E-6
484,0186E+0	1,0848E-6	3,0000E+0	916,5027E-3	915,9402E-3	-1,0808E-6
484,5313E+0	1,0833E-6	3,0000E+0	916,3358E-3	915,6066E-3	-1,0852E-6
485,0439E+0	1,0860E-6	3,0000E+0	915,3346E-3	915,0228E-3	-1,0887E-6
485,5567E+0	1,0757E-6	3,0000E+0	914,5837E-3	914,2722E-3	-1,0748E-6
486,0694E+0	1,0827E-6	3,0000E+0	914,2500E-3	913,3548E-3	-1,0876E-6
486,5821E+0	1,0739E-6	3,0000E+0	913,4989E-3	912,9378E-3	-1,0739E-6
487,0947E+0	1,0864E-6	3,0000E+0	912,5811E-3	912,2707E-3	-1,0799E-6
487,6075E+0	1,0844E-6	3,0000E+0	911,8302E-3	911,1031E-3	-1,0841E-6
488,1201E+0	1,0764E-6	3,0000E+0	910,9123E-3	910,1857E-3	-1,0774E-6
488,6328E+0	1,0722E-6	3,0000E+0	910,2449E-3	909,9355E-3	-1,0722E-6
489,1455E+0	1,0762E-6	3,0000E+0	909,8277E-3	909,6853E-3	-1,0765E-6
489,6582E+0	1,0776E-6	3,0000E+0	909,1602E-3	909,0181E-3	-1,0766E-6
490,1709E+0	1,0877E-6	3,0000E+0	908,0755E-3	907,7671E-3	-1,0849E-6
490,6835E+0	1,0854E-6	3,0000E+0	907,7417E-3	907,3501E-3	-1,0865E-6
491,1962E+0	1,0828E-6	3,0000E+0	906,9074E-3	906,8497E-3	-1,0778E-6
491,7089E+0	1,0656E-6	3,0000E+0	906,4068E-3	905,9324E-3	-1,0677E-6
492,2216E+0	1,0768E-6	3,0000E+0	905,3220E-3	905,2651E-3	-1,0762E-6
492,7343E+0	1,0767E-6	3,0000E+0	905,4055E-3	905,0150E-3	-1,0743E-6
493,2470E+0	1,0373E-6	3,0000E+0	904,1539E-3	904,5979E-3	-1,0370E-6
493,7597E+0	1,0714E-6	3,0000E+0	903,9036E-3	903,5137E-3	-1,0698E-6
494,2724E+0	1,0780E-6	3,0000E+0	903,0692E-3	903,0133E-3	-1,0767E-6
494,7851E+0	1,0779E-6	3,0000E+0	902,8189E-3	902,4296E-3	-1,0826E-6
495,2978E+0	1,0655E-6	3,0000E+0	901,8177E-3	901,8458E-3	-1,0669E-6
495,8105E+0	1,0687E-6	3,0000E+0	900,9832E-3	900,9284E-3	-1,0685E-6
496,3232E+0	1,0721E-6	3,0000E+0	900,8163E-3	900,7615E-3	-1,0746E-6
496,8359E+0	1,0752E-6	3,0000E+0	900,0654E-3	899,6773E-3	-1,0701E-6
497,3486E+0	1,0800E-6	3,0000E+0	899,3145E-3	898,9268E-3	-1,0766E-6
497,8613E+0	1,0779E-6	3,0000E+0	898,9808E-3	898,4265E-3	-1,0781E-6
498,3740E+0	1,0785E-6	3,0000E+0	898,2298E-3	897,9260E-3	-1,0736E-6
498,8867E+0	1,0732E-6	3,0000E+0	897,6457E-3	897,5090E-3	-1,0744E-6
499,3994E+0	1,0642E-6	3,0000E+0	896,5611E-3	896,6750E-3	-1,0663E-6
499,9120E+0	1,0590E-6	3,0000E+0	896,3942E-3	896,0078E-3	-1,0571E-6
500,4247E+0	1,0705E-6	3,0000E+0	895,1426E-3	895,4240E-3	-1,0692E-6
500,9374E+0	1,0593E-6	3,0000E+0	895,3094E-3	895,0905E-3	-1,0581E-6
501,4501E+0	1,0504E-6	3,0000E+0	894,1414E-3	894,1730E-3	-1,0493E-6
501,9628E+0	1,0359E-6	3,0000E+0	893,6408E-3	893,4225E-3	-1,0388E-6
502,4755E+0	1,0718E-6	3,0000E+0	893,7242E-3	893,0055E-3	-1,0676E-6
502,9882E+0	1,0722E-6	3,0000E+0	892,4726E-3	892,1714E-3	-1,0695E-6
503,5008E+0	1,0650E-6	3,0000E+0	892,3891E-3	892,1714E-3	-1,0710E-6
504,0135E+0	1,0721E-6	3,0000E+0	891,4713E-3	891,0873E-3	-1,0675E-6
504,5262E+0	1,0726E-6	3,0000E+0	890,8038E-3	890,4201E-3	-1,0716E-6
505,0389E+0	1,0717E-6	3,0000E+0	890,3032E-3	890,1699E-3	-1,0746E-6
505,5516E+0	1,0709E-6	3,0000E+0	889,8026E-3	889,5028E-3	-1,0701E-6
506,0642E+0	1,0741E-6	3,0000E+0	889,3020E-3	888,8355E-3	-1,0747E-6
506,5770E+0	1,0725E-6	3,0000E+0	888,5511E-3	888,5019E-3	-1,0764E-6
507,0897E+0	1,0711E-6	3,0000E+0	888,3007E-3	888,0849E-3	-1,0717E-6
507,6023E+0	1,0704E-6	3,0000E+0	887,2994E-3	886,9174E-3	-1,0712E-6
508,1150E+0	1,0691E-6	3,0000E+0	886,5485E-3	886,3336E-3	-1,0710E-6
508,6277E+0	1,0690E-6	3,0000E+0	885,2969E-3	885,8331E-3	-1,0646E-6
509,1404E+0	1,0654E-6	3,0000E+0	885,7141E-3	885,4995E-3	-1,0714E-6
509,6531E+0	1,0657E-6	3,0000E+0	884,7963E-3	884,6655E-3	-1,0609E-6
510,1658E+0	1,0642E-6	3,0000E+0	884,2956E-3	884,0818E-3	-1,0678E-6
510,6785E+0	1,0648E-6	3,0000E+0	884,0454E-3	883,7482E-3	-1,0664E-6
511,1912E+0	1,0664E-6	3,0000E+0	883,5447E-3	883,1644E-3	-1,0659E-6
511,7039E+0	1,0561E-6	3,0000E+0	882,2931E-3	882,5806E-3	-1,0598E-6
512,2166E+0	1,0562E-6	3,0000E+0	881,8759E-3	881,9134E-3	-1,0574E-6
512,7293E+0	1,0633E-6	3,0000E+0	881,1250E-3	881,4964E-3	-1,0592E-6
513,2421E+0	1,0621E-6	3,0000E+0	880,7913E-3	880,6624E-3	-1,0673E-6
513,7547E+0	1,0688E-6	3,0000E+0	880,2906E-3	879,9953E-3	-1,0642E-6
514,2674E+0	1,0674E-6	3,0000E+0	879,9568E-3	879,6617E-3	-1,0685E-6
514,7801E+0	1,0657E-6	3,0000E+0	879,2059E-3	879,3280E-3	-1,0718E-6
515,2928E+0	1,0673E-6	3,0000E+0	879,2894E-3	878,6609E-3	-1,0640E-6
515,8055E+0	1,0662E-6	3,0000E+0	878,3716E-3	878,1604E-3	-1,0640E-6
