Time	Cur1	Volt1	Volt2	Volt3	Cur4
640,6817E-3	1,7228E-3	3,0000E+0	2,9949E+0	2,9959E+0	-1,7236E-3
1,1534E+0	1,6907E-3	3,0000E+0	2,9973E+0	2,9979E+0	-1,6909E-3
1,6661E+0	1,4581E-3	3,0000E+0	2,9974E+0	2,9983E+0	-1,4584E-3
2,1787E+0	1,2875E-3	3,0000E+0	2,9978E+0	2,9988E+0	-1,2877E-3
2,6914E+0	1,1651E-3	3,0000E+0	2,9983E+0	2,9990E+0	-1,1653E-3
3,2041E+0	1,0796E-3	3,0000E+0	2,9986E+0	2,9991E+0	-1,0799E-3
3,7168E+0	1,0241E-3	3,0000E+0	2,9981E+0	2,9991E+0	-1,0243E-3
4,2294E+0	958,1127E-6	3,0000E+0	2,9977E+0	2,9993E+0	-958,3205E-6
4,7421E+0	828,4783E-6	3,0000E+0	2,9970E+0	2,9981E+0	-828,8446E-6
5,2548E+0	702,7952E-6	3,0000E+0	2,9986E+0	2,9995E+0	-702,8985E-6
5,7675E+0	688,1251E-6	3,0000E+0	2,9988E+0	2,9999E+0	-688,2742E-6
6,2802E+0	718,0117E-6	3,0000E+0	2,9985E+0	2,9997E+0	-718,1953E-6
6,7929E+0	828,7305E-6	3,0000E+0	2,9978E+0	2,9986E+0	-829,0127E-6
7,3056E+0	713,7242E-6	3,0000E+0	2,9988E+0	2,9999E+0	-714,4551E-6
7,8183E+0	1,4112E-3	3,0000E+0	2,9973E+0	2,9983E+0	-1,4116E-3
8,3310E+0	653,0263E-6	3,0000E+0	2,9988E+0	2,9997E+0	-653,1841E-6
8,8437E+0	1,1949E-3	3,0000E+0	2,9976E+0	2,9990E+0	-1,1950E-3
9,3564E+0	466,0990E-6	3,0000E+0	2,9988E+0	3,0002E+0	-466,1773E-6
9,8691E+0	973,4973E-6	3,0000E+0	2,9982E+0	2,9996E+0	-973,9114E-6
10,3818E+0	469,6719E-6	3,0000E+0	2,9994E+0	3,0001E+0	-470,0015E-6
10,8945E+0	819,0626E-6	3,0000E+0	2,9990E+0	2,9996E+0	-819,0950E-6
11,4072E+0	497,3726E-6	3,0000E+0	2,9995E+0	3,0001E+0	-497,8634E-6
11,9199E+0	785,0567E-6	3,0000E+0	2,9988E+0	2,9996E+0	-785,2656E-6
12,4326E+0	535,6661E-6	3,0000E+0	2,9987E+0	2,9998E+0	-535,8531E-6
12,9453E+0	714,1865E-6	3,0000E+0	2,9987E+0	2,9996E+0	-714,2870E-6
13,5716E+0	240,6450E-6	3,0000E+0	2,9983E+0	2,9995E+0	-240,7085E-6
14,1974E+0	420,1553E-6	3,0000E+0	2,9992E+0	2,9999E+0	-420,2031E-6
14,8237E+0	279,0896E-6	3,0000E+0	2,9974E+0	2,9984E+0	-279,0663E-6
15,3364E+0	293,9299E-6	3,0000E+0	2,9999E+0	3,0006E+0	-293,9428E-6
15,9622E+0	602,7952E-6	3,0000E+0	2,9983E+0	2,9994E+0	-603,0075E-6
16,5885E+0	214,7951E-6	3,0000E+0	2,9989E+0	3,0000E+0	-214,8101E-6
17,2143E+0	276,6495E-6	3,0000E+0	2,9997E+0	3,0004E+0	-277,1113E-6
17,8406E+0	268,5932E-6	3,0000E+0	2,9977E+0	2,9984E+0	-268,6372E-6
18,3533E+0	271,5747E-6	3,0000E+0	2,9990E+0	3,0005E+0	-271,5587E-6
18,9791E+0	578,4992E-6	3,0000E+0	2,9986E+0	2,9997E+0	-578,8017E-6
19,6054E+0	202,3854E-6	3,0000E+0	2,9989E+0	3,0000E+0	-202,4263E-6
20,1181E+0	453,3812E-6	3,0000E+0	2,9999E+0	3,0009E+0	-453,4442E-6
20,6308E+0	426,3792E-6	3,0000E+0	2,9988E+0	3,0003E+0	-426,4150E-6
21,1435E+0	415,1259E-6	3,0000E+0	2,9997E+0	3,0009E+0	-415,1872E-6
21,6562E+0	391,2525E-6	3,0000E+0	2,9986E+0	3,0001E+0	-391,3066E-6
22,1689E+0	367,5433E-6	3,0000E+0	2,9997E+0	3,0005E+0	-367,5941E-6
22,6816E+0	389,1331E-6	3,0000E+0	2,9993E+0	3,0003E+0	-389,2132E-6
23,1943E+0	312,2187E-6	3,0000E+0	2,9994E+0	3,0005E+0	-312,2159E-6
23,7070E+0	367,0512E-6	3,0000E+0	2,9981E+0	2,9988E+0	-367,0771E-6
24,2197E+0	264,9682E-6	3,0000E+0	2,9999E+0	3,0009E+0	-265,0263E-6
24,7324E+0	359,7256E-6	3,0000E+0	2,9996E+0	3,0003E+0	-359,7628E-6
25,2451E+0	247,6173E-6	3,0000E+0	2,9997E+0	3,0006E+0	-247,6318E-6
25,7578E+0	358,4514E-6	3,0000E+0	2,9994E+0	3,0005E+0	-358,4807E-6
26,2705E+0	243,1765E-6	3,0000E+0	2,9993E+0	3,0007E+0	-243,2516E-6
26,7831E+0	366,6517E-6	3,0000E+0	2,9985E+0	2,9993E+0	-366,6861E-6
27,2959E+0	243,4583E-6	3,0000E+0	2,9988E+0	3,0002E+0	-243,5039E-6
27,9217E+0	499,5585E-6	3,0000E+0	2,9982E+0	2,9988E+0	-500,4689E-6
28,5480E+0	198,5165E-6	3,0000E+0	2,9991E+0	3,0001E+0	-198,5548E-6
29,1738E+0	343,4424E-6	3,0000E+0	2,9996E+0	3,0005E+0	-343,5933E-6
29,8001E+0	290,9190E-6	3,0000E+0	2,9964E+0	2,9971E+0	-290,8742E-6
30,3127E+0	211,5024E-6	3,0000E+0	2,9990E+0	3,0003E+0	-211,5607E-6
30,9385E+0	530,7901E-6	3,0000E+0	2,9977E+0	2,9992E+0	-530,9363E-6
31,5648E+0	189,0084E-6	3,0000E+0	2,9991E+0	3,0001E+0	-189,0631E-6
32,0775E+0	487,4608E-6	3,0000E+0	2,9998E+0	3,0007E+0	-487,4934E-6
32,5902E+0	330,6378E-6	3,0000E+0	2,9993E+0	3,0001E+0	-330,6487E-6
33,1029E+0	401,1224E-6	3,0000E+0	3,0000E+0	3,0009E+0	-401,1640E-6
33,6155E+0	327,4081E-6	3,0000E+0	2,9995E+0	3,0003E+0	-327,4077E-6
34,1283E+0	380,6553E-6	3,0000E+0	2,9991E+0	3,0007E+0	-380,6841E-6
34,6410E+0	332,5175E-6	3,0000E+0	2,9994E+0	3,0003E+0	-332,5403E-6
35,1536E+0	322,5090E-6	3,0000E+0	3,0000E+0	3,0008E+0	-322,5315E-6
35,6663E+0	335,0239E-6	3,0000E+0	2,9989E+0	3,0006E+0	-335,0540E-6
36,1790E+0	286,3268E-6	3,0000E+0	2,9999E+0	3,0007E+0	-286,3806E-6
36,6917E+0	330,5158E-6	3,0000E+0	2,9993E+0	2,9999E+0	-330,5436E-6
37,2044E+0	248,3280E-6	3,0000E+0	2,9989E+0	3,0006E+0	-248,3717E-6
37,7171E+0	321,6974E-6	3,0000E+0	2,9995E+0	3,0002E+0	-321,7412E-6
38,2298E+0	227,6843E-6	3,0000E+0	2,9992E+0	3,0006E+0	-227,7193E-6
38,7425E+0	306,0117E-6	3,0000E+0	2,9989E+0	3,0006E+0	-306,0366E-6
39,2552E+0	204,5343E-6	3,0000E+0	3,0000E+0	3,0008E+0	-204,5449E-6
39,7679E+0	312,1808E-6	3,0000E+0	2,9988E+0	3,0005E+0	-312,2159E-6
40,2806E+0	198,8530E-6	3,0000E+0	2,9998E+0	3,0008E+0	-198,8953E-6
40,7933E+0	414,8315E-6	3,0000E+0	2,9973E+0	2,9983E+0	-414,8846E-6
41,3060E+0	197,3054E-6	3,0000E+0	2,9993E+0	3,0008E+0	-197,3483E-6
41,9318E+0	508,1335E-6	3,0000E+0	2,9978E+0	2,9993E+0	-508,2433E-6
42,5581E+0	180,4675E-6	3,0000E+0	2,9993E+0	3,0001E+0	-180,5003E-6
43,0708E+0	455,4586E-6	3,0000E+0	2,9998E+0	3,0004E+0	-455,5250E-6
43,5835E+0	300,5449E-6	3,0000E+0	2,9994E+0	3,0002E+0	-300,5719E-6
44,0962E+0	391,3451E-6	3,0000E+0	3,0000E+0	3,0007E+0	-391,3865E-6
44,6089E+0	295,3471E-6	3,0000E+0	2,9996E+0	3,0005E+0	-295,3805E-6
45,1216E+0	333,5226E-6	3,0000E+0	3,0000E+0	3,0011E+0	-333,5492E-6
45,6343E+0	311,9622E-6	3,0000E+0	2,9988E+0	3,0003E+0	-311,9763E-6
46,1470E+0	306,6046E-6	3,0000E+0	2,9997E+0	3,0008E+0	-306,6167E-6
46,6597E+0	315,5577E-6	3,0000E+0	2,9996E+0	3,0003E+0	-315,5830E-6
47,1724E+0	262,3231E-6	3,0000E+0	2,9999E+0	3,0008E+0	-262,3654E-6
47,6851E+0	305,5029E-6	3,0000E+0	2,9991E+0	3,0003E+0	-305,5532E-6
48,1978E+0	222,4403E-6	3,0000E+0	2,9978E+0	2,9992E+0	-222,5615E-6
48,7105E+0	296,2386E-6	3,0000E+0	2,9996E+0	3,0007E+0	-296,2716E-6
49,2232E+0	226,0358E-6	3,0000E+0	2,9996E+0	3,0008E+0	-226,0589E-6
49,7359E+0	303,7367E-6	3,0000E+0	2,9994E+0	3,0003E+0	-303,7625E-6
50,2486E+0	205,2408E-6	3,0000E+0	2,9996E+0	3,0004E+0	-205,2763E-6
50,7613E+0	272,2770E-6	3,0000E+0	2,9999E+0	2,9999E+0	-272,2943E-6
51,2740E+0	195,8378E-6	3,0000E+0	2,9995E+0	3,0003E+0	-195,8645E-6
51,7867E+0	368,2203E-6	3,0000E+0	2,9976E+0	2,9985E+0	-368,3129E-6
52,2994E+0	183,1883E-6	3,0000E+0	2,9990E+0	3,0006E+0	-183,2327E-6
52,9252E+0	478,7094E-6	3,0000E+0	2,9979E+0	2,9993E+0	-478,9946E-6
53,5514E+0	161,0644E-6	3,0000E+0	2,9994E+0	3,0001E+0	-161,1049E-6
54,0641E+0	444,7310E-6	3,0000E+0	2,9999E+0	3,0006E+0	-444,7722E-6
54,5768E+0	305,5533E-6	3,0000E+0	2,9988E+0	3,0007E+0	-305,5742E-6
55,0895E+0	392,0305E-6	3,0000E+0	2,9994E+0	3,0008E+0	-392,0843E-6
55,6022E+0	299,2706E-6	3,0000E+0	2,9993E+0	3,0003E+0	-299,2814E-6
56,1149E+0	335,4822E-6	3,0000E+0	2,9993E+0	3,0008E+0	-335,5081E-6
56,6276E+0	295,7466E-6	3,0000E+0	2,9994E+0	3,0004E+0	-295,7546E-6
57,1403E+0	288,6229E-6	3,0000E+0	2,9997E+0	3,0003E+0	-288,6379E-6
57,6530E+0	277,8911E-6	3,0000E+0	2,9995E+0	3,0004E+0	-277,9271E-6
58,1657E+0	238,2185E-6	3,0000E+0	2,9998E+0	3,0009E+0	-238,3292E-6
58,6784E+0	287,8828E-6	3,0000E+0	2,9999E+0	3,0008E+0	-287,8897E-6
59,1911E+0	223,0375E-6	3,0000E+0	2,9999E+0	3,0008E+0	-223,0744E-6
59,7038E+0	321,2685E-6	3,0000E+0	2,9994E+0	3,0003E+0	-321,2957E-6
60,2165E+0	219,4378E-6	3,0000E+0	3,0001E+0	3,0006E+0	-219,4509E-6
60,7292E+0	288,0636E-6	3,0000E+0	2,9994E+0	3,0002E+0	-288,1167E-6
61,2419E+0	194,0043E-6	3,0000E+0	2,9989E+0	3,0003E+0	-194,0359E-6
61,7546E+0	268,5932E-6	3,0000E+0	2,9978E+0	2,9991E+0	-268,6078E-6
62,2673E+0	174,2437E-6	3,0000E+0	3,0000E+0	3,0008E+0	-174,2622E-6
62,7800E+0	353,8929E-6	3,0000E+0	2,9980E+0	2,9988E+0	-353,8778E-6
63,2927E+0	159,5967E-6	3,0000E+0	2,9999E+0	3,0008E+0	-159,6253E-6
63,9185E+0	469,4197E-6	3,0000E+0	2,9984E+0	2,9991E+0	-469,4972E-6
64,5447E+0	163,6506E-6	3,0000E+0	2,9996E+0	3,0003E+0	-163,6691E-6
65,0574E+0	457,0567E-6	3,0000E+0	2,9999E+0	3,0007E+0	-457,0845E-6
65,5701E+0	291,3816E-6	3,0000E+0	2,9995E+0	3,0000E+0	-291,4375E-6
66,0828E+0	393,1618E-6	3,0000E+0	2,9994E+0	3,0006E+0	-393,2276E-6
66,5955E+0	282,7902E-6	3,0000E+0	2,9996E+0	3,0003E+0	-282,8159E-6
67,1082E+0	323,9430E-6	3,0000E+0	2,9993E+0	3,0000E+0	-323,9776E-6
67,6209E+0	259,8673E-6	3,0000E+0	2,9994E+0	3,0003E+0	-259,8853E-6
68,1336E+0	286,3773E-6	3,0000E+0	3,0001E+0	3,0011E+0	-286,3932E-6
68,6463E+0	286,6758E-6	3,0000E+0	2,9995E+0	3,0004E+0	-286,7211E-6
69,1590E+0	256,6586E-6	3,0000E+0	2,9996E+0	3,0008E+0	-256,6864E-6
69,6716E+0	287,6010E-6	3,0000E+0	2,9993E+0	3,0003E+0	-287,6332E-6
70,1844E+0	218,6934E-6	3,0000E+0	2,9997E+0	3,0005E+0	-218,7531E-6
70,6971E+0	257,7520E-6	3,0000E+0	2,9994E+0	3,0008E+0	-257,8087E-6
71,2098E+0	176,0688E-6	3,0000E+0	3,0001E+0	3,0008E+0	-176,0781E-6
71,7225E+0	275,4562E-6	3,0000E+0	2,9997E+0	3,0005E+0	-275,4806E-6
72,2352E+0	157,5950E-6	3,0000E+0	2,9991E+0	3,0008E+0	-157,6285E-6
72,7479E+0	273,2358E-6	3,0000E+0	2,9998E+0	3,0006E+0	-273,2612E-6
73,2606E+0	162,0568E-6	3,0000E+0	2,9999E+0	3,0007E+0	-162,0970E-6
73,7733E+0	333,1735E-6	3,0000E+0	2,9976E+0	2,9991E+0	-333,1877E-6
74,2860E+0	167,4354E-6	3,0000E+0	2,9995E+0	3,0003E+0	-167,4524E-6
74,7987E+0	489,3153E-6	3,0000E+0	2,9983E+0	2,9989E+0	-489,3639E-6
75,3114E+0	175,7702E-6	3,0000E+0	2,9994E+0	3,0008E+0	-175,8007E-6
75,9372E+0	503,3416E-6	3,0000E+0	2,9978E+0	2,9994E+0	-503,4106E-6
76,5635E+0	167,3597E-6	3,0000E+0	2,9991E+0	3,0001E+0	-167,3389E-6
77,0762E+0	380,9917E-6	3,0000E+0	3,0001E+0	3,0005E+0	-381,0372E-6
77,5889E+0	277,4032E-6	3,0000E+0	2,9991E+0	3,0001E+0	-277,4143E-6
78,1016E+0	301,6004E-6	3,0000E+0	2,9988E+0	3,0002E+0	-301,6228E-6
78,6143E+0	263,7529E-6	3,0000E+0	2,9996E+0	3,0004E+0	-263,7736E-6
79,2505E+0	-68,5411E-9	3,0000E+0	2,9988E+0	3,0003E+0	71,5626E-9
79,7632E+0	-66,6053E-9	3,0000E+0	2,9927E+0	2,9934E+0	66,6956E-9
80,2759E+0	-64,9599E-9	3,0000E+0	2,9889E+0	2,9898E+0	62,7457E-9
80,7886E+0	-60,8652E-9	3,0000E+0	2,9824E+0	2,9833E+0	64,5461E-9
81,3013E+0	-59,9899E-9	3,0000E+0	2,9792E+0	2,9801E+0	58,6402E-9
81,8140E+0	-57,0441E-9	3,0000E+0	2,9733E+0	2,9740E+0	56,3308E-9
82,3267E+0	-54,8179E-9	3,0000E+0	2,9689E+0	2,9703E+0	57,4035E-9
82,8394E+0	-52,6633E-9	3,0000E+0	2,9640E+0	2,9646E+0	50,5468E-9
83,3521E+0	-51,0094E-9	3,0000E+0	2,9616E+0	2,9622E+0	51,0012E-9
83,8648E+0	-47,3945E-9	3,0000E+0	2,9545E+0	2,9553E+0	49,5709E-9
84,3775E+0	-45,8711E-9	3,0000E+0	2,9498E+0	2,9508E+0	42,8279E-9
84,8902E+0	-43,4176E-9	3,0000E+0	2,9462E+0	2,9476E+0	45,1583E-9
85,4029E+0	-40,8043E-9	3,0000E+0	2,9409E+0	2,9417E+0	41,3809E-9
86,0369E+0	-39,4797E-9	3,0000E+0	2,9348E+0	2,9364E+0	36,5518E-9
86,5496E+0	-25,7687E-9	3,0000E+0	2,9104E+0	2,9114E+0	27,6992E-9
87,0623E+0	-14,1483E-9	3,0000E+0	2,8824E+0	2,8831E+0	15,1920E-9
87,5749E+0	-10,2645E-9	3,0000E+0	2,8726E+0	2,8741E+0	7,5706E-9
88,0876E+0	-7,5615E-9	3,0000E+0	2,8694E+0	2,8710E+0	10,1084E-9
88,6003E+0	-6,8848E-9	3,0000E+0	2,8665E+0	2,8676E+0	5,7164E-9
89,1130E+0	-6,1585E-9	3,0000E+0	2,8644E+0	2,8654E+0	4,7051E-9
89,8679E+0	-3,7097E-9	3,0000E+0	2,8599E+0	2,8604E+0	6,0600E-9
90,6228E+0	-3,9698E-9	3,0000E+0	2,8571E+0	2,8585E+0	5,4185E-9
91,3776E+0	-4,5795E-9	3,0000E+0	2,8582E+0	2,8594E+0	2,6704E-9
91,9102E+0	20,8119E-9	3,0000E+0	2,8082E+0	2,8093E+0	-20,6243E-9
92,4228E+0	43,6461E-9	3,0000E+0	2,7558E+0	2,7571E+0	-41,5415E-9
93,0556E+0	67,5755E-9	3,0000E+0	2,7029E+0	2,7034E+0	-70,2512E-9
93,5682E+0	88,8581E-9	3,0000E+0	2,6550E+0	2,6563E+0	-87,7744E-9
94,0809E+0	109,2484E-9	3,0000E+0	2,6107E+0	2,6111E+0	-107,9938E-9
94,5936E+0	128,5908E-9	3,0000E+0	2,5657E+0	2,5667E+0	-131,0945E-9
95,1063E+0	149,1452E-9	3,0000E+0	2,5216E+0	2,5224E+0	-146,6408E-9
95,6190E+0	169,4303E-9	3,0000E+0	2,4764E+0	2,4772E+0	-169,3503E-9
96,1316E+0	187,3376E-9	3,0000E+0	2,4356E+0	2,4364E+0	-189,4014E-9
96,6443E+0	207,6480E-9	3,0000E+0	2,3916E+0	2,3923E+0	-204,6322E-9
97,1570E+0	225,3701E-9	3,0000E+0	2,3495E+0	2,3506E+0	-226,1934E-9
97,6697E+0	243,7361E-9	3,0000E+0	2,3082E+0	2,3085E+0	-244,4738E-9
98,1824E+0	262,9143E-9	3,0000E+0	2,2644E+0	2,2651E+0	-260,5795E-9
98,6951E+0	281,5329E-9	3,0000E+0	2,2207E+0	2,2214E+0	-283,9493E-9
99,2078E+0	300,6143E-9	3,0000E+0	2,1785E+0	2,1792E+0	-299,9919E-9
99,7204E+0	320,3355E-9	3,0000E+0	2,1338E+0	2,1344E+0	-318,3270E-9
100,2331E+0	337,8514E-9	3,0000E+0	2,0924E+0	2,0931E+0	-340,5906E-9
100,7458E+0	358,1449E-9	3,0000E+0	2,0476E+0	2,0481E+0	-356,3850E-9
101,2585E+0	376,7971E-9	3,0000E+0	2,0047E+0	2,0052E+0	-375,4982E-9
101,7712E+0	395,4998E-9	3,0000E+0	1,9606E+0	1,9611E+0	-398,0268E-9
102,2840E+0	414,9642E-9	3,0000E+0	1,9174E+0	1,9183E+0	-412,8328E-9
102,7966E+0	434,6475E-9	3,0000E+0	1,8709E+0	1,8715E+0	-434,8062E-9
103,3093E+0	453,4554E-9	3,0000E+0	1,8276E+0	1,8286E+0	-455,0256E-9
103,8220E+0	477,3303E-9	3,0000E+0	1,7751E+0	1,7754E+0	-474,4584E-9
104,3347E+0	495,2713E-9	3,0000E+0	1,7317E+0	1,7324E+0	-495,9650E-9
104,9674E+0	509,6869E-9	3,0000E+0	1,7014E+0	1,7021E+0	-507,3846E-9
105,4801E+0	511,1598E-9	3,0000E+0	1,6940E+0	1,6948E+0	-509,1513E-9
105,9928E+0	512,7591E-9	3,0000E+0	1,6847E+0	1,6858E+0	-516,3440E-9
106,5055E+0	516,3363E-9	3,0000E+0	1,6768E+0	1,6772E+0	-518,2789E-9
107,0182E+0	519,0719E-9	3,0000E+0	1,6672E+0	1,6675E+0	-519,6669E-9
107,5309E+0	520,9237E-9	3,0000E+0	1,6579E+0	1,6588E+0	-526,0184E-9
108,0436E+0	525,3847E-9	3,0000E+0	1,6474E+0	1,6480E+0	-524,7144E-9
108,5563E+0	529,9720E-9	3,0000E+0	1,6377E+0	1,6384E+0	-525,7660E-9
109,0690E+0	532,0342E-9	3,0000E+0	1,6280E+0	1,6287E+0	-537,4172E-9
109,5817E+0	537,1685E-9	3,0000E+0	1,6167E+0	1,6179E+0	-534,9776E-9
110,0944E+0	541,8821E-9	3,0000E+0	1,6064E+0	1,6071E+0	-539,6045E-9
110,6071E+0	542,5975E-9	3,0000E+0	1,6013E+0	1,6021E+0	-542,3806E-9
111,1198E+0	543,6497E-9	3,0000E+0	1,5980E+0	1,5996E+0	-538,9315E-9
111,6325E+0	542,2609E-9	3,0000E+0	1,5962E+0	1,5972E+0	-542,1282E-9
112,1452E+0	541,6717E-9	3,0000E+0	1,5943E+0	1,5953E+0	-546,2083E-9
112,6578E+0	542,1346E-9	3,0000E+0	1,5928E+0	1,5929E+0	-541,3290E-9
113,1705E+0	541,6717E-9	3,0000E+0	1,5902E+0	1,5908E+0	-544,2313E-9
113,6833E+0	542,5555E-9	3,0000E+0	1,5880E+0	1,5890E+0	-542,1703E-9
114,1960E+0	541,2087E-9	3,0000E+0	1,5863E+0	1,5868E+0	-541,3711E-9
114,7086E+0	541,1667E-9	3,0000E+0	1,5834E+0	1,5844E+0	-540,4457E-9
115,2214E+0	539,8200E-9	3,0000E+0	1,5814E+0	1,5824E+0	-542,9275E-9
115,7340E+0	540,9984E-9	3,0000E+0	1,5791E+0	1,5800E+0	-535,3983E-9
116,2467E+0	539,5253E-9	3,0000E+0	1,5775E+0	1,5779E+0	-541,4552E-9
116,7594E+0	539,2728E-9	3,0000E+0	1,5748E+0	1,5753E+0	-540,9084E-9
117,2721E+0	540,4933E-9	3,0000E+0	1,5719E+0	1,5728E+0	-535,6927E-9
117,7849E+0	539,8620E-9	3,0000E+0	1,5700E+0	1,5706E+0	-539,8569E-9
118,2975E+0	539,4411E-9	3,0000E+0	1,5673E+0	1,5682E+0	-539,3521E-9
118,8102E+0	540,4512E-9	3,0000E+0	1,5647E+0	1,5659E+0	-536,9125E-9
119,3229E+0	538,6837E-9	3,0000E+0	1,5630E+0	1,5635E+0	-544,1051E-9
119,8356E+0	540,6616E-9	3,0000E+0	1,5600E+0	1,5609E+0	-536,8284E-9
120,3483E+0	540,4512E-9	3,0000E+0	1,5578E+0	1,5584E+0	-537,3332E-9
120,8610E+0	539,3570E-9	3,0000E+0	1,5553E+0	1,5561E+0	-541,6235E-9
121,3737E+0	540,8300E-9	3,0000E+0	1,5523E+0	1,5538E+0	-536,7021E-9
121,8864E+0	539,3570E-9	3,0000E+0	1,5504E+0	1,5514E+0	-542,2544E-9
122,3991E+0	539,4411E-9	3,0000E+0	1,5481E+0	1,5488E+0	-543,7687E-9
122,9118E+0	540,1145E-9	3,0000E+0	1,5455E+0	1,5461E+0	-538,6370E-9
123,4245E+0	540,1566E-9	3,0000E+0	1,5430E+0	1,5436E+0	-542,8433E-9
123,9372E+0	539,6937E-9	3,0000E+0	1,5398E+0	1,5412E+0	-542,8854E-9
124,4499E+0	540,2408E-9	3,0000E+0	1,5392E+0	1,5398E+0	-536,4498E-9
124,9626E+0	539,1886E-9	3,0000E+0	1,5389E+0	1,5400E+0	-537,8799E-9
125,4753E+0	536,6635E-9	3,0000E+0	1,5393E+0	1,5401E+0	-541,3711E-9
125,9880E+0	536,3689E-9	3,0000E+0	1,5392E+0	1,5398E+0	-534,7673E-9
126,5007E+0	535,3589E-9	3,0000E+0	1,5393E+0	1,5401E+0	-538,7212E-9
127,0134E+0	533,6334E-9	3,0000E+0	1,5394E+0	1,5399E+0	-536,8284E-9
127,5261E+0	533,4230E-9	3,0000E+0	1,5382E+0	1,5390E+0	-529,5936E-9
128,0388E+0	531,4450E-9	3,0000E+0	1,5380E+0	1,5389E+0	-531,8650E-9
128,5515E+0	530,0562E-9	3,0000E+0	1,5375E+0	1,5384E+0	-527,1119E-9
129,0642E+0	528,4148E-9	3,0000E+0	1,5374E+0	1,5384E+0	-525,8080E-9
129,5769E+0	525,9318E-9	3,0000E+0	1,5371E+0	1,5383E+0	-526,6913E-9
130,0896E+0	525,3005E-9	3,0000E+0	1,5365E+0	1,5377E+0	-522,6954E-9
130,6023E+0	523,9959E-9	3,0000E+0	1,5362E+0	1,5375E+0	-522,2748E-9
131,1150E+0	521,8916E-9	3,0000E+0	1,5363E+0	1,5371E+0	-524,5461E-9
131,6277E+0	521,6391E-9	3,0000E+0	1,5359E+0	1,5364E+0	-518,3209E-9
132,1404E+0	519,3244E-9	3,0000E+0	1,5354E+0	1,5363E+0	-520,0876E-9
132,6531E+0	519,4086E-9	3,0000E+0	1,5349E+0	1,5361E+0	-520,1296E-9
133,1658E+0	519,4086E-9	3,0000E+0	1,5349E+0	1,5353E+0	-514,9559E-9
133,6785E+0	518,4406E-9	3,0000E+0	1,5341E+0	1,5349E+0	-516,3440E-9
134,1911E+0	517,7673E-9	3,0000E+0	1,5342E+0	1,5347E+0	-517,9423E-9
134,7038E+0	517,7673E-9	3,0000E+0	1,5330E+0	1,5343E+0	-513,9044E-9
135,2165E+0	516,5468E-9	3,0000E+0	1,5328E+0	1,5338E+0	-515,6289E-9
135,7292E+0	516,8413E-9	3,0000E+0	1,5327E+0	1,5334E+0	-517,3535E-9
136,2419E+0	517,0097E-9	3,0000E+0	1,5324E+0	1,5328E+0	-513,1893E-9
136,7546E+0	516,3363E-9	3,0000E+0	1,5315E+0	1,5323E+0	-517,2273E-9
137,2673E+0	516,0838E-9	3,0000E+0	1,5312E+0	1,5319E+0	-514,6194E-9
137,7800E+0	515,1159E-9	3,0000E+0	1,5304E+0	1,5310E+0	-511,9695E-9
138,2927E+0	513,0958E-9	3,0000E+0	1,5302E+0	1,5309E+0	-516,1336E-9
138,8054E+0	512,5066E-9	3,0000E+0	1,5296E+0	1,5303E+0	-515,6289E-9
139,3181E+0	513,3062E-9	3,0000E+0	1,5287E+0	1,5296E+0	-507,8474E-9
139,8308E+0	511,6228E-9	3,0000E+0	1,5284E+0	1,5293E+0	-512,6004E-9
140,3435E+0	508,8452E-9	3,0000E+0	1,5278E+0	1,5283E+0	-509,7402E-9
140,8562E+0	509,8552E-9	3,0000E+0	1,5274E+0	1,5279E+0	-507,9736E-9
141,3689E+0	507,0355E-9	3,0000E+0	1,5265E+0	1,5273E+0	-509,4457E-9
141,8816E+0	507,6668E-9	3,0000E+0	1,5261E+0	1,5269E+0	-504,2300E-9
142,3943E+0	506,1096E-9	3,0000E+0	1,5253E+0	1,5262E+0	-505,1554E-9
142,9070E+0	505,8151E-9	3,0000E+0	1,5252E+0	1,5258E+0	-510,7918E-9
143,4197E+0	506,3201E-9	3,0000E+0	1,5239E+0	1,5250E+0	-505,5760E-9
143,9324E+0	505,8151E-9	3,0000E+0	1,5235E+0	1,5244E+0	-506,4172E-9
144,4451E+0	506,3621E-9	3,0000E+0	1,5236E+0	1,5239E+0	-510,1187E-9
144,9577E+0	506,4463E-9	3,0000E+0	1,5224E+0	1,5228E+0	-503,0943E-9
145,4704E+0	505,6046E-9	3,0000E+0	1,5220E+0	1,5228E+0	-507,9736E-9
145,9831E+0	506,5726E-9	3,0000E+0	1,5212E+0	1,5220E+0	-506,6275E-9
146,4958E+0	505,8571E-9	3,0000E+0	1,5204E+0	1,5215E+0	-505,3236E-9
147,0085E+0	506,3621E-9	3,0000E+0	1,5198E+0	1,5205E+0	-506,2910E-9
147,5212E+0	506,1938E-9	3,0000E+0	1,5194E+0	1,5203E+0	-508,9831E-9
148,0339E+0	507,7931E-9	3,0000E+0	1,5190E+0	1,5193E+0	-502,8840E-9
148,5466E+0	507,3722E-9	3,0000E+0	1,5181E+0	1,5188E+0	-508,7728E-9
149,0593E+0	507,5826E-9	3,0000E+0	1,5175E+0	1,5181E+0	-508,7728E-9
149,5720E+0	508,2559E-9	3,0000E+0	1,5167E+0	1,5176E+0	-506,3752E-9
150,0847E+0	508,2559E-9	3,0000E+0	1,5160E+0	1,5166E+0	-507,3426E-9
150,5974E+0	507,5405E-9	3,0000E+0	1,5151E+0	1,5160E+0	-508,0577E-9
151,1101E+0	507,0355E-9	3,0000E+0	1,5149E+0	1,5153E+0	-507,2584E-9
151,6228E+0	507,9193E-9	3,0000E+0	1,5139E+0	1,5148E+0	-509,6981E-9
152,1355E+0	507,6668E-9	3,0000E+0	1,5133E+0	1,5138E+0	-506,0387E-9
152,6482E+0	506,3621E-9	3,0000E+0	1,5127E+0	1,5135E+0	-506,7958E-9
153,1609E+0	506,2359E-9	3,0000E+0	1,5118E+0	1,5124E+0	-507,2584E-9
153,6736E+0	505,3521E-9	3,0000E+0	1,5113E+0	1,5119E+0	-508,4783E-9
154,1863E+0	505,3521E-9	3,0000E+0	1,5105E+0	1,5111E+0	-505,2815E-9
154,6990E+0	506,1517E-9	3,0000E+0	1,5094E+0	1,5106E+0	-505,9966E-9
155,2116E+0	505,0575E-9	3,0000E+0	1,5092E+0	1,5101E+0	-508,3942E-9
155,7243E+0	506,4884E-9	3,0000E+0	1,5085E+0	1,5093E+0	-504,5665E-9
156,2371E+0	505,7309E-9	3,0000E+0	1,5076E+0	1,5081E+0	-506,6696E-9
156,7498E+0	506,6146E-9	3,0000E+0	1,5070E+0	1,5077E+0	-504,5245E-9
157,2624E+0	507,6247E-9	3,0000E+0	1,5060E+0	1,5067E+0	-503,5149E-9
157,7752E+0	505,5204E-9	3,0000E+0	1,5051E+0	1,5062E+0	-510,9600E-9
158,2879E+0	507,6668E-9	3,0000E+0	1,5046E+0	1,5057E+0	-506,2910E-9
158,8005E+0	507,9614E-9	3,0000E+0	1,5040E+0	1,5051E+0	-505,8284E-9
159,3132E+0	507,4143E-9	3,0000E+0	1,5031E+0	1,5036E+0	-508,3942E-9
159,8260E+0	506,9513E-9	3,0000E+0	1,5026E+0	1,5034E+0	-508,4362E-9
160,3387E+0	507,8772E-9	3,0000E+0	1,5016E+0	1,5026E+0	-508,6045E-9
160,8514E+0	507,3722E-9	3,0000E+0	1,5006E+0	1,5020E+0	-511,9695E-9
161,3641E+0	508,4664E-9	3,0000E+0	1,5004E+0	1,5012E+0	-508,8148E-9
161,8768E+0	508,2559E-9	3,0000E+0	1,4995E+0	1,5002E+0	-508,9410E-9
162,3894E+0	509,0556E-9	3,0000E+0	1,4987E+0	1,4995E+0	-510,2449E-9
162,9021E+0	509,1398E-9	3,0000E+0	1,4981E+0	1,4989E+0	-507,1323E-9
163,4148E+0	509,5606E-9	3,0000E+0	1,4971E+0	1,4981E+0	-506,1228E-9
163,9275E+0	507,2038E-9	3,0000E+0	1,4969E+0	1,4972E+0	-513,2313E-9
164,4402E+0	508,7610E-9	3,0000E+0	1,4958E+0	1,4965E+0	-507,9315E-9
164,9529E+0	506,4884E-9	3,0000E+0	1,4952E+0	1,4955E+0	-508,4362E-9
165,4656E+0	506,6988E-9	3,0000E+0	1,4942E+0	1,4948E+0	-506,8379E-9
165,9783E+0	505,3942E-9	3,0000E+0	1,4932E+0	1,4938E+0	-502,4213E-9
166,4910E+0	503,9633E-9	3,0000E+0	1,4925E+0	1,4936E+0	-507,5109E-9
167,0037E+0	504,6787E-9	3,0000E+0	1,4919E+0	1,4927E+0	-506,4172E-9
167,5164E+0	505,4783E-9	3,0000E+0	1,4912E+0	1,4918E+0	-501,1174E-9
168,0291E+0	504,0475E-9	3,0000E+0	1,4902E+0	1,4905E+0	-504,9872E-9
168,5418E+0	503,2057E-9	3,0000E+0	1,4896E+0	1,4902E+0	-507,0061E-9
169,0545E+0	503,7529E-9	3,0000E+0	1,4890E+0	1,4895E+0	-504,3983E-9
169,5672E+0	503,7108E-9	3,0000E+0	1,4882E+0	1,4888E+0	-507,2584E-9
170,0799E+0	503,4162E-9	3,0000E+0	1,4872E+0	1,4882E+0	-506,5855E-9
170,5926E+0	503,7108E-9	3,0000E+0	1,4866E+0	1,4872E+0	-503,5149E-9
171,1053E+0	503,7950E-9	3,0000E+0	1,4856E+0	1,4863E+0	-502,9261E-9
171,6180E+0	504,2158E-9	3,0000E+0	1,4851E+0	1,4858E+0	-503,1785E-9
172,1307E+0	504,7629E-9	3,0000E+0	1,4841E+0	1,4851E+0	-502,0848E-9
172,6434E+0	503,7950E-9	3,0000E+0	1,4833E+0	1,4840E+0	-505,7022E-9
173,1561E+0	504,8471E-9	3,0000E+0	1,4818E+0	1,4831E+0	-502,7157E-9
173,6688E+0	505,2679E-9	3,0000E+0	1,4816E+0	1,4823E+0	-500,1079E-9
174,1815E+0	504,8471E-9	3,0000E+0	1,4809E+0	1,4816E+0	-504,9030E-9
174,6942E+0	503,6266E-9	3,0000E+0	1,4793E+0	1,4806E+0	-504,1038E-9
175,2069E+0	504,3420E-9	3,0000E+0	1,4790E+0	1,4801E+0	-504,0617E-9
175,7196E+0	505,3521E-9	3,0000E+0	1,4779E+0	1,4790E+0	-505,1975E-9
176,2323E+0	504,5104E-9	3,0000E+0	1,4778E+0	1,4784E+0	-504,9872E-9
176,7450E+0	504,8892E-9	3,0000E+0	1,4759E+0	1,4773E+0	-500,4865E-9
177,2577E+0	504,4683E-9	3,0000E+0	1,4755E+0	1,4766E+0	-504,9872E-9
177,7704E+0	505,2679E-9	3,0000E+0	1,4751E+0	1,4760E+0	-503,3046E-9
178,2831E+0	505,6046E-9	3,0000E+0	1,4741E+0	1,4751E+0	-502,5054E-9
178,7958E+0	505,3100E-9	3,0000E+0	1,4729E+0	1,4741E+0	-504,4823E-9
179,3085E+0	505,2679E-9	3,0000E+0	1,4729E+0	1,4737E+0	-504,0617E-9
179,8212E+0	504,3000E-9	3,0000E+0	1,4714E+0	1,4726E+0	-506,1228E-9
180,3339E+0	504,1316E-9	3,0000E+0	1,4707E+0	1,4715E+0	-507,0061E-9
180,8466E+0	507,1618E-9	3,0000E+0	1,4703E+0	1,4711E+0	-503,0943E-9
181,3593E+0	508,1718E-9	3,0000E+0	1,4696E+0	1,4703E+0	-507,4688E-9
181,8720E+0	507,4564E-9	3,0000E+0	1,4684E+0	1,4692E+0	-509,1933E-9
182,3847E+0	509,5185E-9	3,0000E+0	1,4679E+0	1,4687E+0	-505,6601E-9
182,8974E+0	508,7189E-9	3,0000E+0	1,4669E+0	1,4676E+0	-509,4457E-9
183,4101E+0	510,4444E-9	3,0000E+0	1,4661E+0	1,4669E+0	-510,8338E-9
183,9228E+0	509,9394E-9	3,0000E+0	1,4652E+0	1,4661E+0	-508,7307E-9
184,4355E+0	510,7811E-9	3,0000E+0	1,4645E+0	1,4653E+0	-510,8338E-9
184,9482E+0	510,0235E-9	3,0000E+0	1,4634E+0	1,4645E+0	-511,0862E-9
185,4608E+0	511,5386E-9	3,0000E+0	1,4629E+0	1,4638E+0	-510,3290E-9
185,9735E+0	511,1598E-9	3,0000E+0	1,4623E+0	1,4630E+0	-512,8107E-9
186,4862E+0	510,6969E-9	3,0000E+0	1,4614E+0	1,4620E+0	-513,1893E-9
186,9989E+0	512,2541E-9	3,0000E+0	1,4608E+0	1,4614E+0	-510,8759E-9
187,5116E+0	513,2221E-9	3,0000E+0	1,4596E+0	1,4603E+0	-512,9369E-9
188,0242E+0	513,2641E-9	3,0000E+0	1,4588E+0	1,4595E+0	-515,1242E-9
188,5369E+0	515,1159E-9	3,0000E+0	1,4582E+0	1,4587E+0	-514,2409E-9
189,0497E+0	515,4526E-9	3,0000E+0	1,4567E+0	1,4577E+0	-516,4281E-9
189,5623E+0	515,5367E-9	3,0000E+0	1,4566E+0	1,4573E+0	-519,0780E-9
190,0750E+0	517,9356E-9	3,0000E+0	1,4552E+0	1,4560E+0	-513,1893E-9
190,5877E+0	518,1881E-9	3,0000E+0	1,4546E+0	1,4554E+0	-518,5732E-9
191,1004E+0	517,1360E-9	3,0000E+0	1,4536E+0	1,4546E+0	-515,7971E-9
191,6131E+0	517,0939E-9	3,0000E+0	1,4530E+0	1,4537E+0	-513,0210E-9
192,1258E+0	514,5267E-9	3,0000E+0	1,4515E+0	1,4527E+0	-518,4050E-9
192,6385E+0	514,5688E-9	3,0000E+0	1,4510E+0	1,4523E+0	-513,9885E-9
193,1512E+0	514,1479E-9	3,0000E+0	1,4502E+0	1,4510E+0	-514,0305E-9
193,6639E+0	512,4645E-9	3,0000E+0	1,4497E+0	1,4504E+0	-517,3114E-9
194,1766E+0	513,0537E-9	3,0000E+0	1,4487E+0	1,4494E+0	-510,8338E-9
194,6893E+0	513,7691E-9	3,0000E+0	1,4474E+0	1,4488E+0	-511,8433E-9
195,2020E+0	513,2641E-9	3,0000E+0	1,4472E+0	1,4479E+0	-514,9980E-9
195,7147E+0	514,2321E-9	3,0000E+0	1,4461E+0	1,4471E+0	-512,3901E-9
196,2274E+0	514,2742E-9	3,0000E+0	1,4452E+0	1,4460E+0	-512,8949E-9
196,7401E+0	514,8213E-9	3,0000E+0	1,4442E+0	1,4451E+0	-518,5312E-9
197,2528E+0	515,7051E-9	3,0000E+0	1,4437E+0	1,4442E+0	-514,7036E-9
197,7655E+0	516,7993E-9	3,0000E+0	1,4425E+0	1,4434E+0	-519,0360E-9
198,2782E+0	517,6410E-9	3,0000E+0	1,4420E+0	1,4427E+0	-520,3399E-9
198,7909E+0	517,8514E-9	3,0000E+0	1,4414E+0	1,4421E+0	-517,7320E-9
199,3036E+0	518,9456E-9	3,0000E+0	1,4400E+0	1,4409E+0	-517,0590E-9
199,8163E+0	518,1039E-9	3,0000E+0	1,4395E+0	1,4399E+0	-516,8487E-9
200,3290E+0	519,6190E-9	3,0000E+0	1,4385E+0	1,4390E+0	-513,3996E-9
200,8417E+0	518,6931E-9	3,0000E+0	1,4377E+0	1,4384E+0	-516,5123E-9
201,3544E+0	518,9877E-9	3,0000E+0	1,4368E+0	1,4375E+0	-516,7646E-9
201,8671E+0	521,5549E-9	3,0000E+0	1,4358E+0	1,4366E+0	-516,5543E-9
202,3798E+0	520,5449E-9	3,0000E+0	1,4352E+0	1,4360E+0	-520,9288E-9
202,8925E+0	520,5028E-9	3,0000E+0	1,4344E+0	1,4354E+0	-520,8867E-9
203,4052E+0	519,5348E-9	3,0000E+0	1,4337E+0	1,4341E+0	-519,0360E-9
203,9179E+0	519,4086E-9	3,0000E+0	1,4326E+0	1,4332E+0	-519,6248E-9
204,4306E+0	520,2503E-9	3,0000E+0	1,4319E+0	1,4326E+0	-518,6153E-9
204,9433E+0	518,6931E-9	3,0000E+0	1,4309E+0	1,4318E+0	-519,9193E-9
205,4560E+0	518,6931E-9	3,0000E+0	1,4295E+0	1,4306E+0	-520,7185E-9
205,9687E+0	523,3646E-9	3,0000E+0	1,4291E+0	1,4298E+0	-520,0876E-9
206,4814E+0	522,3545E-9	3,0000E+0	1,4282E+0	1,4293E+0	-521,6017E-9
206,9941E+0	522,0600E-9	3,0000E+0	1,4271E+0	1,4280E+0	-522,3168E-9
207,5068E+0	521,3445E-9	3,0000E+0	1,4267E+0	1,4274E+0	-521,4335E-9
208,0195E+0	520,4187E-9	3,0000E+0	1,4259E+0	1,4267E+0	-520,9708E-9
208,5322E+0	519,1561E-9	3,0000E+0	1,4250E+0	1,4254E+0	-523,4104E-9
209,0449E+0	520,2082E-9	3,0000E+0	1,4239E+0	1,4249E+0	-516,7225E-9
209,5576E+0	517,7673E-9	3,0000E+0	1,4227E+0	1,4241E+0	-519,5828E-9
210,0703E+0	516,8413E-9	3,0000E+0	1,4222E+0	1,4233E+0	-520,0034E-9
210,5830E+0	516,1680E-9	3,0000E+0	1,4213E+0	1,4225E+0	-516,3020E-9
211,0957E+0	516,3363E-9	3,0000E+0	1,4209E+0	1,4214E+0	-512,6425E-9
211,6084E+0	514,9475E-9	3,0000E+0	1,4200E+0	1,4208E+0	-518,1106E-9
212,1211E+0	515,1159E-9	3,0000E+0	1,4190E+0	1,4198E+0	-513,3576E-9
212,6338E+0	514,6950E-9	3,0000E+0	1,4177E+0	1,4188E+0	-513,7782E-9
213,1465E+0	514,6109E-9	3,0000E+0	1,4170E+0	1,4179E+0	-517,3956E-9
213,6592E+0	514,4005E-9	3,0000E+0	1,4165E+0	1,4171E+0	-512,0115E-9
214,1719E+0	514,0216E-9	3,0000E+0	1,4150E+0	1,4159E+0	-511,9695E-9
214,6846E+0	513,6429E-9	3,0000E+0	1,4145E+0	1,4153E+0	-517,1852E-9
215,1973E+0	514,9475E-9	3,0000E+0	1,4137E+0	1,4143E+0	-509,4457E-9
215,7100E+0	513,8533E-9	3,0000E+0	1,4130E+0	1,4138E+0	-513,7782E-9
216,2227E+0	512,8012E-9	3,0000E+0	1,4119E+0	1,4127E+0	-515,6710E-9
216,7354E+0	513,9375E-9	3,0000E+0	1,4115E+0	1,4120E+0	-512,2639E-9
217,2480E+0	513,7271E-9	3,0000E+0	1,4105E+0	1,4110E+0	-513,3576E-9
217,7607E+0	513,3483E-9	3,0000E+0	1,4094E+0	1,4101E+0	-511,6330E-9
218,2734E+0	513,7271E-9	3,0000E+0	1,4082E+0	1,4091E+0	-509,3616E-9
218,7861E+0	513,1799E-9	3,0000E+0	1,4076E+0	1,4084E+0	-517,6058E-9
219,2988E+0	512,2962E-9	3,0000E+0	1,4071E+0	1,4077E+0	-515,2083E-9
219,8115E+0	512,8012E-9	3,0000E+0	1,4064E+0	1,4070E+0	-512,8107E-9
220,3242E+0	512,3803E-9	3,0000E+0	1,4054E+0	1,4057E+0	-514,5774E-9
220,8369E+0	513,6008E-9	3,0000E+0	1,4043E+0	1,4050E+0	-510,2870E-9
221,3496E+0	511,8753E-9	3,0000E+0	1,4034E+0	1,4040E+0	-511,6330E-9
221,8623E+0	510,4023E-9	3,0000E+0	1,4025E+0	1,4033E+0	-516,1336E-9
222,3750E+0	511,4545E-9	3,0000E+0	1,4015E+0	1,4022E+0	-509,6981E-9
222,8877E+0	510,8653E-9	3,0000E+0	1,4011E+0	1,4016E+0	-512,5163E-9
223,4004E+0	510,9494E-9	3,0000E+0	1,3981E+0	1,3991E+0	-514,3671E-9
223,9131E+0	512,5487E-9	3,0000E+0	1,3959E+0	1,3962E+0	-509,0671E-9
224,4258E+0	512,0016E-9	3,0000E+0	1,3929E+0	1,3939E+0	-509,1092E-9
224,9385E+0	511,7070E-9	3,0000E+0	1,3910E+0	1,3915E+0	-516,6805E-9
225,4512E+0	513,5166E-9	3,0000E+0	1,3883E+0	1,3891E+0	-508,5204E-9
225,9639E+0	513,8533E-9	3,0000E+0	1,3856E+0	1,3863E+0	-510,2870E-9
226,4766E+0	512,4645E-9	3,0000E+0	1,3833E+0	1,3840E+0	-515,7551E-9
226,9893E+0	515,9155E-9	3,0000E+0	1,3814E+0	1,3817E+0	-510,9600E-9
227,5020E+0	514,3163E-9	3,0000E+0	1,3782E+0	1,3794E+0	-516,6384E-9
228,0147E+0	515,0738E-9	3,0000E+0	1,3762E+0	1,3770E+0	-516,9329E-9
228,5274E+0	517,3043E-9	3,0000E+0	1,3736E+0	1,3742E+0	-514,5774E-9
229,0401E+0	519,4507E-9	3,0000E+0	1,3707E+0	1,3720E+0	-519,1621E-9
229,5528E+0	520,9657E-9	3,0000E+0	1,3690E+0	1,3696E+0	-518,1947E-9
230,0655E+0	515,6209E-9	3,0000E+0	1,3668E+0	1,3675E+0	-509,8664E-9
230,5782E+0	514,7371E-9	3,0000E+0	1,3641E+0	1,3650E+0	-515,1242E-9
231,0909E+0	516,0838E-9	3,0000E+0	1,3617E+0	1,3625E+0	-513,2734E-9
231,6036E+0	515,6209E-9	3,0000E+0	1,3597E+0	1,3606E+0	-515,1242E-9
232,1163E+0	515,0317E-9	3,0000E+0	1,3571E+0	1,3579E+0	-517,6058E-9
232,6290E+0	515,7051E-9	3,0000E+0	1,3546E+0	1,3555E+0	-518,3630E-9
233,1417E+0	518,0619E-9	3,0000E+0	1,3525E+0	1,3532E+0	-512,7687E-9
233,6544E+0	517,0097E-9	3,0000E+0	1,3504E+0	1,3510E+0	-520,1296E-9
234,1671E+0	517,8514E-9	3,0000E+0	1,3475E+0	1,3484E+0	-515,1662E-9
234,6798E+0	519,4927E-9	3,0000E+0	1,3455E+0	1,3463E+0	-513,6941E-9
235,1925E+0	518,5669E-9	3,0000E+0	1,3435E+0	1,3441E+0	-521,4335E-9
235,7052E+0	519,0298E-9	3,0000E+0	1,3415E+0	1,3420E+0	-519,4145E-9
236,2179E+0	519,1140E-9	3,0000E+0	1,3386E+0	1,3391E+0	-519,2042E-9
236,7306E+0	518,8615E-9	3,0000E+0	1,3372E+0	1,3377E+0	-519,2884E-9
237,2433E+0	518,6931E-9	3,0000E+0	1,3364E+0	1,3369E+0	-518,6574E-9
237,7560E+0	518,0619E-9	3,0000E+0	1,3348E+0	1,3354E+0	-518,2368E-9
238,2687E+0	517,9356E-9	3,0000E+0	1,3339E+0	1,3346E+0	-521,3074E-9
238,7814E+0	518,6089E-9	3,0000E+0	1,3323E+0	1,3329E+0	-514,7876E-9
239,2941E+0	517,5568E-9	3,0000E+0	1,3311E+0	1,3318E+0	-518,0265E-9
239,8068E+0	518,2302E-9	3,0000E+0	1,3304E+0	1,3307E+0	-520,0455E-9
240,3195E+0	519,5769E-9	3,0000E+0	1,3286E+0	1,3293E+0	-514,5774E-9
240,8322E+0	519,4086E-9	3,0000E+0	1,3274E+0	1,3282E+0	-518,1106E-9
241,3449E+0	518,8615E-9	3,0000E+0	1,3264E+0	1,3270E+0	-522,5692E-9
241,8576E+0	519,6190E-9	3,0000E+0	1,3249E+0	1,3259E+0	-520,1296E-9
242,3703E+0	519,7452E-9	3,0000E+0	1,3233E+0	1,3243E+0	-520,8867E-9
242,8830E+0	520,6712E-9	3,0000E+0	1,3223E+0	1,3230E+0	-521,0550E-9
243,3957E+0	522,1441E-9	3,0000E+0	1,3210E+0	1,3219E+0	-517,2273E-9
243,9084E+0	521,7653E-9	3,0000E+0	1,3202E+0	1,3206E+0	-522,3589E-9
244,4211E+0	521,1762E-9	3,0000E+0	1,3188E+0	1,3197E+0	-524,8406E-9
244,9338E+0	523,1121E-9	3,0000E+0	1,3172E+0	1,3182E+0	-519,8772E-9
245,4465E+0	522,7754E-9	3,0000E+0	1,3158E+0	1,3170E+0	-522,6534E-9
245,9592E+0	522,7333E-9	3,0000E+0	1,3147E+0	1,3158E+0	-519,6248E-9
246,4719E+0	522,9016E-9	3,0000E+0	1,3138E+0	1,3145E+0	-518,2789E-9
246,9846E+0	522,9437E-9	3,0000E+0	1,3126E+0	1,3134E+0	-522,4851E-9
247,4973E+0	523,6171E-9	3,0000E+0	1,3114E+0	1,3122E+0	-520,0034E-9
248,0100E+0	524,7534E-9	3,0000E+0	1,3103E+0	1,3109E+0	-521,4756E-9
248,5227E+0	524,5430E-9	3,0000E+0	1,3095E+0	1,3099E+0	-524,1255E-9
249,0354E+0	525,5109E-9	3,0000E+0	1,3076E+0	1,3087E+0	-523,1581E-9
249,5481E+0	525,8476E-9	3,0000E+0	1,3071E+0	1,3079E+0	-525,7660E-9
250,0608E+0	524,6272E-9	3,0000E+0	1,3056E+0	1,3063E+0	-531,2762E-9
250,5735E+0	527,3206E-9	3,0000E+0	1,3045E+0	1,3052E+0	-523,9152E-9
251,0861E+0	527,6573E-9	3,0000E+0	1,3034E+0	1,3040E+0	-525,1771E-9
251,5988E+0	526,3947E-9	3,0000E+0	1,3025E+0	1,3027E+0	-531,7809E-9
252,1116E+0	527,8677E-9	3,0000E+0	1,3011E+0	1,3018E+0	-528,1215E-9
252,6243E+0	528,8356E-9	3,0000E+0	1,2999E+0	1,3005E+0	-526,9858E-9
253,1369E+0	527,8256E-9	3,0000E+0	1,2988E+0	1,2995E+0	-532,8745E-9
253,6496E+0	530,1824E-9	3,0000E+0	1,2973E+0	1,2979E+0	-524,1676E-9
254,1623E+0	528,9619E-9	3,0000E+0	1,2966E+0	1,2970E+0	-531,5706E-9
254,6750E+0	530,4770E-9	3,0000E+0	1,2951E+0	1,2958E+0	-528,4159E-9
255,1877E+0	530,1403E-9	3,0000E+0	1,2941E+0	1,2950E+0	-529,0889E-9
255,7004E+0	530,0562E-9	3,0000E+0	1,2926E+0	1,2935E+0	-530,5190E-9
256,2131E+0	529,6353E-9	3,0000E+0	1,2922E+0	1,2926E+0	-532,5801E-9
256,7258E+0	531,0662E-9	3,0000E+0	1,2910E+0	1,2912E+0	-527,4905E-9
257,2385E+0	529,2566E-9	3,0000E+0	1,2895E+0	1,2902E+0	-533,6737E-9
257,7512E+0	529,9720E-9	3,0000E+0	1,2883E+0	1,2892E+0	-526,7334E-9
258,2639E+0	528,8778E-9	3,0000E+0	1,2871E+0	1,2878E+0	-525,3453E-9
258,7766E+0	527,1102E-9	3,0000E+0	1,2865E+0	1,2872E+0	-531,9491E-9
259,2892E+0	528,0361E-9	3,0000E+0	1,2852E+0	1,2858E+0	-525,3874E-9
259,8019E+0	527,3206E-9	3,0000E+0	1,2839E+0	1,2846E+0	-523,7470E-9
260,3147E+0	527,0681E-9	3,0000E+0	1,2829E+0	1,2837E+0	-529,0048E-9
260,8274E+0	527,8677E-9	3,0000E+0	1,2810E+0	1,2824E+0	-522,6113E-9
261,3401E+0	527,5310E-9	3,0000E+0	1,2804E+0	1,2811E+0	-524,8406E-9
261,8528E+0	526,4368E-9	3,0000E+0	1,2795E+0	1,2802E+0	-530,9817E-9
262,3654E+0	527,5310E-9	3,0000E+0	1,2783E+0	1,2787E+0	-523,8311E-9
262,8781E+0	526,8156E-9	3,0000E+0	1,2772E+0	1,2778E+0	-529,0048E-9
263,3908E+0	527,5731E-9	3,0000E+0	1,2760E+0	1,2767E+0	-527,5326E-9
263,9035E+0	529,2144E-9	3,0000E+0	1,2749E+0	1,2756E+0	-524,2937E-9
264,4161E+0	529,5511E-9	3,0000E+0	1,2741E+0	1,2745E+0	-528,3738E-9
264,9288E+0	529,8878E-9	3,0000E+0	1,2730E+0	1,2736E+0	-529,3833E-9
265,4415E+0	530,7295E-9	3,0000E+0	1,2714E+0	1,2722E+0	-524,5882E-9
265,9542E+0	529,3407E-9	3,0000E+0	1,2701E+0	1,2710E+0	-529,3413E-9
266,4669E+0	528,7094E-9	3,0000E+0	1,2695E+0	1,2704E+0	-532,4118E-9
266,9796E+0	530,1824E-9	3,0000E+0	1,2683E+0	1,2690E+0	-526,1024E-9
267,4923E+0	528,3727E-9	3,0000E+0	1,2676E+0	1,2682E+0	-533,9681E-9
268,0050E+0	528,8356E-9	3,0000E+0	1,2666E+0	1,2670E+0	-530,1404E-9
268,5177E+0	529,5511E-9	3,0000E+0	1,2652E+0	1,2658E+0	-528,5842E-9
269,0303E+0	528,3727E-9	3,0000E+0	1,2640E+0	1,2650E+0	-534,0523E-9
269,5430E+0	529,2566E-9	3,0000E+0	1,2624E+0	1,2636E+0	-528,8366E-9
270,0557E+0	530,2666E-9	3,0000E+0	1,2619E+0	1,2627E+0	-528,4580E-9
270,5684E+0	530,2245E-9	3,0000E+0	1,2609E+0	1,2616E+0	-531,3182E-9
271,0811E+0	531,5712E-9	3,0000E+0	1,2597E+0	1,2605E+0	-529,1730E-9
271,5938E+0	530,3928E-9	3,0000E+0	1,2589E+0	1,2595E+0	-533,2110E-9
272,1065E+0	531,6975E-9	3,0000E+0	1,2577E+0	1,2585E+0	-532,8745E-9
272,6192E+0	532,0342E-9	3,0000E+0	1,2564E+0	1,2570E+0	-529,2992E-9
273,1319E+0	532,6655E-9	3,0000E+0	1,2552E+0	1,2561E+0	-533,0427E-9
273,6446E+0	533,3809E-9	3,0000E+0	1,2539E+0	1,2550E+0	-532,3698E-9
274,1573E+0	533,7596E-9	3,0000E+0	1,2533E+0	1,2541E+0	-532,1594E-9
274,6700E+0	532,9180E-9	3,0000E+0	1,2523E+0	1,2531E+0	-537,4172E-9
275,1826E+0	534,0543E-9	3,0000E+0	1,2513E+0	1,2519E+0	-534,5150E-9
275,6954E+0	535,2748E-9	3,0000E+0	1,2505E+0	1,2509E+0	-532,2015E-9
276,2081E+0	533,8438E-9	3,0000E+0	1,2488E+0	1,2497E+0	-535,3562E-9
276,7208E+0	534,3909E-9	3,0000E+0	1,2483E+0	1,2490E+0	-533,8419E-9
277,2335E+0	534,8959E-9	3,0000E+0	1,2468E+0	1,2479E+0	-533,2951E-9
277,7462E+0	534,6434E-9	3,0000E+0	1,2457E+0	1,2466E+0	-535,5665E-9
278,2589E+0	535,9481E-9	3,0000E+0	1,2446E+0	1,2459E+0	-535,5245E-9
278,7716E+0	536,9581E-9	3,0000E+0	1,2433E+0	1,2447E+0	-537,9641E-9
279,2843E+0	536,8740E-9	3,0000E+0	1,2431E+0	1,2434E+0	-540,6981E-9
279,7970E+0	539,3991E-9	3,0000E+0	1,2411E+0	1,2422E+0	-533,6316E-9
280,3097E+0	539,1886E-9	3,0000E+0	1,2406E+0	1,2418E+0	-542,1282E-9
280,8224E+0	540,9563E-9	3,0000E+0	1,2396E+0	1,2404E+0	-539,2680E-9
281,3351E+0	542,2609E-9	3,0000E+0	1,2387E+0	1,2397E+0	-538,1744E-9
281,8478E+0	541,2087E-9	3,0000E+0	1,2377E+0	1,2383E+0	-545,3250E-9
282,3604E+0	543,3551E-9	3,0000E+0	1,2367E+0	1,2374E+0	-540,6981E-9
282,8732E+0	544,8701E-9	3,0000E+0	1,2357E+0	1,2364E+0	-543,6846E-9
283,3859E+0	544,2810E-9	3,0000E+0	1,2349E+0	1,2354E+0	-549,9939E-9
283,8986E+0	546,9324E-9	3,0000E+0	1,2334E+0	1,2343E+0	-546,3345E-9
284,4113E+0	548,0265E-9	3,0000E+0	1,2326E+0	1,2332E+0	-546,0821E-9
284,9240E+0	550,0046E-9	3,0000E+0	1,2319E+0	1,2323E+0	-548,6480E-9
285,4366E+0	551,3092E-9	3,0000E+0	1,2308E+0	1,2314E+0	-548,7320E-9
285,9493E+0	551,5196E-9	3,0000E+0	1,2297E+0	1,2305E+0	-554,3263E-9
286,4620E+0	552,2351E-9	3,0000E+0	1,2282E+0	1,2292E+0	-556,2612E-9
286,9747E+0	555,1390E-9	3,0000E+0	1,2276E+0	1,2283E+0	-551,7605E-9
287,4874E+0	557,0749E-9	3,0000E+0	1,2266E+0	1,2273E+0	-557,7755E-9
288,0001E+0	557,4536E-9	3,0000E+0	1,2253E+0	1,2266E+0	-560,0048E-9
288,5128E+0	558,4637E-9	3,0000E+0	1,2249E+0	1,2253E+0	-559,0373E-9
289,0255E+0	560,4417E-9	3,0000E+0	1,2236E+0	1,2243E+0	-563,2857E-9
289,5381E+0	561,1572E-9	3,0000E+0	1,2228E+0	1,2237E+0	-563,4960E-9
290,0508E+0	563,1773E-9	3,0000E+0	1,2216E+0	1,2223E+0	-559,7103E-9
290,5635E+0	564,8186E-9	3,0000E+0	1,2209E+0	1,2214E+0	-564,8840E-9
291,0762E+0	567,2175E-9	3,0000E+0	1,2190E+0	1,2202E+0	-561,4349E-9
291,5889E+0	567,7646E-9	3,0000E+0	1,2188E+0	1,2194E+0	-563,7063E-9
292,1016E+0	567,1333E-9	3,0000E+0	1,2177E+0	1,2183E+0	-566,3983E-9
292,6143E+0	567,9750E-9	3,0000E+0	1,2166E+0	1,2177E+0	-565,8514E-9
293,1270E+0	568,3958E-9	3,0000E+0	1,2160E+0	1,2166E+0	-568,2490E-9
293,6397E+0	568,4379E-9	3,0000E+0	1,2147E+0	1,2154E+0	-566,8609E-9
294,1524E+0	568,6484E-9	3,0000E+0	1,2141E+0	1,2143E+0	-567,5340E-9
294,6651E+0	568,6904E-9	3,0000E+0	1,2128E+0	1,2137E+0	-572,7076E-9
295,1778E+0	571,2577E-9	3,0000E+0	1,2120E+0	1,2127E+0	-572,0767E-9
295,6905E+0	572,6885E-9	3,0000E+0	1,2108E+0	1,2116E+0	-571,6560E-9
296,2032E+0	573,1936E-9	3,0000E+0	1,2100E+0	1,2107E+0	-576,2829E-9
296,7159E+0	576,8971E-9	3,0000E+0	1,2092E+0	1,2097E+0	-576,8718E-9
297,2286E+0	580,9793E-9	3,0000E+0	1,2078E+0	1,2087E+0	-579,4376E-9
297,7413E+0	583,2098E-9	3,0000E+0	1,2066E+0	1,2077E+0	-585,8731E-9
298,2540E+0	586,1558E-9	3,0000E+0	1,2064E+0	1,2066E+0	-584,8636E-9
298,7667E+0	588,9755E-9	3,0000E+0	1,2053E+0	1,2058E+0	-584,4431E-9
299,2794E+0	589,2280E-9	3,0000E+0	1,2037E+0	1,2048E+0	-588,8596E-9
299,7921E+0	590,2801E-9	3,0000E+0	1,2034E+0	1,2039E+0	-587,5556E-9
300,3048E+0	591,1640E-9	3,0000E+0	1,2020E+0	1,2032E+0	-588,6072E-9
300,8175E+0	591,2481E-9	3,0000E+0	1,2017E+0	1,2022E+0	-595,0007E-9
301,3302E+0	592,9736E-9	3,0000E+0	1,2006E+0	1,2014E+0	-592,2246E-9
301,8429E+0	593,0578E-9	3,0000E+0	1,2002E+0	1,2003E+0	-596,1364E-9
302,3556E+0	594,9516E-9	3,0000E+0	1,1983E+0	1,1991E+0	-595,8840E-9
302,8683E+0	596,8876E-9	3,0000E+0	1,1973E+0	1,1982E+0	-591,3833E-9
303,3810E+0	597,1822E-9	3,0000E+0	1,1961E+0	1,1972E+0	-596,4308E-9
303,8937E+0	597,9397E-9	3,0000E+0	1,1959E+0	1,1965E+0	-597,7348E-9
304,4064E+0	598,1922E-9	3,0000E+0	1,1945E+0	1,1956E+0	-597,1459E-9
304,9191E+0	596,9717E-9	3,0000E+0	1,1940E+0	1,1950E+0	-599,7117E-9
305,4318E+0	596,7613E-9	3,0000E+0	1,1931E+0	1,1939E+0	-596,3467E-9
305,9444E+0	595,4566E-9	3,0000E+0	1,1922E+0	1,1928E+0	-596,2205E-9
306,4572E+0	594,4887E-9	3,0000E+0	1,1910E+0	1,1916E+0	-596,8515E-9
306,9698E+0	596,0038E-9	3,0000E+0	1,1902E+0	1,1908E+0	-591,4254E-9
307,4825E+0	594,5729E-9	3,0000E+0	1,1893E+0	1,1900E+0	-594,7483E-9
307,9952E+0	593,8575E-9	3,0000E+0	1,1886E+0	1,1893E+0	-599,0807E-9
308,5079E+0	594,1941E-9	3,0000E+0	1,1875E+0	1,1881E+0	-593,1499E-9
309,0206E+0	593,9416E-9	3,0000E+0	1,1866E+0	1,1871E+0	-592,5190E-9
309,5333E+0	593,4365E-9	3,0000E+0	1,1857E+0	1,1861E+0	-597,1038E-9
310,0460E+0	593,9837E-9	3,0000E+0	1,1849E+0	1,1852E+0	-590,1215E-9
310,5587E+0	593,9416E-9	3,0000E+0	1,1836E+0	1,1841E+0	-591,7198E-9
311,0714E+0	593,3524E-9	3,0000E+0	1,1828E+0	1,1835E+0	-595,2110E-9
311,5842E+0	594,1100E-9	3,0000E+0	1,1818E+0	1,1827E+0	-593,4444E-9
312,0968E+0	593,0157E-9	3,0000E+0	1,1813E+0	1,1816E+0	-595,3372E-9
312,6096E+0	592,8053E-9	3,0000E+0	1,1801E+0	1,1810E+0	-596,2626E-9
313,1223E+0	593,3524E-9	3,0000E+0	1,1790E+0	1,1799E+0	-593,1499E-9
313,6349E+0	592,7632E-9	3,0000E+0	1,1778E+0	1,1789E+0	-596,4729E-9
314,1476E+0	593,6049E-9	3,0000E+0	1,1772E+0	1,1781E+0	-592,4348E-9
314,6603E+0	594,6570E-9	3,0000E+0	1,1764E+0	1,1773E+0	-589,1540E-9
315,1730E+0	593,4365E-9	3,0000E+0	1,1758E+0	1,1764E+0	-593,5706E-9
315,6857E+0	592,8053E-9	3,0000E+0	1,1750E+0	1,1757E+0	-592,9397E-9
316,1984E+0	591,3744E-9	3,0000E+0	1,1735E+0	1,1747E+0	-590,6683E-9
316,7111E+0	589,9435E-9	3,0000E+0	1,1731E+0	1,1736E+0	-593,0659E-9
317,2238E+0	590,1118E-9	3,0000E+0	1,1718E+0	1,1730E+0	-586,5462E-9
317,7365E+0	587,5867E-9	3,0000E+0	1,1709E+0	1,1719E+0	-589,0278E-9
318,2492E+0	585,5246E-9	3,0000E+0	1,1706E+0	1,1710E+0	-590,4579E-9
318,7619E+0	586,2821E-9	3,0000E+0	1,1693E+0	1,1702E+0	-582,5502E-9
319,2746E+0	585,8191E-9	3,0000E+0	1,1686E+0	1,1692E+0	-582,9287E-9
319,7873E+0	583,1257E-9	3,0000E+0	1,1675E+0	1,1688E+0	-588,2287E-9
320,3000E+0	583,7149E-9	3,0000E+0	1,1659E+0	1,1674E+0	-581,3725E-9
320,8127E+0	582,3682E-9	3,0000E+0	1,1653E+0	1,1665E+0	-583,6859E-9
321,3254E+0	582,7890E-9	3,0000E+0	1,1647E+0	1,1657E+0	-581,1201E-9
321,8381E+0	581,6947E-9	3,0000E+0	1,1644E+0	1,1650E+0	-581,5407E-9
322,3508E+0	581,6527E-9	3,0000E+0	1,1634E+0	1,1643E+0	-582,0034E-9
322,8634E+0	579,9693E-9	3,0000E+0	1,1626E+0	1,1631E+0	-583,0549E-9
323,3761E+0	581,3581E-9	3,0000E+0	1,1612E+0	1,1622E+0	-576,1147E-9
323,8888E+0	579,1276E-9	3,0000E+0	1,1604E+0	1,1615E+0	-581,9613E-9
324,4016E+0	579,3380E-9	3,0000E+0	1,1601E+0	1,1608E+0	-579,5217E-9
324,9142E+0	578,1175E-9	3,0000E+0	1,1588E+0	1,1596E+0	-576,4932E-9
325,4270E+0	578,5805E-9	3,0000E+0	1,1580E+0	1,1588E+0	-577,6289E-9
325,9397E+0	578,1175E-9	3,0000E+0	1,1572E+0	1,1579E+0	-574,0957E-9
326,4524E+0	578,4121E-9	3,0000E+0	1,1564E+0	1,1575E+0	-576,1568E-9
326,9651E+0	577,6546E-9	3,0000E+0	1,1555E+0	1,1560E+0	-578,4281E-9
327,4778E+0	576,5183E-9	3,0000E+0	1,1550E+0	1,1554E+0	-576,8718E-9
327,9905E+0	576,1395E-9	3,0000E+0	1,1539E+0	1,1544E+0	-577,5448E-9
328,5032E+0	577,0654E-9	3,0000E+0	1,1528E+0	1,1536E+0	-577,0821E-9
329,0159E+0	576,3920E-9	3,0000E+0	1,1521E+0	1,1530E+0	-577,4186E-9
329,5286E+0	576,9812E-9	3,0000E+0	1,1513E+0	1,1519E+0	-576,8297E-9
330,0413E+0	576,3920E-9	3,0000E+0	1,1501E+0	1,1514E+0	-581,5407E-9
330,5540E+0	576,9812E-9	3,0000E+0	1,1495E+0	1,1504E+0	-575,0632E-9
331,0667E+0	576,0132E-9	3,0000E+0	1,1486E+0	1,1494E+0	-578,0916E-9
331,5794E+0	574,7928E-9	3,0000E+0	1,1477E+0	1,1484E+0	-574,6004E-9
332,0921E+0	576,1395E-9	3,0000E+0	1,1470E+0	1,1475E+0	-570,9830E-9
332,6048E+0	573,1515E-9	3,0000E+0	1,1463E+0	1,1470E+0	-579,1011E-9
333,1175E+0	574,2036E-9	3,0000E+0	1,1454E+0	1,1460E+0	-575,5258E-9
333,6302E+0	574,0774E-9	3,0000E+0	1,1444E+0	1,1454E+0	-574,6425E-9
334,1429E+0	573,2778E-9	3,0000E+0	1,1440E+0	1,1447E+0	-578,7646E-9
334,6556E+0	574,1615E-9	3,0000E+0	1,1427E+0	1,1439E+0	-574,2639E-9
335,1683E+0	573,8669E-9	3,0000E+0	1,1421E+0	1,1429E+0	-576,0306E-9
335,6810E+0	573,3198E-9	3,0000E+0	1,1413E+0	1,1419E+0	-578,0495E-9
336,1937E+0	575,4662E-9	3,0000E+0	1,1405E+0	1,1414E+0	-573,4227E-9
336,7064E+0	575,5503E-9	3,0000E+0	1,1393E+0	1,1401E+0	-572,6656E-9
337,2191E+0	574,7507E-9	3,0000E+0	1,1387E+0	1,1393E+0	-576,7035E-9
337,7318E+0	575,8870E-9	3,0000E+0	1,1384E+0	1,1390E+0	-575,7361E-9
338,2444E+0	576,1816E-9	3,0000E+0	1,1371E+0	1,1377E+0	-576,9980E-9
338,7571E+0	576,8550E-9	3,0000E+0	1,1367E+0	1,1372E+0	-580,4471E-9
339,2699E+0	577,6125E-9	3,0000E+0	1,1356E+0	1,1363E+0	-576,6615E-9
339,7826E+0	577,4021E-9	3,0000E+0	1,1343E+0	1,1353E+0	-579,5217E-9
340,2953E+0	578,9171E-9	3,0000E+0	1,1342E+0	1,1348E+0	-579,4797E-9
340,8080E+0	578,2858E-9	3,0000E+0	1,1331E+0	1,1335E+0	-579,0170E-9
341,3206E+0	578,3700E-9	3,0000E+0	1,1322E+0	1,1330E+0	-583,7280E-9
341,8334E+0	579,5484E-9	3,0000E+0	1,1316E+0	1,1323E+0	-581,9613E-9
342,3461E+0	581,4422E-9	3,0000E+0	1,1306E+0	1,1313E+0	-576,1568E-9
342,8588E+0	581,0635E-9	3,0000E+0	1,1297E+0	1,1303E+0	-581,6249E-9
343,3715E+0	581,8210E-9	3,0000E+0	1,1289E+0	1,1295E+0	-578,7646E-9
343,8842E+0	581,1477E-9	3,0000E+0	1,1274E+0	1,1287E+0	-580,3209E-9
344,3969E+0	580,9793E-9	3,0000E+0	1,1274E+0	1,1278E+0	-583,9383E-9
344,9095E+0	581,2318E-9	3,0000E+0	1,1265E+0	1,1274E+0	-582,5082E-9
345,4222E+0	582,3682E-9	3,0000E+0	1,1253E+0	1,1261E+0	-579,9003E-9
345,9349E+0	581,0635E-9	3,0000E+0	1,1250E+0	1,1257E+0	-587,5136E-9
346,4476E+0	582,4944E-9	3,0000E+0	1,1242E+0	1,1250E+0	-581,4987E-9
346,9603E+0	582,9153E-9	3,0000E+0	1,1233E+0	1,1241E+0	-580,0685E-9
347,4730E+0	581,7369E-9	3,0000E+0	1,1226E+0	1,1230E+0	-585,6628E-9
347,9857E+0	584,0936E-9	3,0000E+0	1,1216E+0	1,1224E+0	-580,6574E-9
348,4984E+0	584,8933E-9	3,0000E+0	1,1209E+0	1,1216E+0	-581,9193E-9
349,0111E+0	585,2721E-9	3,0000E+0	1,1194E+0	1,1208E+0	-583,8121E-9
349,5238E+0	586,6609E-9	3,0000E+0	1,1194E+0	1,1202E+0	-582,2978E-9
350,0365E+0	586,7871E-9	3,0000E+0	1,1186E+0	1,1193E+0	-587,4295E-9
350,5492E+0	586,1979E-9	3,0000E+0	1,1181E+0	1,1186E+0	-590,0794E-9
351,0619E+0	588,4705E-9	3,0000E+0	1,1174E+0	1,1177E+0	-586,6303E-9
351,5746E+0	587,1238E-9	3,0000E+0	1,1159E+0	1,1169E+0	-591,3412E-9
352,0873E+0	588,9335E-9	3,0000E+0	1,1152E+0	1,1158E+0	-588,1025E-9
352,6000E+0	590,4906E-9	3,0000E+0	1,1141E+0	1,1153E+0	-584,9057E-9
353,1127E+0	588,0497E-9	3,0000E+0	1,1133E+0	1,1143E+0	-591,2151E-9
353,6254E+0	589,9435E-9	3,0000E+0	1,1124E+0	1,1140E+0	-592,2666E-9
354,1381E+0	590,1539E-9	3,0000E+0	1,1118E+0	1,1127E+0	-584,2748E-9
354,6508E+0	589,4806E-9	3,0000E+0	1,1111E+0	1,1121E+0	-588,9437E-9
355,1635E+0	589,2701E-9	3,0000E+0	1,1103E+0	1,1111E+0	-588,0183E-9
355,6762E+0	590,1539E-9	3,0000E+0	1,1098E+0	1,1101E+0	-589,5325E-9
356,1889E+0	589,3964E-9	3,0000E+0	1,1093E+0	1,1097E+0	-594,7483E-9
356,7016E+0	590,7010E-9	3,0000E+0	1,1085E+0	1,1092E+0	-591,2151E-9
357,2143E+0	591,6269E-9	3,0000E+0	1,1078E+0	1,1084E+0	-590,2056E-9
357,7270E+0	591,5007E-9	3,0000E+0	1,1068E+0	1,1074E+0	-590,9206E-9
358,2397E+0	591,4165E-9	3,0000E+0	1,1054E+0	1,1067E+0	-587,3033E-9
358,7524E+0	590,4906E-9	3,0000E+0	1,1052E+0	1,1059E+0	-591,6357E-9
359,2651E+0	589,8172E-9	3,0000E+0	1,1048E+0	1,1054E+0	-592,7714E-9
359,7778E+0	591,5427E-9	3,0000E+0	1,1036E+0	1,1042E+0	-585,5787E-9
360,2905E+0	590,4906E-9	3,0000E+0	1,1027E+0	1,1035E+0	-589,6587E-9
360,8031E+0	588,8072E-9	3,0000E+0	1,1018E+0	1,1027E+0	-593,4444E-9
361,3159E+0	588,9335E-9	3,0000E+0	1,1017E+0	1,1022E+0	-590,2897E-9
361,8286E+0	589,8172E-9	3,0000E+0	1,1003E+0	1,1009E+0	-588,8175E-9
362,3412E+0	588,8493E-9	3,0000E+0	1,0994E+0	1,1009E+0	-592,8555E-9
362,8539E+0	590,3223E-9	3,0000E+0	1,0987E+0	1,0996E+0	-587,3874E-9
363,3666E+0	589,5226E-9	3,0000E+0	1,0984E+0	1,0989E+0	-591,0468E-9
363,8793E+0	590,4064E-9	3,0000E+0	1,0973E+0	1,0982E+0	-586,4620E-9
364,3920E+0	589,3122E-9	3,0000E+0	1,0967E+0	1,0973E+0	-587,3874E-9
364,9048E+0	588,2180E-9	3,0000E+0	1,0956E+0	1,0967E+0	-593,6126E-9
365,4174E+0	590,3223E-9	3,0000E+0	1,0947E+0	1,0960E+0	-586,7143E-9
365,9301E+0	589,2280E-9	3,0000E+0	1,0942E+0	1,0954E+0	-590,7103E-9
366,4428E+0	588,5968E-9	3,0000E+0	1,0936E+0	1,0941E+0	-593,1079E-9
366,9555E+0	590,1960E-9	3,0000E+0	1,0930E+0	1,0935E+0	-586,4620E-9
367,4682E+0	588,9335E-9	3,0000E+0	1,0917E+0	1,0926E+0	-589,8691E-9
367,9809E+0	590,3643E-9	3,0000E+0	1,0915E+0	1,0920E+0	-589,1961E-9
368,4936E+0	590,6589E-9	3,0000E+0	1,0911E+0	1,0917E+0	-586,5462E-9
369,0063E+0	589,0176E-9	3,0000E+0	1,0900E+0	1,0906E+0	-592,5610E-9
369,5190E+0	587,6288E-9	3,0000E+0	1,0887E+0	1,0897E+0	-589,7429E-9
370,0317E+0	588,2601E-9	3,0000E+0	1,0882E+0	1,0888E+0	-582,7185E-9
370,5444E+0	586,3242E-9	3,0000E+0	1,0878E+0	1,0886E+0	-587,6818E-9
371,0571E+0	585,7350E-9	3,0000E+0	1,0864E+0	1,0876E+0	-584,1486E-9
371,5698E+0	583,9253E-9	3,0000E+0	1,0865E+0	1,0871E+0	-584,8636E-9
372,0825E+0	582,7890E-9	3,0000E+0	1,0859E+0	1,0866E+0	-587,5977E-9
372,5952E+0	582,2419E-9	3,0000E+0	1,0847E+0	1,0852E+0	-583,3073E-9
373,1079E+0	582,3682E-9	3,0000E+0	1,0841E+0	1,0848E+0	-582,8867E-9
373,6206E+0	582,1157E-9	3,0000E+0	1,0833E+0	1,0840E+0	-584,4431E-9
374,1333E+0	583,1257E-9	3,0000E+0	1,0824E+0	1,0831E+0	-579,3955E-9
374,6460E+0	581,7369E-9	3,0000E+0	1,0816E+0	1,0821E+0	-580,6574E-9
375,1587E+0	580,3901E-9	3,0000E+0	1,0812E+0	1,0821E+0	-586,8406E-9
375,6714E+0	582,4523E-9	3,0000E+0	1,0803E+0	1,0811E+0	-578,0495E-9
376,1841E+0	581,8210E-9	3,0000E+0	1,0788E+0	1,0799E+0	-579,5217E-9
376,6967E+0	580,8531E-9	3,0000E+0	1,0786E+0	1,0795E+0	-584,4010E-9
377,2094E+0	581,3160E-9	3,0000E+0	1,0784E+0	1,0789E+0	-580,9518E-9
377,7221E+0	581,9894E-9	3,0000E+0	1,0769E+0	1,0780E+0	-581,8772E-9
378,2348E+0	581,7789E-9	3,0000E+0	1,0773E+0	1,0775E+0	-584,3169E-9
378,7475E+0	582,9994E-9	3,0000E+0	1,0758E+0	1,0765E+0	-576,6615E-9
379,2602E+0	581,6947E-9	3,0000E+0	1,0748E+0	1,0756E+0	-584,2327E-9
379,7729E+0	581,3581E-9	3,0000E+0	1,0741E+0	1,0750E+0	-580,6995E-9
380,2856E+0	581,9894E-9	3,0000E+0	1,0739E+0	1,0744E+0	-579,8582E-9
380,7982E+0	582,6207E-9	3,0000E+0	1,0730E+0	1,0735E+0	-583,7280E-9
381,3110E+0	583,1257E-9	3,0000E+0	1,0720E+0	1,0725E+0	-580,2788E-9
381,8236E+0	583,9253E-9	3,0000E+0	1,0708E+0	1,0720E+0	-578,9749E-9
382,3363E+0	582,8732E-9	3,0000E+0	1,0705E+0	1,0714E+0	-584,1907E-9
382,8490E+0	583,0836E-9	3,0000E+0	1,0704E+0	1,0710E+0	-583,8542E-9
383,3617E+0	584,1778E-9	3,0000E+0	1,0692E+0	1,0701E+0	-580,5312E-9
383,8744E+0	582,7048E-9	3,0000E+0	1,0685E+0	1,0695E+0	-587,1350E-9
384,3871E+0	584,7670E-9	3,0000E+0	1,0676E+0	1,0686E+0	-582,8026E-9
384,8997E+0	583,8411E-9	3,0000E+0	1,0671E+0	1,0678E+0	-585,1581E-9
385,4124E+0	585,0196E-9	3,0000E+0	1,0668E+0	1,0674E+0	-586,4200E-9
385,9251E+0	585,1458E-9	3,0000E+0	1,0655E+0	1,0665E+0	-583,6438E-9
386,4378E+0	584,4724E-9	3,0000E+0	1,0649E+0	1,0656E+0	-586,4620E-9
386,9505E+0	584,8512E-9	3,0000E+0	1,0642E+0	1,0650E+0	-584,2748E-9
387,4632E+0	584,4724E-9	3,0000E+0	1,0634E+0	1,0645E+0	-584,4851E-9
387,9759E+0	583,7149E-9	3,0000E+0	1,0628E+0	1,0636E+0	-586,2096E-9
388,4886E+0	583,9674E-9	3,0000E+0	1,0625E+0	1,0630E+0	-584,1065E-9
389,0013E+0	584,3461E-9	3,0000E+0	1,0612E+0	1,0620E+0	-579,7741E-9
389,5140E+0	583,7570E-9	3,0000E+0	1,0610E+0	1,0616E+0	-586,4200E-9
390,0267E+0	583,1678E-9	3,0000E+0	1,0597E+0	1,0608E+0	-584,4010E-9
390,5394E+0	584,1778E-9	3,0000E+0	1,0590E+0	1,0599E+0	-579,0590E-9
391,0521E+0	583,0836E-9	3,0000E+0	1,0587E+0	1,0595E+0	-582,8446E-9
391,5648E+0	582,8732E-9	3,0000E+0	1,0577E+0	1,0585E+0	-578,7226E-9
392,0775E+0	581,7789E-9	3,0000E+0	1,0572E+0	1,0580E+0	-581,8772E-9
392,5901E+0	581,3160E-9	3,0000E+0	1,0564E+0	1,0574E+0	-583,6438E-9
393,1028E+0	583,0415E-9	3,0000E+0	1,0561E+0	1,0564E+0	-579,5217E-9
393,6155E+0	585,9454E-9	3,0000E+0	1,0553E+0	1,0562E+0	-587,4716E-9
394,1282E+0	586,9554E-9	3,0000E+0	1,0542E+0	1,0549E+0	-586,0414E-9
394,6410E+0	587,2079E-9	3,0000E+0	1,0534E+0	1,0542E+0	-582,7605E-9
395,1536E+0	586,7450E-9	3,0000E+0	1,0529E+0	1,0537E+0	-586,5462E-9
395,6663E+0	586,1558E-9	3,0000E+0	1,0523E+0	1,0531E+0	-589,2381E-9
396,1790E+0	588,3443E-9	3,0000E+0	1,0512E+0	1,0522E+0	-583,4756E-9
396,6918E+0	586,4925E-9	3,0000E+0	1,0512E+0	1,0514E+0	-589,9532E-9
397,2044E+0	586,9975E-9	3,0000E+0	1,0504E+0	1,0508E+0	-590,2897E-9
397,7172E+0	588,0918E-9	3,0000E+0	1,0500E+0	1,0504E+0	-585,4946E-9
398,2299E+0	586,4504E-9	3,0000E+0	1,0489E+0	1,0494E+0	-591,2572E-9
398,7426E+0	588,0918E-9	3,0000E+0	1,0485E+0	1,0490E+0	-586,7565E-9
399,2553E+0	587,0817E-9	3,0000E+0	1,0474E+0	1,0481E+0	-586,2938E-9
399,7680E+0	586,5346E-9	3,0000E+0	1,0462E+0	1,0474E+0	-587,3033E-9
400,2806E+0	587,6709E-9	3,0000E+0	1,0461E+0	1,0466E+0	-586,4200E-9
400,7933E+0	586,3242E-9	3,0000E+0	1,0455E+0	1,0459E+0	-587,2612E-9
401,3060E+0	585,3141E-9	3,0000E+0	1,0447E+0	1,0455E+0	-590,4579E-9
401,8187E+0	585,0196E-9	3,0000E+0	1,0438E+0	1,0448E+0	-584,0645E-9
402,3314E+0	584,2620E-9	3,0000E+0	1,0433E+0	1,0439E+0	-583,2653E-9
402,8441E+0	582,5786E-9	3,0000E+0	1,0427E+0	1,0435E+0	-586,6303E-9
403,3568E+0	582,1998E-9	3,0000E+0	1,0421E+0	1,0425E+0	-582,2558E-9
403,8694E+0	581,0635E-9	3,0000E+0	1,0413E+0	1,0419E+0	-584,3169E-9
404,3821E+0	580,1376E-9	3,0000E+0	1,0404E+0	1,0412E+0	-585,0319E-9
404,8948E+0	581,1477E-9	3,0000E+0	1,0396E+0	1,0407E+0	-579,9424E-9
405,4075E+0	580,7689E-9	3,0000E+0	1,0393E+0	1,0400E+0	-583,0970E-9
405,9202E+0	579,9693E-9	3,0000E+0	1,0386E+0	1,0394E+0	-583,8121E-9
406,4329E+0	580,6006E-9	3,0000E+0	1,0378E+0	1,0387E+0	-579,5217E-9
406,9456E+0	581,1477E-9	3,0000E+0	1,0370E+0	1,0377E+0	-580,4471E-9
407,4583E+0	579,5064E-9	3,0000E+0	1,0362E+0	1,0369E+0	-581,5828E-9
407,9709E+0	581,3581E-9	3,0000E+0	1,0358E+0	1,0364E+0	-575,9044E-9
408,4836E+0	579,9272E-9	3,0000E+0	1,0349E+0	1,0358E+0	-582,0034E-9
408,9962E+0	579,5905E-9	3,0000E+0	1,0348E+0	1,0351E+0	-583,2232E-9
409,5089E+0	581,4422E-9	3,0000E+0	1,0339E+0	1,0348E+0	-580,6153E-9
410,0216E+0	580,2218E-9	3,0000E+0	1,0326E+0	1,0341E+0	-584,4010E-9
410,5343E+0	579,9693E-9	3,0000E+0	1,0326E+0	1,0333E+0	-584,4010E-9
411,0470E+0	581,8631E-9	3,0000E+0	1,0318E+0	1,0325E+0	-581,2042E-9
411,5597E+0	581,4422E-9	3,0000E+0	1,0313E+0	1,0319E+0	-586,0414E-9
412,0723E+0	582,7890E-9	3,0000E+0	1,0307E+0	1,0312E+0	-583,9804E-9
412,5851E+0	585,6508E-9	3,0000E+0	1,0294E+0	1,0303E+0	-580,4891E-9
413,0977E+0	585,6087E-9	3,0000E+0	1,0291E+0	1,0295E+0	-590,0794E-9
413,6104E+0	587,5025E-9	3,0000E+0	1,0282E+0	1,0288E+0	-584,3589E-9
414,1231E+0	588,7651E-9	3,0000E+0	1,0275E+0	1,0283E+0	-586,9247E-9
414,6358E+0	589,5226E-9	3,0000E+0	1,0270E+0	1,0278E+0	-589,2381E-9
415,1485E+0	591,2902E-9	3,0000E+0	1,0263E+0	1,0271E+0	-587,1350E-9
415,6612E+0	591,5848E-9	3,0000E+0	1,0258E+0	1,0265E+0	-587,5977E-9
416,1739E+0	590,3643E-9	3,0000E+0	1,0245E+0	1,0259E+0	-593,6968E-9
416,6866E+0	591,1219E-9	3,0000E+0	1,0242E+0	1,0251E+0	-591,8881E-9
417,1993E+0	590,8694E-9	3,0000E+0	1,0237E+0	1,0245E+0	-593,2761E-9
417,7120E+0	592,2161E-9	3,0000E+0	1,0231E+0	1,0238E+0	-592,0984E-9
418,2247E+0	591,8794E-9	3,0000E+0	1,0227E+0	1,0233E+0	-592,4348E-9
418,7374E+0	593,0157E-9	3,0000E+0	1,0219E+0	1,0225E+0	-593,4444E-9
419,2501E+0	592,8474E-9	3,0000E+0	1,0207E+0	1,0216E+0	-593,4864E-9
419,7628E+0	593,9416E-9	3,0000E+0	1,0206E+0	1,0214E+0	-591,2992E-9
420,2755E+0	593,6470E-9	3,0000E+0	1,0196E+0	1,0205E+0	-589,7850E-9
420,7882E+0	592,3002E-9	3,0000E+0	1,0191E+0	1,0199E+0	-597,7768E-9
421,3009E+0	594,5308E-9	3,0000E+0	1,0181E+0	1,0188E+0	-589,1540E-9
421,8136E+0	594,0678E-9	3,0000E+0	1,0182E+0	1,0183E+0	-590,5000E-9
422,3263E+0	593,0578E-9	3,0000E+0	1,0176E+0	1,0181E+0	-597,7348E-9
422,8390E+0	593,6470E-9	3,0000E+0	1,0165E+0	1,0171E+0	-592,8135E-9
423,3517E+0	593,4787E-9	3,0000E+0	1,0160E+0	1,0164E+0	-591,9722E-9
423,8644E+0	592,1319E-9	3,0000E+0	1,0152E+0	1,0159E+0	-593,5706E-9
424,3771E+0	593,6049E-9	3,0000E+0	1,0146E+0	1,0152E+0	-588,7754E-9
424,8898E+0	592,0899E-9	3,0000E+0	1,0139E+0	1,0150E+0	-594,3277E-9
425,4025E+0	592,5528E-9	3,0000E+0	1,0132E+0	1,0137E+0	-591,4674E-9
425,9152E+0	592,3002E-9	3,0000E+0	1,0121E+0	1,0132E+0	-588,6492E-9
426,4279E+0	591,7952E-9	3,0000E+0	1,0122E+0	1,0128E+0	-594,1594E-9
426,9406E+0	591,2902E-9	3,0000E+0	1,0109E+0	1,0124E+0	-596,4729E-9
427,4533E+0	593,0578E-9	3,0000E+0	1,0106E+0	1,0113E+0	-588,6492E-9
427,9660E+0	593,4787E-9	3,0000E+0	1,0098E+0	1,0107E+0	-591,6777E-9
428,4787E+0	591,9215E-9	3,0000E+0	1,0097E+0	1,0103E+0	-596,4308E-9
428,9914E+0	592,5107E-9	3,0000E+0	1,0089E+0	1,0095E+0	-591,7198E-9
429,5041E+0	591,5427E-9	3,0000E+0	1,0084E+0	1,0092E+0	-595,7579E-9
430,0168E+0	592,7632E-9	3,0000E+0	1,0077E+0	1,0086E+0	-592,4348E-9
430,5295E+0	593,0578E-9	3,0000E+0	1,0061E+0	1,0072E+0	-588,3969E-9
431,0422E+0	591,3744E-9	3,0000E+0	1,0057E+0	1,0063E+0	-595,4213E-9
431,5548E+0	590,8694E-9	3,0000E+0	1,0046E+0	1,0050E+0	-594,0753E-9
432,0675E+0	592,0899E-9	3,0000E+0	1,0030E+0	1,0037E+0	-586,9247E-9
432,5802E+0	590,5748E-9	3,0000E+0	1,0020E+0	1,0027E+0	-590,6683E-9
433,0929E+0	589,9014E-9	3,0000E+0	1,0007E+0	1,0012E+0	-589,4064E-9
433,6056E+0	589,5647E-9	3,0000E+0	999,2961E-3	1,0001E+0	-587,0509E-9
434,1183E+0	587,6288E-9	3,0000E+0	998,2949E-3	998,9827E-3	-591,5516E-9
434,6310E+0	588,5547E-9	3,0000E+0	996,9600E-3	997,9818E-3	-587,7239E-9
435,1437E+0	587,6709E-9	3,0000E+0	995,5416E-3	996,6474E-3	-583,6438E-9
435,6564E+0	586,2821E-9	3,0000E+0	994,7907E-3	995,3963E-3	-589,4064E-9
436,1691E+0	586,1558E-9	3,0000E+0	994,0398E-3	994,5622E-3	-589,4485E-9
436,6818E+0	587,1659E-9	3,0000E+0	992,7049E-3	993,5614E-3	-586,2938E-9
437,1945E+0	586,6187E-9	3,0000E+0	991,1197E-3	992,5606E-3	-589,6167E-9
437,7072E+0	585,9033E-9	3,0000E+0	990,6191E-3	991,2261E-3	-589,7850E-9
438,2199E+0	586,6609E-9	3,0000E+0	988,9505E-3	990,2252E-3	-587,4295E-9
438,7325E+0	585,7771E-9	3,0000E+0	988,1995E-3	988,7240E-3	-590,1215E-9
439,2452E+0	586,6187E-9	3,0000E+0	987,1984E-3	987,9733E-3	-589,6587E-9
439,7579E+0	588,6388E-9	3,0000E+0	985,6132E-3	986,5555E-3	-582,5082E-9
440,2706E+0	586,9975E-9	3,0000E+0	984,4451E-3	985,7213E-3	-591,7619E-9
440,7833E+0	587,1659E-9	3,0000E+0	984,1113E-3	984,6372E-3	-589,7429E-9
441,2960E+0	588,0918E-9	3,0000E+0	982,6096E-3	983,7197E-3	-587,5977E-9
441,8087E+0	588,1759E-9	3,0000E+0	981,8587E-3	982,4686E-3	-587,9342E-9
442,3214E+0	587,9655E-9	3,0000E+0	980,0231E-3	981,2176E-3	-585,4946E-9
442,8341E+0	589,6489E-9	3,0000E+0	979,7728E-3	980,5504E-3	-583,3915E-9
443,3468E+0	587,1659E-9	3,0000E+0	978,5213E-3	979,4661E-3	-592,3087E-9
443,8595E+0	589,1018E-9	3,0000E+0	977,7704E-3	978,5486E-3	-587,0089E-9
444,3722E+0	588,8493E-9	3,0000E+0	976,6858E-3	976,9640E-3	-585,3263E-9
444,8849E+0	588,8072E-9	3,0000E+0	975,5177E-3	976,2968E-3	-588,5651E-9
445,3976E+0	588,7651E-9	3,0000E+0	974,3497E-3	975,2959E-3	-585,4105E-9
445,9103E+0	589,3122E-9	3,0000E+0	973,1816E-3	974,4619E-3	-585,0319E-9
446,4230E+0	588,5968E-9	3,0000E+0	972,0135E-3	973,2943E-3	-590,9206E-9
446,9357E+0	588,9335E-9	3,0000E+0	971,7633E-3	972,2100E-3	-588,8175E-9
447,4484E+0	588,9755E-9	3,0000E+0	970,8455E-3	971,3759E-3	-589,3223E-9
447,9611E+0	589,1018E-9	3,0000E+0	969,5106E-3	970,3751E-3	-589,6587E-9
448,4738E+0	589,9435E-9	3,0000E+0	968,5928E-3	969,5411E-3	-587,2192E-9
448,9865E+0	590,6168E-9	3,0000E+0	967,7584E-3	968,4568E-3	-588,6492E-9
449,4992E+0	590,4485E-9	3,0000E+0	966,6739E-3	967,2891E-3	-590,3318E-9
450,0119E+0	590,8694E-9	3,0000E+0	966,1733E-3	966,6219E-3	-592,0563E-9
450,5246E+0	593,8995E-9	3,0000E+0	964,2543E-3	965,2041E-3	-589,4485E-9
451,0373E+0	592,5107E-9	3,0000E+0	963,5869E-3	964,9538E-3	-598,7864E-9
451,5500E+0	593,9416E-9	3,0000E+0	962,9194E-3	963,8696E-3	-590,8786E-9
452,0627E+0	593,4787E-9	3,0000E+0	961,8347E-3	962,4518E-3	-590,4579E-9
452,5754E+0	593,0157E-9	3,0000E+0	961,2507E-3	961,7011E-3	-596,2626E-9
453,0881E+0	593,8995E-9	3,0000E+0	959,6655E-3	961,2007E-3	-594,3277E-9
453,6008E+0	593,5207E-9	3,0000E+0	958,9146E-3	960,0329E-3	-596,8094E-9
454,1135E+0	592,8895E-9	3,0000E+0	958,5809E-3	959,3657E-3	-599,4173E-9
454,6262E+0	595,2463E-9	3,0000E+0	956,9956E-3	958,2815E-3	-591,5095E-9
455,1389E+0	592,9736E-9	3,0000E+0	956,2447E-3	957,1972E-3	-596,1364E-9
455,6516E+0	592,8474E-9	3,0000E+0	955,0767E-3	956,2798E-3	-595,7999E-9
456,1642E+0	592,3002E-9	3,0000E+0	954,4092E-3	955,4458E-3	-592,9397E-9
456,6769E+0	593,4787E-9	3,0000E+0	953,8252E-3	954,5283E-3	-592,6452E-9
457,1897E+0	592,5107E-9	3,0000E+0	952,9908E-3	953,8611E-3	-595,8420E-9
457,7024E+0	593,8153E-9	3,0000E+0	951,4056E-3	952,5266E-3	-589,7008E-9
458,2151E+0	593,7312E-9	3,0000E+0	950,9885E-3	951,5258E-3	-592,9817E-9
458,7277E+0	593,2261E-9	3,0000E+0	950,3210E-3	951,3590E-3	-595,0007E-9
459,2404E+0	594,9096E-9	3,0000E+0	949,0695E-3	949,7743E-3	-589,7429E-9
459,7531E+0	593,6891E-9	3,0000E+0	948,5689E-3	949,1904E-3	-597,2720E-9
460,2658E+0	594,4887E-9	3,0000E+0	946,9837E-3	948,1896E-3	-593,8230E-9
460,7786E+0	595,8354E-9	3,0000E+0	946,9837E-3	947,5224E-3	-590,2477E-9
461,2913E+0	594,0258E-9	3,0000E+0	945,9825E-3	946,5215E-3	-598,1974E-9
461,8040E+0	596,0038E-9	3,0000E+0	944,8978E-3	945,9377E-3	-595,8840E-9
462,3167E+0	596,9297E-9	3,0000E+0	943,6464E-3	944,6032E-3	-591,9722E-9
462,8294E+0	596,0038E-9	3,0000E+0	943,2292E-3	943,7692E-3	-598,7022E-9
463,3421E+0	597,5609E-9	3,0000E+0	943,1458E-3	943,3522E-3	-598,2815E-9
463,8548E+0	598,3185E-9	3,0000E+0	941,4771E-3	942,1845E-3	-593,6968E-9
464,3675E+0	597,3084E-9	3,0000E+0	940,7263E-3	941,6007E-3	-603,1608E-9
464,8802E+0	599,2022E-9	3,0000E+0	940,1422E-3	940,7666E-3	-595,5896E-9
465,3929E+0	596,7613E-9	3,0000E+0	938,8907E-3	939,8493E-3	-598,9546E-9
465,9055E+0	595,4146E-9	3,0000E+0	937,8895E-3	939,0986E-3	-601,9831E-9
466,4182E+0	597,6872E-9	3,0000E+0	937,4723E-3	938,2645E-3	-595,3792E-9
466,9310E+0	597,2242E-9	3,0000E+0	936,2209E-3	937,5973E-3	-599,4173E-9
467,4436E+0	597,0559E-9	3,0000E+0	936,3043E-3	936,7632E-3	-596,9776E-9
467,9564E+0	596,4246E-9	3,0000E+0	935,2196E-3	935,5122E-3	-596,3888E-9
468,4691E+0	597,7714E-9	3,0000E+0	934,0516E-3	934,7616E-3	-595,4213E-9
468,9818E+0	596,5930E-9	3,0000E+0	933,4676E-3	933,9275E-3	-599,9640E-9
469,4945E+0	596,9297E-9	3,0000E+0	932,4664E-3	933,1769E-3	-594,5801E-9
470,0072E+0	597,1401E-9	3,0000E+0	931,7155E-3	932,3429E-3	-599,9220E-9
470,5199E+0	601,2644E-9	3,0000E+0	931,0480E-3	931,7591E-3	-605,2639E-9
471,0326E+0	602,2324E-9	3,0000E+0	930,3805E-3	930,9250E-3	-601,7307E-9
471,5453E+0	602,0641E-9	3,0000E+0	929,3794E-3	930,4246E-3	-602,4458E-9
472,0580E+0	603,7054E-9	3,0000E+0	928,5450E-3	929,2569E-3	-602,4878E-9
472,5707E+0	605,1363E-9	3,0000E+0	927,9610E-3	928,7565E-3	-598,7022E-9
473,0833E+0	603,2004E-9	3,0000E+0	927,4604E-3	927,8390E-3	-606,3576E-9
473,5961E+0	603,8737E-9	3,0000E+0	926,0420E-3	927,2552E-3	-607,2829E-9
474,1088E+0	606,7776E-9	3,0000E+0	925,7084E-3	926,2543E-3	-606,7781E-9
474,6215E+0	609,0923E-9	3,0000E+0	925,0408E-3	925,5037E-3	-609,0496E-9
475,1342E+0	611,0282E-9	3,0000E+0	924,1230E-3	924,8365E-3	-612,4145E-9
475,6469E+0	612,8379E-9	3,0000E+0	923,1219E-3	923,9191E-3	-611,5733E-9
476,1596E+0	611,7437E-9	3,0000E+0	922,7047E-3	923,0850E-3	-612,7931E-9
476,6723E+0	613,8900E-9	3,0000E+0	921,7870E-3	922,5011E-3	-611,0265E-9
477,1850E+0	619,2769E-9	3,0000E+0	920,7858E-3	921,2502E-3	-615,8216E-9
477,6977E+0	622,6437E-9	3,0000E+0	920,2852E-3	920,6663E-3	-622,5095E-9
478,2104E+0	625,4634E-9	3,0000E+0	919,5342E-3	920,1659E-3	-620,7849E-9
478,7231E+0	625,7580E-9	3,0000E+0	918,6165E-3	919,3318E-3	-624,3182E-9
479,2357E+0	629,5037E-9	3,0000E+0	917,7822E-3	918,5812E-3	-628,0618E-9
479,7485E+0	628,7461E-9	3,0000E+0	917,5319E-3	918,1641E-3	-628,3562E-9
480,2612E+0	628,3253E-9	3,0000E+0	916,4472E-3	917,0799E-3	-631,8053E-9
480,7738E+0	627,6098E-9	3,0000E+0	916,4472E-3	916,7463E-3	-632,0156E-9
481,2866E+0	627,6098E-9	3,0000E+0	915,5294E-3	915,9123E-3	-627,4308E-9
481,7993E+0	626,6418E-9	3,0000E+0	914,1111E-3	914,7446E-3	-627,8515E-9
482,3120E+0	626,3894E-9	3,0000E+0	913,0265E-3	914,3276E-3	-626,5475E-9
482,8247E+0	624,8322E-9	3,0000E+0	912,8596E-3	913,6604E-3	-624,5285E-9
483,3374E+0	624,6638E-9	3,0000E+0	911,8584E-3	912,9931E-3	-628,1879E-9
483,8501E+0	624,9584E-9	3,0000E+0	911,6915E-3	912,3259E-3	-623,0563E-9
484,3628E+0	623,6959E-9	3,0000E+0	910,8573E-3	911,7420E-3	-625,4118E-9
484,8755E+0	624,1588E-9	3,0000E+0	910,1898E-3	910,6578E-3	-624,7388E-9
485,3882E+0	624,6638E-9	3,0000E+0	909,4389E-3	909,8238E-3	-621,5841E-9
485,9009E+0	625,0426E-9	3,0000E+0	908,6879E-3	909,4902E-3	-626,3792E-9
486,4136E+0	625,2951E-9	3,0000E+0	908,3542E-3	908,8230E-3	-629,8704E-9
486,9262E+0	625,9685E-9	3,0000E+0	907,2696E-3	908,0723E-3	-623,3929E-9
487,4389E+0	629,7562E-9	3,0000E+0	906,5188E-3	907,1548E-3	-627,0102E-9
487,9516E+0	634,4276E-9	3,0000E+0	905,9347E-3	906,5710E-3	-634,9600E-9
488,4644E+0	637,0790E-9	3,0000E+0	905,3507E-3	906,2374E-3	-636,0956E-9
488,9771E+0	636,6581E-9	3,0000E+0	904,3494E-3	905,3200E-3	-640,5543E-9
489,4898E+0	637,9628E-9	3,0000E+0	904,1826E-3	904,9029E-3	-642,8677E-9
490,0025E+0	639,7725E-9	3,0000E+0	902,8477E-3	903,9854E-3	-639,7551E-9
490,5152E+0	640,6141E-9	3,0000E+0	902,9312E-3	903,5684E-3	-643,2883E-9
491,0278E+0	639,4778E-9	3,0000E+0	901,4293E-3	902,5677E-3	-636,4742E-9
491,5405E+0	637,5419E-9	3,0000E+0	900,5115E-3	901,7336E-3	-632,8989E-9
492,0532E+0	634,7223E-9	3,0000E+0	900,1778E-3	901,1497E-3	-639,7972E-9
492,5659E+0	633,2913E-9	3,0000E+0	900,0943E-3	900,6493E-3	-631,1323E-9
493,0786E+0	630,7241E-9	3,0000E+0	898,9264E-3	900,2323E-3	-632,0156E-9
493,5912E+0	633,5438E-9	3,0000E+0	899,0098E-3	899,4817E-3	-639,2083E-9
494,1039E+0	635,1431E-9	3,0000E+0	898,2589E-3	898,7311E-3	-631,7633E-9
494,6166E+0	638,0470E-9	3,0000E+0	897,1742E-3	897,5634E-3	-635,9274E-9
495,1293E+0	638,6362E-9	3,0000E+0	896,3399E-3	897,2298E-3	-639,4186E-9
495,6420E+0	644,3598E-9	3,0000E+0	895,5891E-3	896,3957E-3	-638,9559E-9
496,1547E+0	648,6524E-9	3,0000E+0	894,5878E-3	895,6450E-3	-646,4010E-9
496,6674E+0	647,0953E-9	3,0000E+0	894,5044E-3	895,2280E-3	-648,7565E-9
497,1801E+0	649,0733E-9	3,0000E+0	893,5866E-3	894,4774E-3	-647,7470E-9
497,6928E+0	655,6807E-9	3,0000E+0	892,9191E-3	894,0604E-3	-659,0197E-9
498,2055E+0	680,3847E-9	3,0000E+0	892,8357E-3	893,5600E-3	-680,7239E-9
498,7182E+0	696,7980E-9	3,0000E+0	892,0848E-3	892,5591E-3	-692,9220E-9
499,2310E+0	729,7929E-9	3,0000E+0	891,7511E-3	892,7259E-3	-735,4471E-9
499,7436E+0	732,0234E-9	3,0000E+0	891,0002E-3	891,5582E-3	-732,2083E-9
500,2563E+0	721,8808E-9	3,0000E+0	889,9990E-3	890,9745E-3	-719,6737E-9
500,7690E+0	718,9348E-9	3,0000E+0	889,5818E-3	890,4741E-3	-724,2164E-9
501,2817E+0	729,5824E-9	3,0000E+0	888,7475E-3	889,3898E-3	-725,2260E-9
501,7944E+0	723,1013E-9	3,0000E+0	888,2470E-3	888,9728E-3	-721,1038E-9
502,3071E+0	737,0315E-9	3,0000E+0	887,5795E-3	888,4723E-3	-740,9993E-9
502,8198E+0	729,2878E-9	3,0000E+0	886,6617E-3	887,6383E-3	-729,3480E-9
503,3324E+0	740,0616E-9	3,0000E+0	886,4114E-3	886,9711E-3	-739,9057E-9
503,8451E+0	736,2319E-9	3,0000E+0	886,5783E-3	886,5541E-3	-738,8121E-9
504,3578E+0	742,4184E-9	3,0000E+0	885,1599E-3	885,8034E-3	-738,5597E-9
504,8705E+0	744,4806E-9	3,0000E+0	884,6592E-3	885,0527E-3	-744,7429E-9
505,3832E+0	737,6207E-9	3,0000E+0	884,1587E-3	884,8025E-3	-739,8216E-9
505,8959E+0	752,5189E-9	3,0000E+0	883,4913E-3	884,1353E-3	-748,7809E-9
506,4086E+0	745,3223E-9	3,0000E+0	882,6569E-3	883,4682E-3	-745,4580E-9
506,9213E+0	723,2276E-9	3,0000E+0	882,4066E-3	882,9677E-3	-718,6221E-9
507,4340E+0	730,2558E-9	3,0000E+0	881,8225E-3	882,3838E-3	-734,1011E-9
507,9467E+0	727,7307E-9	3,0000E+0	881,4054E-3	881,9668E-3	-728,1703E-9
508,4594E+0	732,1075E-9	3,0000E+0	880,4042E-3	881,0493E-3	-726,8663E-9
508,9721E+0	705,6780E-9	3,0000E+0	879,6533E-3	880,9659E-3	-709,5366E-9
509,4848E+0	712,5799E-9	3,0000E+0	879,6533E-3	879,9652E-3	-715,6777E-9
509,9975E+0	703,6579E-9	3,0000E+0	878,7355E-3	879,6315E-3	-700,1146E-9
510,5101E+0	729,2037E-9	3,0000E+0	878,3184E-3	878,9643E-3	-729,1378E-9
511,0228E+0	742,2922E-9	3,0000E+0	877,4006E-3	878,4639E-3	-740,2422E-9
511,5356E+0	737,9995E-9	3,0000E+0	877,3171E-3	877,8800E-3	-736,1621E-9
512,0483E+0	739,0516E-9	3,0000E+0	876,3160E-3	876,9625E-3	-740,2422E-9
512,5610E+0	736,4002E-9	3,0000E+0	875,8155E-3	876,2953E-3	-732,8392E-9
513,0737E+0	743,0497E-9	3,0000E+0	875,2314E-3	875,7949E-3	-741,7144E-9
513,5864E+0	729,6245E-9	3,0000E+0	875,0645E-3	875,2945E-3	-729,3060E-9
514,0991E+0	724,0693E-9	3,0000E+0	873,6461E-3	874,9609E-3	-720,1784E-9
514,6117E+0	723,1855E-9	3,0000E+0	873,4792E-3	874,2102E-3	-725,6886E-9
515,1245E+0	709,0869E-9	3,0000E+0	872,6450E-3	873,2094E-3	-707,6018E-9
515,6371E+0	722,5541E-9	3,0000E+0	872,4781E-3	873,1260E-3	-716,5190E-9
516,1498E+0	710,2653E-9	3,0000E+0	872,2278E-3	872,8758E-3	-709,2843E-9
516,6625E+0	714,5580E-9	3,0000E+0	870,9763E-3	871,7082E-3	-711,7239E-9
