Time	Cur1	Volt1	Volt2	Volt3	Cur4
526,9983E-3	99,9293E-3	3,0000E+0	2,8327E+0	2,8328E+0	-99,9305E-3
1,0398E+0	23,1174E-3	3,0000E+0	2,9625E+0	2,9620E+0	-23,1229E-3
1,5526E+0	8,8912E-3	3,0000E+0	2,9866E+0	2,9857E+0	-8,8919E-3
2,1789E+0	2,4316E-3	3,0000E+0	2,9942E+0	2,9937E+0	-2,4323E-3
2,6916E+0	2,1293E-3	3,0000E+0	2,9974E+0	2,9969E+0	-2,1299E-3
3,2042E+0	1,7346E-3	3,0000E+0	2,9980E+0	2,9974E+0	-1,7347E-3
3,7170E+0	1,4739E-3	3,0000E+0	2,9981E+0	2,9981E+0	-1,4740E-3
4,2296E+0	1,3161E-3	3,0000E+0	2,9989E+0	2,9983E+0	-1,3168E-3
4,7423E+0	1,1864E-3	3,0000E+0	2,9989E+0	2,9984E+0	-1,1864E-3
5,2550E+0	1,1098E-3	3,0000E+0	2,9987E+0	2,9987E+0	-1,1099E-3
5,7677E+0	1,0219E-3	3,0000E+0	2,9993E+0	2,9987E+0	-1,0223E-3
6,2803E+0	988,6849E-6	3,0000E+0	2,9991E+0	2,9987E+0	-988,7127E-6
6,7930E+0	1,6727E-3	3,0000E+0	2,9978E+0	2,9976E+0	-1,6728E-3
7,3057E+0	780,3593E-6	3,0000E+0	2,9979E+0	2,9977E+0	-780,4907E-6
7,8184E+0	1,4160E-3	3,0000E+0	2,9983E+0	2,9982E+0	-1,4163E-3
8,3311E+0	673,0438E-6	3,0000E+0	2,9998E+0	2,9993E+0	-673,2490E-6
8,8438E+0	1,2182E-3	3,0000E+0	2,9991E+0	2,9987E+0	-1,2182E-3
9,3565E+0	646,9821E-6	3,0000E+0	2,9998E+0	2,9994E+0	-646,9849E-6
9,8692E+0	1,0279E-3	3,0000E+0	2,9986E+0	2,9988E+0	-1,0280E-3
10,3818E+0	661,5682E-6	3,0000E+0	2,9999E+0	2,9996E+0	-661,5247E-6
10,8945E+0	932,4842E-6	3,0000E+0	2,9989E+0	2,9990E+0	-932,8647E-6
11,4072E+0	640,0463E-6	3,0000E+0	2,9996E+0	2,9995E+0	-640,1352E-6
11,9199E+0	800,9564E-6	3,0000E+0	2,9994E+0	2,9992E+0	-800,9557E-6
12,4326E+0	462,6584E-6	3,0000E+0	2,9999E+0	2,9998E+0	-462,9259E-6
12,9453E+0	625,7964E-6	3,0000E+0	2,9995E+0	2,9995E+0	-626,0576E-6
13,4580E+0	517,8503E-6	3,0000E+0	2,9994E+0	2,9997E+0	-518,0175E-6
13,9707E+0	658,9620E-6	3,0000E+0	2,9997E+0	2,9995E+0	-659,1295E-6
14,4834E+0	549,9652E-6	3,0000E+0	3,0003E+0	2,9995E+0	-550,1648E-6
14,9961E+0	470,6450E-6	3,0000E+0	2,9995E+0	2,9997E+0	-470,7421E-6
15,5088E+0	402,5482E-6	3,0000E+0	3,0002E+0	2,9995E+0	-402,9176E-6
16,0214E+0	469,8043E-6	3,0000E+0	2,9999E+0	2,9997E+0	-469,8597E-6
16,5341E+0	425,2472E-6	3,0000E+0	3,0004E+0	2,9997E+0	-425,6098E-6
17,0468E+0	471,6959E-6	3,0000E+0	3,0003E+0	2,9998E+0	-471,8347E-6
17,5596E+0	446,8532E-6	3,0000E+0	2,9994E+0	2,9998E+0	-446,9574E-6
18,0723E+0	493,0077E-6	3,0000E+0	3,0001E+0	2,9998E+0	-493,1402E-6
18,5850E+0	486,3661E-6	3,0000E+0	3,0000E+0	2,9996E+0	-486,5847E-6
19,0977E+0	497,8417E-6	3,0000E+0	2,9999E+0	2,9997E+0	-498,3509E-6
19,7240E+0	222,8638E-6	3,0000E+0	2,9996E+0	2,9990E+0	-222,8861E-6
20,2366E+0	268,1468E-6	3,0000E+0	2,9999E+0	2,9999E+0	-268,1448E-6
20,7493E+0	417,8145E-6	3,0000E+0	3,0003E+0	3,0000E+0	-417,8383E-6
21,2620E+0	288,2735E-6	3,0000E+0	3,0004E+0	3,0002E+0	-288,2793E-6
21,7747E+0	459,8173E-6	3,0000E+0	2,9988E+0	2,9983E+0	-459,8308E-6
22,2874E+0	279,8923E-6	3,0000E+0	3,0003E+0	2,9999E+0	-279,9186E-6
22,9132E+0	571,3190E-6	3,0000E+0	2,9991E+0	2,9983E+0	-571,5964E-6
23,4259E+0	439,0767E-6	3,0000E+0	3,0003E+0	2,9997E+0	-439,0991E-6
23,9386E+0	562,2814E-6	3,0000E+0	2,9997E+0	2,9996E+0	-562,5195E-6
24,5649E+0	205,8701E-6	3,0000E+0	2,9997E+0	2,9992E+0	-205,9210E-6
25,0776E+0	489,8770E-6	3,0000E+0	3,0004E+0	2,9997E+0	-489,8897E-6
25,5903E+0	361,2738E-6	3,0000E+0	3,0003E+0	2,9999E+0	-361,2976E-6
26,1030E+0	433,7737E-6	3,0000E+0	3,0010E+0	3,0002E+0	-433,7988E-6
26,6156E+0	373,1413E-6	3,0000E+0	3,0001E+0	3,0001E+0	-373,1765E-6
27,1283E+0	386,9852E-6	3,0000E+0	3,0007E+0	3,0002E+0	-387,0311E-6
27,6410E+0	381,4846E-6	3,0000E+0	2,9995E+0	2,9997E+0	-381,5120E-6
28,1537E+0	331,7566E-6	3,0000E+0	3,0005E+0	3,0002E+0	-331,7641E-6
28,6664E+0	343,3129E-6	3,0000E+0	2,9989E+0	2,9988E+0	-343,2816E-6
29,1791E+0	280,1152E-6	3,0000E+0	2,9989E+0	2,9990E+0	-280,1246E-6
29,6918E+0	345,5627E-6	3,0000E+0	3,0001E+0	2,9993E+0	-345,5851E-6
30,2045E+0	245,6567E-6	3,0000E+0	3,0005E+0	3,0002E+0	-245,6941E-6
30,7172E+0	351,4838E-6	3,0000E+0	3,0004E+0	2,9999E+0	-351,5246E-6
31,2299E+0	240,3496E-6	3,0000E+0	2,9999E+0	3,0002E+0	-240,3851E-6
31,7426E+0	357,4806E-6	3,0000E+0	3,0004E+0	2,9998E+0	-357,4976E-6
32,2553E+0	234,2140E-6	3,0000E+0	3,0006E+0	3,0001E+0	-234,2691E-6
32,7680E+0	387,3931E-6	3,0000E+0	2,9991E+0	2,9984E+0	-387,4221E-6
33,2807E+0	223,0952E-6	3,0000E+0	3,0002E+0	2,9999E+0	-223,1341E-6
33,9065E+0	509,7376E-6	3,0000E+0	2,9989E+0	2,9986E+0	-510,0753E-6
34,5327E+0	183,6828E-6	3,0000E+0	2,9996E+0	2,9995E+0	-183,6889E-6
35,0454E+0	484,0147E-6	3,0000E+0	3,0000E+0	3,0005E+0	-484,0343E-6
35,5581E+0	318,8463E-6	3,0000E+0	3,0008E+0	3,0000E+0	-318,8637E-6
36,0708E+0	446,1037E-6	3,0000E+0	3,0004E+0	3,0002E+0	-446,1107E-6
36,5835E+0	342,1438E-6	3,0000E+0	2,9999E+0	2,9998E+0	-342,1592E-6
37,0962E+0	394,4707E-6	3,0000E+0	3,0006E+0	3,0003E+0	-394,5091E-6
37,6089E+0	347,4299E-6	3,0000E+0	3,0002E+0	2,9999E+0	-347,4262E-6
38,1216E+0	335,6003E-6	3,0000E+0	3,0004E+0	3,0001E+0	-335,6019E-6
38,6342E+0	343,0353E-6	3,0000E+0	3,0002E+0	2,9997E+0	-343,0293E-6
39,1469E+0	294,8759E-6	3,0000E+0	3,0004E+0	3,0002E+0	-294,8829E-6
39,6596E+0	313,3920E-6	3,0000E+0	3,0003E+0	3,0000E+0	-313,3950E-6
40,1723E+0	249,6434E-6	3,0000E+0	3,0010E+0	3,0004E+0	-249,6706E-6
40,6850E+0	322,0381E-6	3,0000E+0	3,0004E+0	3,0002E+0	-322,0499E-6
41,1977E+0	232,9482E-6	3,0000E+0	3,0007E+0	3,0006E+0	-232,9450E-6
41,7103E+0	332,2402E-6	3,0000E+0	3,0004E+0	3,0000E+0	-332,2391E-6
42,2230E+0	215,1429E-6	3,0000E+0	3,0008E+0	3,0002E+0	-215,1434E-6
42,7357E+0	325,2005E-6	3,0000E+0	3,0001E+0	3,0000E+0	-325,2193E-6
43,2484E+0	202,2788E-6	3,0000E+0	3,0004E+0	3,0000E+0	-202,3354E-6
43,7611E+0	307,3195E-6	3,0000E+0	2,9993E+0	2,9989E+0	-307,3210E-6
44,2738E+0	179,4228E-6	3,0000E+0	3,0005E+0	3,0003E+0	-179,4476E-6
44,7865E+0	495,3818E-6	3,0000E+0	2,9987E+0	2,9985E+0	-495,3836E-6
45,2992E+0	194,4905E-6	3,0000E+0	3,0004E+0	3,0002E+0	-194,5212E-6
45,9250E+0	522,0118E-6	3,0000E+0	2,9995E+0	2,9989E+0	-522,4720E-6
46,5512E+0	172,6985E-6	3,0000E+0	2,9999E+0	2,9997E+0	-172,6968E-6
47,0639E+0	435,1320E-6	3,0000E+0	3,0008E+0	3,0004E+0	-435,1397E-6
47,5766E+0	320,2887E-6	3,0000E+0	3,0000E+0	2,9997E+0	-320,3139E-6
48,0893E+0	373,1413E-6	3,0000E+0	3,0007E+0	3,0002E+0	-373,1429E-6
48,6020E+0	287,3568E-6	3,0000E+0	3,0004E+0	3,0002E+0	-287,3840E-6
49,1147E+0	318,7201E-6	3,0000E+0	3,0007E+0	3,0004E+0	-318,7165E-6
49,6274E+0	306,4742E-6	3,0000E+0	3,0004E+0	3,0002E+0	-306,4719E-6
50,1401E+0	288,4838E-6	3,0000E+0	3,0005E+0	3,0005E+0	-288,4685E-6
50,6528E+0	312,0925E-6	3,0000E+0	3,0004E+0	2,9999E+0	-312,1129E-6
51,1655E+0	238,5750E-6	3,0000E+0	3,0005E+0	3,0002E+0	-238,6029E-6
51,6782E+0	312,0546E-6	3,0000E+0	3,0002E+0	2,9999E+0	-312,0583E-6
52,1909E+0	206,1645E-6	3,0000E+0	3,0003E+0	3,0004E+0	-206,1564E-6
52,7036E+0	291,3560E-6	3,0000E+0	2,9994E+0	2,9985E+0	-291,3773E-6
53,2162E+0	188,4096E-6	3,0000E+0	2,9996E+0	2,9992E+0	-188,4304E-6
53,7289E+0	286,7386E-6	3,0000E+0	3,0004E+0	3,0002E+0	-286,7366E-6
54,2416E+0	179,2588E-6	3,0000E+0	3,0007E+0	3,0004E+0	-179,2374E-6
54,7543E+0	312,5551E-6	3,0000E+0	2,9994E+0	2,9988E+0	-312,5333E-6
55,2670E+0	183,8720E-6	3,0000E+0	3,0009E+0	3,0003E+0	-183,8822E-6
55,7797E+0	483,6195E-6	3,0000E+0	2,9981E+0	2,9985E+0	-483,6224E-6
56,2924E+0	176,0165E-6	3,0000E+0	3,0004E+0	3,0000E+0	-176,0176E-6
56,9182E+0	511,6712E-6	3,0000E+0	2,9986E+0	2,9987E+0	-511,8402E-6
57,5445E+0	161,6259E-6	3,0000E+0	3,0001E+0	2,9996E+0	-161,6544E-6
58,0572E+0	424,8121E-6	3,0000E+0	3,0005E+0	3,0002E+0	-424,8707E-6
58,5699E+0	293,4251E-6	3,0000E+0	3,0002E+0	2,9997E+0	-293,4285E-6
59,0826E+0	364,2512E-6	3,0000E+0	3,0008E+0	3,0002E+0	-364,2568E-6
59,5953E+0	277,8864E-6	3,0000E+0	2,9992E+0	2,9992E+0	-277,9304E-6
60,1080E+0	299,0812E-6	3,0000E+0	3,0007E+0	3,0005E+0	-299,0906E-6
60,6207E+0	296,4024E-6	3,0000E+0	3,0004E+0	3,0002E+0	-296,3668E-6
61,1334E+0	271,1074E-6	3,0000E+0	3,0007E+0	3,0001E+0	-271,1082E-6
61,6461E+0	325,4529E-6	3,0000E+0	3,0004E+0	3,0000E+0	-325,4421E-6
62,1588E+0	235,5850E-6	3,0000E+0	3,0010E+0	3,0002E+0	-235,6226E-6
62,6715E+0	299,1065E-6	3,0000E+0	3,0004E+0	3,0000E+0	-299,1074E-6
63,1842E+0	200,5504E-6	3,0000E+0	3,0001E+0	2,9997E+0	-200,5700E-6
63,6969E+0	270,9770E-6	3,0000E+0	2,9998E+0	3,0002E+0	-270,9947E-6
64,2096E+0	175,6422E-6	3,0000E+0	3,0009E+0	3,0005E+0	-175,6477E-6
64,7223E+0	282,2767E-6	3,0000E+0	3,0006E+0	2,9998E+0	-282,2978E-6
65,2350E+0	168,6445E-6	3,0000E+0	3,0008E+0	3,0002E+0	-168,6489E-6
65,7477E+0	294,1189E-6	3,0000E+0	2,9994E+0	2,9992E+0	-294,1263E-6
66,2604E+0	175,9029E-6	3,0000E+0	3,0008E+0	3,0004E+0	-175,9167E-6
66,7731E+0	450,9525E-6	3,0000E+0	2,9989E+0	2,9985E+0	-450,9867E-6
67,2858E+0	162,7024E-6	3,0000E+0	2,9997E+0	3,0000E+0	-162,7094E-6
67,9116E+0	507,2155E-6	3,0000E+0	2,9993E+0	2,9989E+0	-507,4699E-6
68,5379E+0	160,3685E-6	3,0000E+0	2,9995E+0	2,9997E+0	-160,3807E-6
69,0506E+0	404,7779E-6	3,0000E+0	3,0006E+0	3,0000E+0	-404,8076E-6
69,5633E+0	257,1751E-6	3,0000E+0	3,0001E+0	2,9996E+0	-257,1821E-6
70,0760E+0	348,8008E-6	3,0000E+0	3,0006E+0	3,0005E+0	-348,8133E-6
70,5887E+0	270,9980E-6	3,0000E+0	3,0006E+0	3,0001E+0	-271,0325E-6
71,1014E+0	301,8609E-6	3,0000E+0	3,0008E+0	3,0005E+0	-301,8859E-6
71,6141E+0	302,4497E-6	3,0000E+0	3,0004E+0	2,9997E+0	-302,4702E-6
72,1268E+0	262,7136E-6	3,0000E+0	3,0009E+0	3,0005E+0	-262,7391E-6
72,6395E+0	285,1910E-6	3,0000E+0	3,0003E+0	3,0001E+0	-285,1856E-6
73,1522E+0	229,3821E-6	3,0000E+0	3,0008E+0	3,0001E+0	-229,3973E-6
73,6649E+0	281,2759E-6	3,0000E+0	2,9995E+0	3,0001E+0	-281,3268E-6
74,1776E+0	183,7122E-6	3,0000E+0	2,9993E+0	2,9987E+0	-183,7183E-6
74,6903E+0	270,1191E-6	3,0000E+0	3,0007E+0	3,0000E+0	-270,1414E-6
75,2030E+0	162,6646E-6	3,0000E+0	3,0007E+0	3,0002E+0	-162,7430E-6
75,7158E+0	281,8898E-6	3,0000E+0	3,0001E+0	2,9999E+0	-281,9321E-6
76,2284E+0	165,4485E-6	3,0000E+0	3,0007E+0	3,0005E+0	-165,4501E-6
76,7411E+0	275,8174E-6	3,0000E+0	3,0002E+0	2,9999E+0	-275,7992E-6
77,2538E+0	160,9866E-6	3,0000E+0	3,0005E+0	3,0002E+0	-160,9902E-6
77,7665E+0	438,4458E-6	3,0000E+0	2,9983E+0	2,9983E+0	-438,4731E-6
78,4027E+0	-71,3743E-9	3,0000E+0	2,9946E+0	2,9939E+0	69,1078E-9
78,9154E+0	-67,2585E-9	3,0000E+0	2,9870E+0	2,9867E+0	70,9671E-9
79,4281E+0	-66,4126E-9	3,0000E+0	2,9836E+0	2,9842E+0	64,2579E-9
79,9408E+0	-62,7556E-9	3,0000E+0	2,9773E+0	2,9775E+0	61,8897E-9
80,4535E+0	-60,1212E-9	3,0000E+0	2,9742E+0	2,9737E+0	63,2946E-9
80,9662E+0	-57,7519E-9	3,0000E+0	2,9682E+0	2,9678E+0	55,1595E-9
81,4789E+0	-55,4583E-9	3,0000E+0	2,9645E+0	2,9645E+0	55,9209E-9
81,9916E+0	-51,4057E-9	3,0000E+0	2,9571E+0	2,9569E+0	53,5653E-9
82,5043E+0	-51,2163E-9	3,0000E+0	2,9564E+0	2,9560E+0	48,5177E-9
83,0170E+0	-47,1973E-9	3,0000E+0	2,9497E+0	2,9502E+0	49,3127E-9
83,5297E+0	-44,6723E-9	3,0000E+0	2,9456E+0	2,9460E+0	46,3220E-9
84,0424E+0	-43,8180E-9	3,0000E+0	2,9426E+0	2,9422E+0	41,0598E-9
84,6763E+0	-37,0836E-9	3,0000E+0	2,9297E+0	2,9292E+0	38,3408E-9
85,1890E+0	-23,4006E-9	3,0000E+0	2,9073E+0	2,9069E+0	24,5514E-9
85,7017E+0	-14,2504E-9	3,0000E+0	2,8882E+0	2,8877E+0	11,1588E-9
86,6987E+0	-2,9447E-9	3,0000E+0	2,8661E+0	2,8661E+0	1,5935E-9
87,4535E+0	-1,7907E-9	3,0000E+0	2,8647E+0	2,8640E+0	4,5998E-9
88,3296E+0	-1,0993E-9	3,0000E+0	2,8593E+0	2,8591E+0	2,9290E-9
88,8423E+0	4,9985E-9	3,0000E+0	2,8526E+0	2,8522E+0	-8,0381E-9
89,3550E+0	7,2395E-9	3,0000E+0	2,8522E+0	2,8520E+0	-5,4817E-9
89,8678E+0	9,2668E-9	3,0000E+0	2,8456E+0	2,8457E+0	-8,3077E-9
90,3804E+0	8,7369E-9	3,0000E+0	2,8461E+0	2,8457E+0	-11,6806E-9
90,8932E+0	11,8761E-9	3,0000E+0	2,8423E+0	2,8419E+0	-8,8381E-9
91,4058E+0	12,5495E-9	3,0000E+0	2,8397E+0	2,8390E+0	-13,9872E-9
91,9186E+0	18,5690E-9	3,0000E+0	2,8282E+0	2,8274E+0	-19,9120E-9
92,4312E+0	46,4429E-9	3,0000E+0	2,7786E+0	2,7781E+0	-43,4506E-9
93,0640E+0	76,0778E-9	3,0000E+0	2,7232E+0	2,7228E+0	-78,3793E-9
93,5766E+0	100,4076E-9	3,0000E+0	2,6775E+0	2,6778E+0	-100,0996E-9
94,0894E+0	123,7147E-9	3,0000E+0	2,6352E+0	2,6348E+0	-121,9040E-9
94,6021E+0	146,9756E-9	3,0000E+0	2,5910E+0	2,5898E+0	-150,0512E-9
95,1148E+0	170,7457E-9	3,0000E+0	2,5482E+0	2,5482E+0	-169,3740E-9
95,6275E+0	194,5536E-9	3,0000E+0	2,5047E+0	2,5039E+0	-194,0638E-9
96,1402E+0	216,2952E-9	3,0000E+0	2,4634E+0	2,4630E+0	-219,5234E-9
96,6529E+0	240,3977E-9	3,0000E+0	2,4202E+0	2,4205E+0	-237,8325E-9
97,1656E+0	261,9036E-9	3,0000E+0	2,3785E+0	2,3787E+0	-264,0197E-9
97,6783E+0	282,8371E-9	3,0000E+0	2,3395E+0	2,3391E+0	-284,5244E-9
98,1910E+0	305,6140E-9	3,0000E+0	2,2983E+0	2,2977E+0	-302,7999E-9
98,7037E+0	327,3850E-9	3,0000E+0	2,2556E+0	2,2553E+0	-329,9167E-9
99,2164E+0	348,9918E-9	3,0000E+0	2,2155E+0	2,2149E+0	-348,2469E-9
99,7291E+0	371,2300E-9	3,0000E+0	2,1729E+0	2,1727E+0	-369,3068E-9
100,2418E+0	391,8268E-9	3,0000E+0	2,1314E+0	2,1316E+0	-395,2458E-9
100,7545E+0	413,3874E-9	3,0000E+0	2,0898E+0	2,0890E+0	-410,6612E-9
101,2672E+0	433,6264E-9	3,0000E+0	2,0476E+0	2,0474E+0	-434,1060E-9
101,7799E+0	454,3159E-9	3,0000E+0	2,0054E+0	2,0054E+0	-455,8642E-9
102,2926E+0	476,5624E-9	3,0000E+0	1,9641E+0	1,9634E+0	-474,1985E-9
102,8053E+0	496,8520E-9	3,0000E+0	1,9208E+0	1,9209E+0	-499,5571E-9
103,4381E+0	525,3075E-9	3,0000E+0	1,8680E+0	1,8675E+0	-528,3140E-9
103,9507E+0	548,5810E-9	3,0000E+0	1,8239E+0	1,8236E+0	-543,0774E-9
104,4635E+0	570,7182E-9	3,0000E+0	1,7777E+0	1,7776E+0	-574,5811E-9
104,9762E+0	593,4024E-9	3,0000E+0	1,7354E+0	1,7349E+0	-591,8261E-9
105,4889E+0	610,4892E-9	3,0000E+0	1,7007E+0	1,7004E+0	-609,9544E-9
106,0016E+0	611,7939E-9	3,0000E+0	1,6931E+0	1,6932E+0	-617,4413E-9
106,5143E+0	618,5697E-9	3,0000E+0	1,6861E+0	1,6857E+0	-613,6979E-9
107,0270E+0	623,1571E-9	3,0000E+0	1,6770E+0	1,6766E+0	-627,4097E-9
107,5397E+0	630,8167E-9	3,0000E+0	1,6673E+0	1,6673E+0	-629,0081E-9
108,0524E+0	634,9412E-9	3,0000E+0	1,6583E+0	1,6579E+0	-634,2657E-9
108,5651E+0	640,5385E-9	3,0000E+0	1,6483E+0	1,6481E+0	-642,0890E-9
109,0778E+0	646,7251E-9	3,0000E+0	1,6388E+0	1,6385E+0	-646,6316E-9
109,5905E+0	652,9959E-9	3,0000E+0	1,6287E+0	1,6281E+0	-649,0291E-9
110,1032E+0	658,3409E-9	3,0000E+0	1,6178E+0	1,6177E+0	-657,8198E-9
110,6159E+0	664,9483E-9	3,0000E+0	1,6072E+0	1,6067E+0	-660,3015E-9
111,1286E+0	668,9465E-9	3,0000E+0	1,6016E+0	1,6016E+0	-666,9471E-9
111,6413E+0	670,2091E-9	3,0000E+0	1,5996E+0	1,5995E+0	-670,9849E-9
112,1540E+0	673,3655E-9	3,0000E+0	1,5974E+0	1,5969E+0	-669,2604E-9
112,6667E+0	673,5339E-9	3,0000E+0	1,5953E+0	1,5947E+0	-677,7568E-9
113,1794E+0	675,3856E-9	3,0000E+0	1,5932E+0	1,5928E+0	-678,8924E-9
113,6921E+0	679,5942E-9	3,0000E+0	1,5908E+0	1,5904E+0	-674,2237E-9
114,2048E+0	679,0050E-9	3,0000E+0	1,5883E+0	1,5883E+0	-685,6222E-9
114,7175E+0	683,5082E-9	3,0000E+0	1,5865E+0	1,5859E+0	-679,6075E-9
115,2302E+0	684,6445E-9	3,0000E+0	1,5843E+0	1,5840E+0	-686,5054E-9
115,7429E+0	686,3700E-9	3,0000E+0	1,5816E+0	1,5816E+0	-687,8935E-9
116,2556E+0	688,7268E-9	3,0000E+0	1,5801E+0	1,5798E+0	-689,1553E-9
116,7683E+0	690,1157E-9	3,0000E+0	1,5778E+0	1,5774E+0	-694,2026E-9
117,2810E+0	691,6308E-9	3,0000E+0	1,5753E+0	1,5750E+0	-695,8010E-9
117,7937E+0	694,5347E-9	3,0000E+0	1,5732E+0	1,5725E+0	-690,0806E-9
118,3064E+0	693,7772E-9	3,0000E+0	1,5705E+0	1,5702E+0	-694,8335E-9
118,8191E+0	694,7030E-9	3,0000E+0	1,5675E+0	1,5675E+0	-690,5854E-9
119,3318E+0	693,0196E-9	3,0000E+0	1,5658E+0	1,5656E+0	-692,0575E-9
119,8445E+0	690,1998E-9	3,0000E+0	1,5635E+0	1,5631E+0	-696,0112E-9
120,3572E+0	690,0315E-9	3,0000E+0	1,5612E+0	1,5606E+0	-688,7768E-9
120,8699E+0	690,2419E-9	3,0000E+0	1,5581E+0	1,5580E+0	-686,2530E-9
121,3826E+0	687,5905E-9	3,0000E+0	1,5557E+0	1,5559E+0	-692,6463E-9
121,8953E+0	688,0956E-9	3,0000E+0	1,5535E+0	1,5531E+0	-686,2110E-9
122,4080E+0	687,0013E-9	3,0000E+0	1,5510E+0	1,5507E+0	-688,2300E-9
122,9207E+0	685,6966E-9	3,0000E+0	1,5483E+0	1,5478E+0	-686,8840E-9
123,4334E+0	686,1596E-9	3,0000E+0	1,5455E+0	1,5456E+0	-683,7715E-9
123,9461E+0	685,6545E-9	3,0000E+0	1,5434E+0	1,5429E+0	-684,4444E-9
124,4588E+0	684,4762E-9	3,0000E+0	1,5405E+0	1,5406E+0	-683,0144E-9
124,9715E+0	682,8769E-9	3,0000E+0	1,5403E+0	1,5399E+0	-682,5097E-9
125,4842E+0	679,8888E-9	3,0000E+0	1,5400E+0	1,5397E+0	-679,0606E-9
125,9969E+0	678,3316E-9	3,0000E+0	1,5405E+0	1,5398E+0	-675,9061E-9
126,5096E+0	675,8485E-9	3,0000E+0	1,5398E+0	1,5394E+0	-674,1395E-9
127,0223E+0	675,3015E-9	3,0000E+0	1,5397E+0	1,5395E+0	-675,7799E-9
127,5350E+0	672,7342E-9	3,0000E+0	1,5395E+0	1,5393E+0	-673,2142E-9
128,0477E+0	671,3453E-9	3,0000E+0	1,5387E+0	1,5384E+0	-671,8682E-9
128,5604E+0	670,4616E-9	3,0000E+0	1,5389E+0	1,5388E+0	-668,6295E-9
129,0731E+0	667,8102E-9	3,0000E+0	1,5380E+0	1,5383E+0	-666,0217E-9
129,5857E+0	665,4113E-9	3,0000E+0	1,5378E+0	1,5380E+0	-665,6011E-9
130,0985E+0	661,8760E-9	3,0000E+0	1,5380E+0	1,5382E+0	-663,6663E-9
130,6111E+0	660,6977E-9	3,0000E+0	1,5374E+0	1,5373E+0	-656,3898E-9
131,1239E+0	658,0462E-9	3,0000E+0	1,5365E+0	1,5369E+0	-657,9881E-9
131,6366E+0	655,5211E-9	3,0000E+0	1,5369E+0	1,5368E+0	-655,6747E-9
132,1492E+0	654,7635E-9	3,0000E+0	1,5368E+0	1,5366E+0	-654,7494E-9
132,6619E+0	653,5431E-9	3,0000E+0	1,5359E+0	1,5356E+0	-653,6558E-9
133,1746E+0	653,1643E-9	3,0000E+0	1,5361E+0	1,5357E+0	-648,1879E-9
133,6873E+0	651,6913E-9	3,0000E+0	1,5354E+0	1,5349E+0	-652,2678E-9
134,2000E+0	649,9658E-9	3,0000E+0	1,5349E+0	1,5344E+0	-651,8051E-9
134,7127E+0	650,2603E-9	3,0000E+0	1,5344E+0	1,5338E+0	-644,4023E-9
135,2254E+0	648,3244E-9	3,0000E+0	1,5339E+0	1,5333E+0	-648,1038E-9
135,7381E+0	647,0198E-9	3,0000E+0	1,5338E+0	1,5330E+0	-650,0385E-9
136,2508E+0	645,6309E-9	3,0000E+0	1,5333E+0	1,5329E+0	-642,5938E-9
136,7636E+0	643,1900E-9	3,0000E+0	1,5327E+0	1,5323E+0	-648,3561E-9
137,2763E+0	644,7892E-9	3,0000E+0	1,5325E+0	1,5317E+0	-641,7525E-9
137,7889E+0	644,5367E-9	3,0000E+0	1,5316E+0	1,5312E+0	-640,9113E-9
138,3016E+0	642,9374E-9	3,0000E+0	1,5307E+0	1,5308E+0	-645,8745E-9
138,8143E+0	644,4105E-9	3,0000E+0	1,5305E+0	1,5302E+0	-639,9860E-9
139,3270E+0	642,5586E-9	3,0000E+0	1,5301E+0	1,5295E+0	-643,3929E-9
139,8398E+0	643,2321E-9	3,0000E+0	1,5291E+0	1,5291E+0	-643,0985E-9
140,3524E+0	642,3903E-9	3,0000E+0	1,5286E+0	1,5287E+0	-641,1637E-9
140,8652E+0	642,0536E-9	3,0000E+0	1,5284E+0	1,5278E+0	-641,5002E-9
141,3778E+0	641,3382E-9	3,0000E+0	1,5278E+0	1,5275E+0	-644,7389E-9
141,8905E+0	642,7691E-9	3,0000E+0	1,5272E+0	1,5267E+0	-636,9576E-9
142,4032E+0	640,7910E-9	3,0000E+0	1,5267E+0	1,5261E+0	-644,4865E-9
142,9159E+0	641,7170E-9	3,0000E+0	1,5263E+0	1,5258E+0	-641,1637E-9
143,4286E+0	641,8853E-9	3,0000E+0	1,5250E+0	1,5248E+0	-635,2331E-9
143,9413E+0	640,2018E-9	3,0000E+0	1,5249E+0	1,5246E+0	-644,1500E-9
144,4540E+0	640,6227E-9	3,0000E+0	1,5242E+0	1,5238E+0	-637,9670E-9
144,9667E+0	639,9073E-9	3,0000E+0	1,5235E+0	1,5232E+0	-640,6169E-9
145,4794E+0	640,1598E-9	3,0000E+0	1,5230E+0	1,5228E+0	-642,6358E-9
145,9921E+0	639,3601E-9	3,0000E+0	1,5221E+0	1,5218E+0	-638,7662E-9
146,5048E+0	639,4022E-9	3,0000E+0	1,5218E+0	1,5213E+0	-641,3320E-9
147,0175E+0	639,4443E-9	3,0000E+0	1,5213E+0	1,5205E+0	-639,3971E-9
147,5302E+0	639,5705E-9	3,0000E+0	1,5204E+0	1,5198E+0	-634,1816E-9
148,0429E+0	637,8871E-9	3,0000E+0	1,5195E+0	1,5189E+0	-638,6821E-9
148,5556E+0	637,9713E-9	3,0000E+0	1,5193E+0	1,5188E+0	-639,9860E-9
149,0683E+0	638,4342E-9	3,0000E+0	1,5188E+0	1,5181E+0	-634,5180E-9
149,5810E+0	637,7188E-9	3,0000E+0	1,5178E+0	1,5177E+0	-640,2804E-9
150,0937E+0	637,4663E-9	3,0000E+0	1,5172E+0	1,5169E+0	-640,6590E-9
150,6064E+0	637,4242E-9	3,0000E+0	1,5157E+0	1,5162E+0	-637,5885E-9
151,1191E+0	637,8451E-9	3,0000E+0	1,5156E+0	1,5152E+0	-637,9670E-9
151,6318E+0	637,6767E-9	3,0000E+0	1,5148E+0	1,5145E+0	-634,3919E-9
152,1445E+0	638,2659E-9	3,0000E+0	1,5138E+0	1,5136E+0	-634,4339E-9
152,6572E+0	637,9713E-9	3,0000E+0	1,5139E+0	1,5132E+0	-637,6306E-9
153,1699E+0	637,8871E-9	3,0000E+0	1,5128E+0	1,5123E+0	-634,6863E-9
153,6826E+0	638,3080E-9	3,0000E+0	1,5117E+0	1,5116E+0	-636,6211E-9
154,1953E+0	635,8249E-9	3,0000E+0	1,5112E+0	1,5113E+0	-640,5328E-9
154,7080E+0	637,2558E-9	3,0000E+0	1,5106E+0	1,5104E+0	-630,9850E-9
155,2207E+0	634,8990E-9	3,0000E+0	1,5099E+0	1,5096E+0	-636,5370E-9
155,7334E+0	634,5202E-9	3,0000E+0	1,5088E+0	1,5086E+0	-632,0785E-9
156,2460E+0	635,2357E-9	3,0000E+0	1,5081E+0	1,5082E+0	-627,1574E-9
156,7587E+0	632,7948E-9	3,0000E+0	1,5080E+0	1,5075E+0	-635,4014E-9
157,2714E+0	631,3638E-9	3,0000E+0	1,5071E+0	1,5067E+0	-630,2699E-9
157,7841E+0	631,5743E-9	3,0000E+0	1,5062E+0	1,5060E+0	-627,9565E-9
158,2968E+0	629,0491E-9	3,0000E+0	1,5057E+0	1,5053E+0	-631,6999E-9
158,8095E+0	630,6063E-9	3,0000E+0	1,5049E+0	1,5047E+0	-626,3161E-9
159,3222E+0	629,1754E-9	3,0000E+0	1,5044E+0	1,5038E+0	-627,9145E-9
159,8349E+0	628,2916E-9	3,0000E+0	1,5037E+0	1,5030E+0	-628,5874E-9
160,3477E+0	627,8707E-9	3,0000E+0	1,5026E+0	1,5022E+0	-624,8019E-9
160,8604E+0	629,0912E-9	3,0000E+0	1,5017E+0	1,5015E+0	-627,6201E-9
161,3730E+0	630,6063E-9	3,0000E+0	1,5010E+0	1,5005E+0	-630,8167E-9
161,8857E+0	633,2577E-9	3,0000E+0	1,5007E+0	1,5003E+0	-629,0081E-9
162,3985E+0	633,0893E-9	3,0000E+0	1,4995E+0	1,4994E+0	-633,6768E-9
162,9111E+0	634,2257E-9	3,0000E+0	1,4991E+0	1,4987E+0	-635,1069E-9
163,4238E+0	635,1937E-9	3,0000E+0	1,4981E+0	1,4978E+0	-634,2657E-9
163,9366E+0	635,4041E-9	3,0000E+0	1,4971E+0	1,4970E+0	-636,5790E-9
164,4492E+0	636,3300E-9	3,0000E+0	1,4967E+0	1,4964E+0	-635,8640E-9
164,9619E+0	635,9512E-9	3,0000E+0	1,4957E+0	1,4954E+0	-636,7893E-9
165,4746E+0	636,6246E-9	3,0000E+0	1,4953E+0	1,4945E+0	-641,5002E-9
165,9873E+0	638,6447E-9	3,0000E+0	1,4944E+0	1,4938E+0	-636,1164E-9
166,5000E+0	640,2440E-9	3,0000E+0	1,4935E+0	1,4930E+0	-636,4949E-9
167,0127E+0	640,1598E-9	3,0000E+0	1,4929E+0	1,4924E+0	-640,8272E-9
167,5254E+0	641,8853E-9	3,0000E+0	1,4921E+0	1,4919E+0	-637,3782E-9
168,0381E+0	642,8111E-9	3,0000E+0	1,4911E+0	1,4906E+0	-641,9629E-9
168,5508E+0	646,4726E-9	3,0000E+0	1,4903E+0	1,4899E+0	-644,5285E-9
169,0635E+0	650,4708E-9	3,0000E+0	1,4899E+0	1,4895E+0	-646,8419E-9
169,5762E+0	652,0279E-9	3,0000E+0	1,4893E+0	1,4886E+0	-656,3898E-9
170,0889E+0	653,7956E-9	3,0000E+0	1,4884E+0	1,4878E+0	-656,1795E-9
170,6016E+0	655,1423E-9	3,0000E+0	1,4873E+0	1,4870E+0	-655,0438E-9
171,1143E+0	655,8578E-9	3,0000E+0	1,4860E+0	1,4861E+0	-658,2825E-9
171,6270E+0	658,0462E-9	3,0000E+0	1,4853E+0	1,4855E+0	-655,0017E-9
172,1397E+0	657,8358E-9	3,0000E+0	1,4852E+0	1,4846E+0	-658,6190E-9
172,6524E+0	658,0462E-9	3,0000E+0	1,4842E+0	1,4837E+0	-664,0869E-9
173,1651E+0	660,6977E-9	3,0000E+0	1,4833E+0	1,4830E+0	-656,2636E-9
173,6778E+0	660,3610E-9	3,0000E+0	1,4824E+0	1,4824E+0	-661,0165E-9
174,1905E+0	660,6977E-9	3,0000E+0	1,4814E+0	1,4816E+0	-663,2457E-9
174,7032E+0	662,7178E-9	3,0000E+0	1,4811E+0	1,4806E+0	-657,4413E-9
175,2159E+0	662,3811E-9	3,0000E+0	1,4800E+0	1,4796E+0	-661,7315E-9
175,7286E+0	661,3290E-9	3,0000E+0	1,4785E+0	1,4790E+0	-666,3582E-9
176,2413E+0	662,9282E-9	3,0000E+0	1,4781E+0	1,4780E+0	-661,9839E-9
176,7540E+0	663,8962E-9	3,0000E+0	1,4780E+0	1,4775E+0	-666,2741E-9
177,2667E+0	664,6958E-9	3,0000E+0	1,4770E+0	1,4765E+0	-664,6758E-9
177,7794E+0	665,8742E-9	3,0000E+0	1,4764E+0	1,4758E+0	-660,5117E-9
178,2921E+0	664,4012E-9	3,0000E+0	1,4752E+0	1,4749E+0	-665,9797E-9
178,8048E+0	665,7900E-9	3,0000E+0	1,4746E+0	1,4739E+0	-664,8440E-9
179,3175E+0	667,3893E-9	3,0000E+0	1,4739E+0	1,4730E+0	-662,1101E-9
179,8302E+0	666,7159E-9	3,0000E+0	1,4731E+0	1,4726E+0	-667,1574E-9
180,3429E+0	667,5156E-9	3,0000E+0	1,4721E+0	1,4717E+0	-665,9797E-9
180,8556E+0	666,9684E-9	3,0000E+0	1,4714E+0	1,4709E+0	-667,8304E-9
181,3683E+0	665,2430E-9	3,0000E+0	1,4706E+0	1,4702E+0	-670,7326E-9
181,8810E+0	666,0005E-9	3,0000E+0	1,4693E+0	1,4695E+0	-665,7693E-9
182,3937E+0	664,4854E-9	3,0000E+0	1,4687E+0	1,4684E+0	-668,2509E-9
182,9064E+0	664,2329E-9	3,0000E+0	1,4679E+0	1,4675E+0	-668,5875E-9
183,4191E+0	665,3692E-9	3,0000E+0	1,4674E+0	1,4668E+0	-662,5307E-9
183,9318E+0	663,6437E-9	3,0000E+0	1,4664E+0	1,4659E+0	-664,1711E-9
184,4445E+0	664,1908E-9	3,0000E+0	1,4653E+0	1,4649E+0	-663,1195E-9
184,9572E+0	664,8220E-9	3,0000E+0	1,4643E+0	1,4639E+0	-660,3855E-9
185,4699E+0	662,9282E-9	3,0000E+0	1,4640E+0	1,4633E+0	-666,3582E-9
185,9826E+0	662,6757E-9	3,0000E+0	1,4629E+0	1,4626E+0	-664,8861E-9
186,4953E+0	664,3170E-9	3,0000E+0	1,4619E+0	1,4616E+0	-659,4602E-9
187,0080E+0	662,6336E-9	3,0000E+0	1,4609E+0	1,4608E+0	-664,5076E-9
187,5207E+0	663,5174E-9	3,0000E+0	1,4608E+0	1,4600E+0	-659,7126E-9
188,0334E+0	661,8760E-9	3,0000E+0	1,4597E+0	1,4595E+0	-663,4560E-9
188,5461E+0	661,0765E-9	3,0000E+0	1,4585E+0	1,4588E+0	-667,1574E-9
189,0588E+0	662,8019E-9	3,0000E+0	1,4579E+0	1,4576E+0	-661,3529E-9
189,5715E+0	662,4232E-9	3,0000E+0	1,4570E+0	1,4567E+0	-660,5538E-9
190,0842E+0	662,6757E-9	3,0000E+0	1,4560E+0	1,4562E+0	-664,2552E-9
190,5969E+0	664,3591E-9	3,0000E+0	1,4555E+0	1,4549E+0	-658,6611E-9
191,1096E+0	662,9282E-9	3,0000E+0	1,4546E+0	1,4542E+0	-663,1195E-9
191,6223E+0	664,1066E-9	3,0000E+0	1,4537E+0	1,4535E+0	-662,6989E-9
192,1350E+0	663,4753E-9	3,0000E+0	1,4533E+0	1,4527E+0	-662,7409E-9
192,6477E+0	663,0124E-9	3,0000E+0	1,4523E+0	1,4519E+0	-666,9891E-9
193,1604E+0	663,0966E-9	3,0000E+0	1,4512E+0	1,4508E+0	-662,6568E-9
193,6730E+0	663,7699E-9	3,0000E+0	1,4500E+0	1,4504E+0	-663,0775E-9
194,1857E+0	662,5494E-9	3,0000E+0	1,4497E+0	1,4494E+0	-668,3351E-9
194,6984E+0	662,7178E-9	3,0000E+0	1,4488E+0	1,4484E+0	-664,2131E-9
195,2111E+0	661,3710E-9	3,0000E+0	1,4480E+0	1,4475E+0	-661,8156E-9
195,7238E+0	660,6135E-9	3,0000E+0	1,4473E+0	1,4467E+0	-662,2784E-9
196,2365E+0	661,4973E-9	3,0000E+0	1,4463E+0	1,4459E+0	-657,1889E-9
196,7492E+0	661,9182E-9	3,0000E+0	1,4449E+0	1,4450E+0	-658,4507E-9
197,2619E+0	659,6455E-9	3,0000E+0	1,4440E+0	1,4441E+0	-665,3488E-9
197,7746E+0	660,6977E-9	3,0000E+0	1,4436E+0	1,4433E+0	-656,9366E-9
198,2873E+0	659,7718E-9	3,0000E+0	1,4428E+0	1,4426E+0	-661,9418E-9
198,8000E+0	660,3189E-9	3,0000E+0	1,4423E+0	1,4417E+0	-660,5958E-9
199,3126E+0	660,1085E-9	3,0000E+0	1,4410E+0	1,4404E+0	-656,2215E-9
199,8253E+0	658,7197E-9	3,0000E+0	1,4400E+0	1,4401E+0	-664,2552E-9
200,3380E+0	659,6455E-9	3,0000E+0	1,4397E+0	1,4393E+0	-662,6989E-9
200,8507E+0	660,6135E-9	3,0000E+0	1,4387E+0	1,4386E+0	-657,6936E-9
201,3634E+0	658,3829E-9	3,0000E+0	1,4376E+0	1,4371E+0	-662,8671E-9
201,8761E+0	658,3409E-9	3,0000E+0	1,4369E+0	1,4367E+0	-657,6095E-9
202,3888E+0	656,6574E-9	3,0000E+0	1,4360E+0	1,4356E+0	-656,2215E-9
202,9015E+0	655,8999E-9	3,0000E+0	1,4346E+0	1,4348E+0	-655,9691E-9
203,4142E+0	654,3006E-9	3,0000E+0	1,4345E+0	1,4343E+0	-653,1931E-9
203,9269E+0	652,3226E-9	3,0000E+0	1,4336E+0	1,4331E+0	-652,7725E-9
204,4395E+0	651,7334E-9	3,0000E+0	1,4323E+0	1,4321E+0	-651,9734E-9
204,9523E+0	651,3967E-9	3,0000E+0	1,4316E+0	1,4311E+0	-647,9776E-9
205,4650E+0	651,4388E-9	3,0000E+0	1,4308E+0	1,4303E+0	-647,8514E-9
205,9777E+0	649,9658E-9	3,0000E+0	1,4302E+0	1,4298E+0	-654,2447E-9
206,4904E+0	650,4287E-9	3,0000E+0	1,4292E+0	1,4291E+0	-650,2489E-9
207,0031E+0	649,8395E-9	3,0000E+0	1,4283E+0	1,4279E+0	-651,9734E-9
207,5158E+0	650,6812E-9	3,0000E+0	1,4276E+0	1,4273E+0	-652,6043E-9
208,0285E+0	652,2804E-9	3,0000E+0	1,4265E+0	1,4261E+0	-646,2951E-9
208,5412E+0	651,3125E-9	3,0000E+0	1,4256E+0	1,4253E+0	-650,4171E-9
209,0539E+0	650,1762E-9	3,0000E+0	1,4250E+0	1,4244E+0	-650,8377E-9
209,5665E+0	651,4809E-9	3,0000E+0	1,4243E+0	1,4239E+0	-651,2583E-9
210,0792E+0	651,5650E-9	3,0000E+0	1,4230E+0	1,4228E+0	-655,8851E-9
210,5919E+0	653,2064E-9	3,0000E+0	1,4223E+0	1,4218E+0	-652,6463E-9
211,1046E+0	654,2585E-9	3,0000E+0	1,4217E+0	1,4213E+0	-654,0344E-9
211,6172E+0	652,8697E-9	3,0000E+0	1,4207E+0	1,4202E+0	-658,2404E-9
212,1299E+0	654,8898E-9	3,0000E+0	1,4201E+0	1,4195E+0	-653,3614E-9
212,6426E+0	657,1204E-9	3,0000E+0	1,4183E+0	1,4184E+0	-653,0669E-9
213,1553E+0	655,6053E-9	3,0000E+0	1,4178E+0	1,4176E+0	-656,2215E-9
213,6680E+0	657,7517E-9	3,0000E+0	1,4167E+0	1,4167E+0	-655,4644E-9
214,1807E+0	656,9099E-9	3,0000E+0	1,4162E+0	1,4159E+0	-660,0491E-9
214,6934E+0	657,4991E-9	3,0000E+0	1,4155E+0	1,4152E+0	-662,6568E-9
215,2061E+0	657,7517E-9	3,0000E+0	1,4140E+0	1,4142E+0	-656,9786E-9
215,7188E+0	658,3409E-9	3,0000E+0	1,4134E+0	1,4132E+0	-658,4928E-9
216,2315E+0	658,3829E-9	3,0000E+0	1,4127E+0	1,4124E+0	-658,2825E-9
216,7442E+0	659,0564E-9	3,0000E+0	1,4120E+0	1,4116E+0	-653,6138E-9
217,2569E+0	659,0564E-9	3,0000E+0	1,4110E+0	1,4106E+0	-658,9976E-9
217,7696E+0	659,2667E-9	3,0000E+0	1,4096E+0	1,4094E+0	-658,0302E-9
218,2823E+0	658,9722E-9	3,0000E+0	1,4091E+0	1,4086E+0	-654,9176E-9
218,7950E+0	657,8358E-9	3,0000E+0	1,4085E+0	1,4079E+0	-663,4981E-9
219,3077E+0	658,1725E-9	3,0000E+0	1,4077E+0	1,4075E+0	-660,8482E-9
219,8204E+0	658,5934E-9	3,0000E+0	1,4064E+0	1,4064E+0	-659,5023E-9
220,3331E+0	657,7517E-9	3,0000E+0	1,4058E+0	1,4053E+0	-664,0028E-9
220,8458E+0	658,8880E-9	3,0000E+0	1,4051E+0	1,4043E+0	-658,8293E-9
221,3585E+0	659,2247E-9	3,0000E+0	1,4040E+0	1,4037E+0	-659,1238E-9
221,8712E+0	659,3509E-9	3,0000E+0	1,4034E+0	1,4029E+0	-660,6800E-9
222,3839E+0	657,4991E-9	3,0000E+0	1,4021E+0	1,4023E+0	-656,1795E-9
222,8966E+0	657,6254E-9	3,0000E+0	1,4014E+0	1,4011E+0	-659,0396E-9
223,4093E+0	658,5092E-9	3,0000E+0	1,3994E+0	1,3985E+0	-657,4413E-9
223,9220E+0	659,5614E-9	3,0000E+0	1,3967E+0	1,3964E+0	-658,2404E-9
224,4347E+0	658,8459E-9	3,0000E+0	1,3939E+0	1,3935E+0	-662,2784E-9
224,9474E+0	661,2027E-9	3,0000E+0	1,3907E+0	1,3910E+0	-658,5349E-9
225,4601E+0	660,9081E-9	3,0000E+0	1,3888E+0	1,3886E+0	-659,8388E-9
225,9728E+0	661,7077E-9	3,0000E+0	1,3866E+0	1,3861E+0	-666,7788E-9
226,4855E+0	664,0645E-9	3,0000E+0	1,3842E+0	1,3838E+0	-661,0165E-9
226,9982E+0	663,9804E-9	3,0000E+0	1,3814E+0	1,3813E+0	-661,6474E-9
227,5108E+0	664,1487E-9	3,0000E+0	1,3793E+0	1,3788E+0	-666,3582E-9
228,0235E+0	665,2850E-9	3,0000E+0	1,3769E+0	1,3763E+0	-661,5633E-9
228,5363E+0	664,8642E-9	3,0000E+0	1,3744E+0	1,3739E+0	-661,7736E-9
229,0490E+0	663,1807E-9	3,0000E+0	1,3722E+0	1,3718E+0	-668,3351E-9
229,5617E+0	664,0224E-9	3,0000E+0	1,3702E+0	1,3696E+0	-660,7641E-9
230,0744E+0	664,6117E-9	3,0000E+0	1,3672E+0	1,3669E+0	-662,6148E-9
230,5871E+0	665,4534E-9	3,0000E+0	1,3648E+0	1,3645E+0	-665,0964E-9
231,0998E+0	667,3473E-9	3,0000E+0	1,3627E+0	1,3621E+0	-663,5822E-9
231,6125E+0	669,3252E-9	3,0000E+0	1,3604E+0	1,3600E+0	-672,0365E-9
232,1252E+0	672,2292E-9	3,0000E+0	1,3581E+0	1,3578E+0	-672,1626E-9
232,6379E+0	675,1331E-9	3,0000E+0	1,3557E+0	1,3554E+0	-669,1342E-9
233,1506E+0	675,3856E-9	3,0000E+0	1,3534E+0	1,3531E+0	-677,1679E-9
233,6633E+0	676,1853E-9	3,0000E+0	1,3511E+0	1,3510E+0	-678,3035E-9
234,1760E+0	678,5000E-9	3,0000E+0	1,3485E+0	1,3485E+0	-679,9860E-9
234,6887E+0	679,8467E-9	3,0000E+0	1,3469E+0	1,3462E+0	-684,7389E-9
235,2014E+0	682,0352E-9	3,0000E+0	1,3441E+0	1,3442E+0	-680,6169E-9
235,7141E+0	682,9611E-9	3,0000E+0	1,3415E+0	1,3414E+0	-681,3740E-9
236,2268E+0	683,2136E-9	3,0000E+0	1,3397E+0	1,3387E+0	-689,4077E-9
236,7395E+0	685,6545E-9	3,0000E+0	1,3381E+0	1,3378E+0	-680,1542E-9
237,2522E+0	685,1916E-9	3,0000E+0	1,3369E+0	1,3365E+0	-688,8188E-9
237,7649E+0	686,4542E-9	3,0000E+0	1,3362E+0	1,3357E+0	-691,7630E-9
238,2776E+0	689,2319E-9	3,0000E+0	1,3346E+0	1,3343E+0	-686,9261E-9
238,7903E+0	689,8210E-9	3,0000E+0	1,3329E+0	1,3327E+0	-689,7862E-9
239,3030E+0	690,9995E-9	3,0000E+0	1,3319E+0	1,3318E+0	-692,8566E-9
239,8157E+0	694,5347E-9	3,0000E+0	1,3309E+0	1,3307E+0	-689,9965E-9
240,3284E+0	692,5146E-9	3,0000E+0	1,3297E+0	1,3292E+0	-697,9881E-9
240,8411E+0	694,9555E-9	3,0000E+0	1,3279E+0	1,3278E+0	-692,9828E-9
241,3538E+0	696,0077E-9	3,0000E+0	1,3272E+0	1,3269E+0	-693,7820E-9
241,8665E+0	696,1760E-9	3,0000E+0	1,3256E+0	1,3254E+0	-697,6096E-9
242,3792E+0	696,4706E-9	3,0000E+0	1,3246E+0	1,3240E+0	-693,6979E-9
242,8919E+0	698,3645E-9	3,0000E+0	1,3232E+0	1,3230E+0	-696,8104E-9
243,4046E+0	697,4386E-9	3,0000E+0	1,3220E+0	1,3217E+0	-702,0259E-9
243,9173E+0	699,1641E-9	3,0000E+0	1,3207E+0	1,3202E+0	-697,2310E-9
244,4300E+0	699,4587E-9	3,0000E+0	1,3194E+0	1,3191E+0	-698,1984E-9
244,9427E+0	698,6170E-9	3,0000E+0	1,3186E+0	1,3183E+0	-702,1942E-9
245,4554E+0	698,1119E-9	3,0000E+0	1,3172E+0	1,3167E+0	-696,8104E-9
245,9682E+0	698,1541E-9	3,0000E+0	1,3158E+0	1,3157E+0	-701,1848E-9
246,4809E+0	697,4386E-9	3,0000E+0	1,3146E+0	1,3143E+0	-696,1374E-9
246,9935E+0	698,9537E-9	3,0000E+0	1,3135E+0	1,3133E+0	-696,1795E-9
247,5062E+0	697,0178E-9	3,0000E+0	1,3122E+0	1,3122E+0	-700,0070E-9
248,0189E+0	696,8073E-9	3,0000E+0	1,3112E+0	1,3106E+0	-695,0859E-9
248,5316E+0	699,0800E-9	3,0000E+0	1,3101E+0	1,3098E+0	-700,9745E-9
249,0443E+0	697,9857E-9	3,0000E+0	1,3085E+0	1,3086E+0	-702,6989E-9
249,5570E+0	700,5950E-9	3,0000E+0	1,3075E+0	1,3072E+0	-696,4739E-9
250,0697E+0	699,7533E-9	3,0000E+0	1,3062E+0	1,3062E+0	-698,0722E-9
250,5824E+0	700,1742E-9	3,0000E+0	1,3051E+0	1,3047E+0	-700,2173E-9
251,0951E+0	701,5630E-9	3,0000E+0	1,3044E+0	1,3038E+0	-700,5959E-9
251,6078E+0	699,7954E-9	3,0000E+0	1,3033E+0	1,3024E+0	-704,5496E-9
252,1205E+0	702,1943E-9	3,0000E+0	1,3024E+0	1,3017E+0	-705,3067E-9
252,6332E+0	702,7835E-9	3,0000E+0	1,3007E+0	1,3001E+0	-699,6285E-9
253,1459E+0	702,1943E-9	3,0000E+0	1,2996E+0	1,2992E+0	-704,8019E-9
253,6586E+0	702,7835E-9	3,0000E+0	1,2985E+0	1,2977E+0	-705,9376E-9
254,1713E+0	704,3827E-9	3,0000E+0	1,2973E+0	1,2968E+0	-705,3488E-9
254,6840E+0	705,2666E-9	3,0000E+0	1,2961E+0	1,2956E+0	-706,2741E-9
255,1967E+0	704,3407E-9	3,0000E+0	1,2951E+0	1,2947E+0	-705,8114E-9
255,7094E+0	706,0662E-9	3,0000E+0	1,2939E+0	1,2936E+0	-703,2037E-9
256,2220E+0	706,1083E-9	3,0000E+0	1,2916E+0	1,2921E+0	-706,3583E-9
256,7347E+0	707,4129E-9	3,0000E+0	1,2916E+0	1,2911E+0	-703,5401E-9
257,2474E+0	706,8238E-9	3,0000E+0	1,2907E+0	1,2902E+0	-710,6905E-9
257,7601E+0	707,2025E-9	3,0000E+0	1,2884E+0	1,2883E+0	-706,2321E-9
258,2728E+0	708,4651E-9	3,0000E+0	1,2881E+0	1,2878E+0	-704,0449E-9
258,7855E+0	706,4871E-9	3,0000E+0	1,2871E+0	1,2866E+0	-711,4476E-9
259,2982E+0	707,6234E-9	3,0000E+0	1,2858E+0	1,2853E+0	-707,9145E-9
259,8109E+0	707,5813E-9	3,0000E+0	1,2848E+0	1,2841E+0	-708,1669E-9
260,3235E+0	707,4129E-9	3,0000E+0	1,2838E+0	1,2833E+0	-711,1111E-9
260,8363E+0	708,6755E-9	3,0000E+0	1,2824E+0	1,2825E+0	-711,1952E-9
261,3490E+0	709,1385E-9	3,0000E+0	1,2817E+0	1,2813E+0	-706,8630E-9
261,8617E+0	708,8018E-9	3,0000E+0	1,2800E+0	1,2801E+0	-710,1858E-9
262,3744E+0	709,9802E-9	3,0000E+0	1,2790E+0	1,2787E+0	-706,4845E-9
262,8871E+0	712,0844E-9	3,0000E+0	1,2779E+0	1,2774E+0	-707,5780E-9
263,3997E+0	713,7679E-9	3,0000E+0	1,2770E+0	1,2765E+0	-713,5086E-9
263,9125E+0	715,9564E-9	3,0000E+0	1,2755E+0	1,2753E+0	-710,9849E-9
264,4252E+0	718,6499E-9	3,0000E+0	1,2748E+0	1,2746E+0	-718,7242E-9
264,9379E+0	721,0908E-9	3,0000E+0	1,2738E+0	1,2734E+0	-720,9954E-9
265,4506E+0	724,6682E-9	3,0000E+0	1,2723E+0	1,2720E+0	-718,4718E-9
265,9633E+0	725,8466E-9	3,0000E+0	1,2714E+0	1,2706E+0	-725,7904E-9
266,4760E+0	728,0350E-9	3,0000E+0	1,2701E+0	1,2698E+0	-725,8325E-9
266,9886E+0	728,0771E-9	3,0000E+0	1,2688E+0	1,2687E+0	-727,7253E-9
267,5014E+0	728,9609E-9	3,0000E+0	1,2682E+0	1,2680E+0	-732,8987E-9
268,0141E+0	730,7285E-9	3,0000E+0	1,2670E+0	1,2666E+0	-731,9734E-9
268,5268E+0	732,7907E-9	3,0000E+0	1,2657E+0	1,2657E+0	-729,9545E-9
269,0395E+0	731,1073E-9	3,0000E+0	1,2649E+0	1,2645E+0	-732,3520E-9
269,5522E+0	728,7084E-9	3,0000E+0	1,2637E+0	1,2637E+0	-730,2069E-9
270,0649E+0	727,9508E-9	3,0000E+0	1,2624E+0	1,2622E+0	-724,2762E-9
270,5776E+0	726,4778E-9	3,0000E+0	1,2614E+0	1,2613E+0	-727,3887E-9
271,0903E+0	724,9627E-9	3,0000E+0	1,2604E+0	1,2600E+0	-722,9723E-9
271,6030E+0	723,3635E-9	3,0000E+0	1,2596E+0	1,2595E+0	-725,4539E-9
272,1157E+0	721,9746E-9	3,0000E+0	1,2584E+0	1,2582E+0	-728,1038E-9
272,6284E+0	722,9426E-9	3,0000E+0	1,2573E+0	1,2570E+0	-721,5423E-9
273,1411E+0	723,3214E-9	3,0000E+0	1,2559E+0	1,2557E+0	-721,3740E-9
273,6538E+0	723,7002E-9	3,0000E+0	1,2555E+0	1,2548E+0	-724,2762E-9
274,1664E+0	725,0469E-9	3,0000E+0	1,2538E+0	1,2537E+0	-718,4718E-9
274,6792E+0	724,6682E-9	3,0000E+0	1,2528E+0	1,2525E+0	-722,7620E-9
275,1919E+0	725,1311E-9	3,0000E+0	1,2519E+0	1,2515E+0	-722,8882E-9
275,7046E+0	726,8566E-9	3,0000E+0	1,2510E+0	1,2507E+0	-719,4813E-9
276,2173E+0	726,5199E-9	3,0000E+0	1,2498E+0	1,2493E+0	-726,5475E-9
276,7299E+0	727,6983E-9	3,0000E+0	1,2482E+0	1,2485E+0	-726,8420E-9
277,2426E+0	728,8767E-9	3,0000E+0	1,2475E+0	1,2475E+0	-728,2720E-9
277,7554E+0	730,3498E-9	3,0000E+0	1,2467E+0	1,2464E+0	-729,9965E-9
278,2681E+0	731,7385E-9	3,0000E+0	1,2457E+0	1,2452E+0	-727,9356E-9
278,7808E+0	732,8328E-9	3,0000E+0	1,2444E+0	1,2441E+0	-728,2720E-9
279,2935E+0	732,7907E-9	3,0000E+0	1,2432E+0	1,2432E+0	-734,5812E-9
279,8062E+0	734,0112E-9	3,0000E+0	1,2419E+0	1,2421E+0	-730,0807E-9
280,3189E+0	734,0954E-9	3,0000E+0	1,2415E+0	1,2414E+0	-737,4413E-9
280,8316E+0	735,2317E-9	3,0000E+0	1,2407E+0	1,2402E+0	-740,2173E-9
281,3442E+0	736,9993E-9	3,0000E+0	1,2396E+0	1,2390E+0	-736,3477E-9
281,8570E+0	737,4201E-9	3,0000E+0	1,2387E+0	1,2383E+0	-740,7642E-9
282,3697E+0	738,6407E-9	3,0000E+0	1,2371E+0	1,2371E+0	-738,8293E-9
282,8824E+0	740,7028E-9	3,0000E+0	1,2362E+0	1,2359E+0	-734,4550E-9
283,3951E+0	739,9453E-9	3,0000E+0	1,2353E+0	1,2352E+0	-743,3719E-9
283,9078E+0	741,2078E-9	3,0000E+0	1,2341E+0	1,2340E+0	-742,0680E-9
284,4205E+0	743,1859E-9	3,0000E+0	1,2337E+0	1,2331E+0	-739,1658E-9
284,9332E+0	742,6387E-9	3,0000E+0	1,2322E+0	1,2318E+0	-744,2973E-9
285,4459E+0	743,5647E-9	3,0000E+0	1,2316E+0	1,2314E+0	-742,6569E-9
285,9586E+0	742,9334E-9	3,0000E+0	1,2305E+0	1,2303E+0	-744,8861E-9
286,4713E+0	743,4384E-9	3,0000E+0	1,2296E+0	1,2294E+0	-747,2836E-9
286,9840E+0	745,5006E-9	3,0000E+0	1,2278E+0	1,2283E+0	-743,0775E-9
287,4967E+0	746,4265E-9	3,0000E+0	1,2275E+0	1,2271E+0	-742,7831E-9
288,0094E+0	746,3424E-9	3,0000E+0	1,2266E+0	1,2260E+0	-745,6853E-9
288,5221E+0	747,1841E-9	3,0000E+0	1,2251E+0	1,2248E+0	-742,6148E-9
289,0348E+0	745,9215E-9	3,0000E+0	1,2242E+0	1,2240E+0	-747,0733E-9
289,5475E+0	747,2682E-9	3,0000E+0	1,2232E+0	1,2229E+0	-745,0964E-9
290,0602E+0	747,2261E-9	3,0000E+0	1,2226E+0	1,2223E+0	-743,9608E-9
290,5729E+0	745,8373E-9	3,0000E+0	1,2216E+0	1,2211E+0	-749,7652E-9
291,0856E+0	746,1319E-9	3,0000E+0	1,2202E+0	1,2199E+0	-746,8630E-9
291,5983E+0	747,8995E-9	3,0000E+0	1,2195E+0	1,2192E+0	-742,0260E-9
292,1110E+0	746,6369E-9	3,0000E+0	1,2184E+0	1,2179E+0	-745,8956E-9
292,6237E+0	747,1419E-9	3,0000E+0	1,2174E+0	1,2169E+0	-743,4560E-9
293,1364E+0	746,3424E-9	3,0000E+0	1,2163E+0	1,2161E+0	-742,8251E-9
293,6491E+0	743,6489E-9	3,0000E+0	1,2156E+0	1,2149E+0	-749,2184E-9
294,1618E+0	744,9114E-9	3,0000E+0	1,2149E+0	1,2143E+0	-745,9797E-9
294,6745E+0	745,8794E-9	3,0000E+0	1,2132E+0	1,2129E+0	-742,5307E-9
295,1872E+0	744,4905E-9	3,0000E+0	1,2120E+0	1,2122E+0	-749,9755E-9
295,6999E+0	746,9736E-9	3,0000E+0	1,2117E+0	1,2113E+0	-742,3624E-9
296,2126E+0	745,9636E-9	3,0000E+0	1,2105E+0	1,2106E+0	-746,0218E-9
296,7253E+0	746,8894E-9	3,0000E+0	1,2094E+0	1,2094E+0	-748,3351E-9
297,2380E+0	747,8154E-9	3,0000E+0	1,2090E+0	1,2083E+0	-741,5633E-9
297,7507E+0	746,4686E-9	3,0000E+0	1,2075E+0	1,2080E+0	-750,5644E-9
298,2634E+0	747,8995E-9	3,0000E+0	1,2069E+0	1,2062E+0	-745,9797E-9
298,7761E+0	748,1520E-9	3,0000E+0	1,2053E+0	1,2052E+0	-744,8440E-9
299,2888E+0	747,9416E-9	3,0000E+0	1,2050E+0	1,2048E+0	-750,5644E-9
299,8015E+0	747,2261E-9	3,0000E+0	1,2041E+0	1,2037E+0	-748,7557E-9
300,3141E+0	747,8574E-9	3,0000E+0	1,2029E+0	1,2029E+0	-747,7462E-9
300,8268E+0	748,7412E-9	3,0000E+0	1,2023E+0	1,2013E+0	-748,7978E-9
301,3395E+0	750,2563E-9	3,0000E+0	1,2009E+0	1,2008E+0	-746,4004E-9
301,8522E+0	749,4146E-9	3,0000E+0	1,1999E+0	1,1999E+0	-750,5223E-9
302,3649E+0	749,5830E-9	3,0000E+0	1,1997E+0	1,1989E+0	-753,1301E-9
302,8776E+0	751,7714E-9	3,0000E+0	1,1985E+0	1,1981E+0	-747,3257E-9
303,3903E+0	751,8556E-9	3,0000E+0	1,1978E+0	1,1971E+0	-750,0175E-9
303,9030E+0	751,6451E-9	3,0000E+0	1,1969E+0	1,1963E+0	-754,7284E-9
304,4157E+0	752,3185E-9	3,0000E+0	1,1960E+0	1,1954E+0	-750,9429E-9
304,9283E+0	751,9398E-9	3,0000E+0	1,1947E+0	1,1946E+0	-755,0649E-9
305,4410E+0	751,7714E-9	3,0000E+0	1,1944E+0	1,1937E+0	-755,9902E-9
305,9537E+0	751,4348E-9	3,0000E+0	1,1930E+0	1,1925E+0	-749,0502E-9
306,4665E+0	750,7613E-9	3,0000E+0	1,1913E+0	1,1912E+0	-752,4571E-9
306,9791E+0	750,4246E-9	3,0000E+0	1,1905E+0	1,1905E+0	-748,0828E-9
307,4919E+0	749,3725E-9	3,0000E+0	1,1899E+0	1,1898E+0	-749,0502E-9
308,0045E+0	748,1100E-9	3,0000E+0	1,1890E+0	1,1888E+0	-753,8872E-9
308,5172E+0	747,6049E-9	3,0000E+0	1,1883E+0	1,1880E+0	-749,8913E-9
309,0299E+0	748,4466E-9	3,0000E+0	1,1869E+0	1,1868E+0	-747,0312E-9
309,5426E+0	747,5628E-9	3,0000E+0	1,1862E+0	1,1859E+0	-750,5644E-9
310,0553E+0	749,6672E-9	3,0000E+0	1,1858E+0	1,1848E+0	-745,3067E-9
310,5680E+0	747,8154E-9	3,0000E+0	1,1848E+0	1,1845E+0	-750,9008E-9
311,0807E+0	748,3204E-9	3,0000E+0	1,1838E+0	1,1832E+0	-747,4518E-9
311,5934E+0	748,5308E-9	3,0000E+0	1,1829E+0	1,1827E+0	-745,5591E-9
312,1061E+0	746,2582E-9	3,0000E+0	1,1818E+0	1,1815E+0	-750,6064E-9
312,6187E+0	747,4786E-9	3,0000E+0	1,1810E+0	1,1806E+0	-747,5360E-9
313,1315E+0	748,3625E-9	3,0000E+0	1,1798E+0	1,1796E+0	-744,6337E-9
313,6442E+0	748,4887E-9	3,0000E+0	1,1793E+0	1,1789E+0	-747,6621E-9
314,1569E+0	747,3103E-9	3,0000E+0	1,1784E+0	1,1785E+0	-751,5739E-9
314,6696E+0	748,7833E-9	3,0000E+0	1,1773E+0	1,1771E+0	-745,0123E-9
315,1823E+0	747,7312E-9	3,0000E+0	1,1763E+0	1,1761E+0	-750,3120E-9
315,6950E+0	747,5207E-9	3,0000E+0	1,1753E+0	1,1751E+0	-747,1153E-9
316,2077E+0	748,7833E-9	3,0000E+0	1,1745E+0	1,1741E+0	-744,0869E-9
316,7205E+0	747,1841E-9	3,0000E+0	1,1737E+0	1,1735E+0	-750,2699E-9
317,2331E+0	748,1520E-9	3,0000E+0	1,1731E+0	1,1723E+0	-743,8766E-9
317,7458E+0	749,5409E-9	3,0000E+0	1,1719E+0	1,1715E+0	-745,7273E-9
318,2585E+0	750,0459E-9	3,0000E+0	1,1710E+0	1,1708E+0	-749,2604E-9
318,7712E+0	750,8034E-9	3,0000E+0	1,1698E+0	1,1701E+0	-750,7326E-9
319,2839E+0	752,8236E-9	3,0000E+0	1,1688E+0	1,1688E+0	-749,7652E-9
319,7966E+0	752,3606E-9	3,0000E+0	1,1681E+0	1,1684E+0	-752,8357E-9
320,3093E+0	754,3387E-9	3,0000E+0	1,1676E+0	1,1671E+0	-750,0175E-9
320,8220E+0	754,6333E-9	3,0000E+0	1,1660E+0	1,1664E+0	-756,8315E-9
321,3347E+0	757,0742E-9	3,0000E+0	1,1652E+0	1,1653E+0	-755,1070E-9
321,8474E+0	758,5472E-9	3,0000E+0	1,1650E+0	1,1648E+0	-756,1164E-9
322,3600E+0	758,6314E-9	3,0000E+0	1,1638E+0	1,1636E+0	-761,2479E-9
322,8727E+0	759,8940E-9	3,0000E+0	1,1631E+0	1,1628E+0	-759,8177E-9
323,3854E+0	761,9562E-9	3,0000E+0	1,1621E+0	1,1619E+0	-756,8315E-9
323,8981E+0	761,3670E-9	3,0000E+0	1,1612E+0	1,1611E+0	-763,8556E-9
324,4108E+0	763,5134E-9	3,0000E+0	1,1606E+0	1,1605E+0	-758,8924E-9
324,9235E+0	763,6397E-9	3,0000E+0	1,1596E+0	1,1592E+0	-759,0186E-9
325,4362E+0	762,9662E-9	3,0000E+0	1,1588E+0	1,1584E+0	-762,3414E-9
325,9489E+0	763,7238E-9	3,0000E+0	1,1578E+0	1,1577E+0	-762,5938E-9
326,4615E+0	764,1447E-9	3,0000E+0	1,1576E+0	1,1570E+0	-764,0659E-9
326,9742E+0	764,4392E-9	3,0000E+0	1,1561E+0	1,1557E+0	-762,4255E-9
327,4870E+0	764,5655E-9	3,0000E+0	1,1551E+0	1,1553E+0	-760,7852E-9
327,9997E+0	763,8922E-9	3,0000E+0	1,1546E+0	1,1545E+0	-762,4255E-9
328,5123E+0	762,5875E-9	3,0000E+0	1,1540E+0	1,1533E+0	-766,7158E-9
329,0250E+0	763,2609E-9	3,0000E+0	1,1528E+0	1,1527E+0	-763,1826E-9
329,5378E+0	764,2709E-9	3,0000E+0	1,1524E+0	1,1520E+0	-766,4214E-9
330,0504E+0	763,7659E-9	3,0000E+0	1,1513E+0	1,1509E+0	-766,2531E-9
330,5631E+0	764,9022E-9	3,0000E+0	1,1506E+0	1,1502E+0	-763,3088E-9
331,0758E+0	763,9342E-9	3,0000E+0	1,1495E+0	1,1492E+0	-769,2815E-9
331,5885E+0	766,9223E-9	3,0000E+0	1,1487E+0	1,1482E+0	-762,0470E-9
332,1012E+0	765,6598E-9	3,0000E+0	1,1480E+0	1,1474E+0	-766,1269E-9
332,6139E+0	765,9123E-9	3,0000E+0	1,1473E+0	1,1465E+0	-766,6737E-9
333,1266E+0	765,1968E-9	3,0000E+0	1,1462E+0	1,1458E+0	-766,4214E-9
333,6393E+0	767,0486E-9	3,0000E+0	1,1460E+0	1,1452E+0	-766,4634E-9
334,1519E+0	765,4073E-9	3,0000E+0	1,1450E+0	1,1443E+0	-772,0575E-9
334,6647E+0	767,1327E-9	3,0000E+0	1,1435E+0	1,1430E+0	-764,1921E-9
335,1773E+0	766,2068E-9	3,0000E+0	1,1429E+0	1,1427E+0	-770,6695E-9
335,6900E+0	767,0065E-9	3,0000E+0	1,1415E+0	1,1417E+0	-767,4308E-9
336,2027E+0	768,1428E-9	3,0000E+0	1,1411E+0	1,1407E+0	-763,0985E-9
336,7154E+0	766,5014E-9	3,0000E+0	1,1399E+0	1,1400E+0	-771,2163E-9
337,2281E+0	767,3011E-9	3,0000E+0	1,1395E+0	1,1394E+0	-770,2068E-9
337,7407E+0	767,6799E-9	3,0000E+0	1,1394E+0	1,1382E+0	-766,1269E-9
338,2534E+0	767,8903E-9	3,0000E+0	1,1373E+0	1,1374E+0	-768,1038E-9
338,7661E+0	767,7640E-9	3,0000E+0	1,1370E+0	1,1365E+0	-766,5896E-9
339,2788E+0	767,6799E-9	3,0000E+0	1,1364E+0	1,1362E+0	-767,4728E-9
339,7915E+0	767,3432E-9	3,0000E+0	1,1356E+0	1,1351E+0	-767,8935E-9
340,3042E+0	767,4694E-9	3,0000E+0	1,1347E+0	1,1344E+0	-762,4255E-9
340,8169E+0	766,2910E-9	3,0000E+0	1,1335E+0	1,1337E+0	-766,1269E-9
341,3296E+0	763,3871E-9	3,0000E+0	1,1329E+0	1,1324E+0	-766,1690E-9
341,8423E+0	764,0184E-9	3,0000E+0	1,1322E+0	1,1319E+0	-759,7757E-9
342,3550E+0	762,4191E-9	3,0000E+0	1,1314E+0	1,1311E+0	-761,0375E-9
342,8677E+0	760,3569E-9	3,0000E+0	1,1309E+0	1,1303E+0	-761,6264E-9
343,3804E+0	758,4210E-9	3,0000E+0	1,1299E+0	1,1294E+0	-756,5370E-9
343,8931E+0	758,3789E-9	3,0000E+0	1,1289E+0	1,1283E+0	-758,0512E-9
344,4058E+0	756,0221E-9	3,0000E+0	1,1277E+0	1,1276E+0	-756,2426E-9
344,9184E+0	754,9278E-9	3,0000E+0	1,1274E+0	1,1271E+0	-755,5696E-9
345,4311E+0	755,1803E-9	3,0000E+0	1,1263E+0	1,1262E+0	-755,4013E-9
345,9438E+0	754,0440E-9	3,0000E+0	1,1257E+0	1,1255E+0	-755,1490E-9
346,4565E+0	754,5491E-9	3,0000E+0	1,1246E+0	1,1244E+0	-750,9429E-9
346,9692E+0	753,2865E-9	3,0000E+0	1,1243E+0	1,1239E+0	-759,8598E-9
347,4819E+0	754,0019E-9	3,0000E+0	1,1236E+0	1,1229E+0	-753,4666E-9
347,9946E+0	755,6012E-9	3,0000E+0	1,1225E+0	1,1220E+0	-754,0975E-9
348,5073E+0	753,1182E-9	3,0000E+0	1,1214E+0	1,1213E+0	-755,6958E-9
349,0199E+0	753,8336E-9	3,0000E+0	1,1213E+0	1,1207E+0	-753,5928E-9
349,5326E+0	753,6232E-9	3,0000E+0	1,1200E+0	1,1198E+0	-756,9156E-9
350,0453E+0	754,6753E-9	3,0000E+0	1,1193E+0	1,1188E+0	-751,1953E-9
350,5580E+0	753,2865E-9	3,0000E+0	1,1183E+0	1,1183E+0	-748,8399E-9
351,0706E+0	751,3926E-9	3,0000E+0	1,1176E+0	1,1172E+0	-752,3309E-9
351,5833E+0	749,9617E-9	3,0000E+0	1,1173E+0	1,1168E+0	-751,6580E-9
352,0960E+0	749,4567E-9	3,0000E+0	1,1163E+0	1,1160E+0	-751,0270E-9
352,6087E+0	747,6470E-9	3,0000E+0	1,1153E+0	1,1150E+0	-747,9566E-9
353,1213E+0	747,4366E-9	3,0000E+0	1,1144E+0	1,1140E+0	-742,1522E-9
353,6340E+0	743,8172E-9	3,0000E+0	1,1136E+0	1,1134E+0	-746,7788E-9
354,1467E+0	744,2380E-9	3,0000E+0	1,1132E+0	1,1130E+0	-746,4844E-9
354,6594E+0	743,9434E-9	3,0000E+0	1,1118E+0	1,1116E+0	-738,4929E-9
355,1721E+0	742,4284E-9	3,0000E+0	1,1114E+0	1,1108E+0	-744,8861E-9
355,6848E+0	741,7129E-9	3,0000E+0	1,1108E+0	1,1104E+0	-744,4655E-9
356,1975E+0	743,1017E-9	3,0000E+0	1,1096E+0	1,1094E+0	-736,0953E-9
356,7102E+0	741,9654E-9	3,0000E+0	1,1092E+0	1,1085E+0	-741,6895E-9
357,2229E+0	740,4503E-9	3,0000E+0	1,1079E+0	1,1081E+0	-742,5728E-9
357,7356E+0	741,3763E-9	3,0000E+0	1,1077E+0	1,1072E+0	-742,8672E-9
358,2483E+0	740,4924E-9	3,0000E+0	1,1071E+0	1,1067E+0	-747,1995E-9
358,7610E+0	742,6387E-9	3,0000E+0	1,1057E+0	1,1055E+0	-738,1564E-9
359,2737E+0	740,9975E-9	3,0000E+0	1,1051E+0	1,1049E+0	-742,8251E-9
359,7863E+0	740,7870E-9	3,0000E+0	1,1042E+0	1,1043E+0	-746,2321E-9
360,2990E+0	742,3442E-9	3,0000E+0	1,1035E+0	1,1032E+0	-737,1469E-9
360,8117E+0	740,3241E-9	3,0000E+0	1,1028E+0	1,1025E+0	-744,4235E-9
361,3244E+0	740,2399E-9	3,0000E+0	1,1022E+0	1,1019E+0	-744,9282E-9
361,8371E+0	741,9654E-9	3,0000E+0	1,1013E+0	1,1009E+0	-736,5580E-9
362,3498E+0	739,4402E-9	3,0000E+0	1,1008E+0	1,1004E+0	-743,8346E-9
362,8625E+0	740,3241E-9	3,0000E+0	1,0997E+0	1,0992E+0	-736,9786E-9
363,3752E+0	739,1457E-9	3,0000E+0	1,0993E+0	1,0989E+0	-738,5349E-9
363,8879E+0	737,5043E-9	3,0000E+0	1,0979E+0	1,0978E+0	-742,7410E-9
364,4006E+0	738,8932E-9	3,0000E+0	1,0974E+0	1,0971E+0	-735,5065E-9
364,9133E+0	737,7989E-9	3,0000E+0	1,0962E+0	1,0962E+0	-734,6653E-9
365,4260E+0	738,3040E-9	3,0000E+0	1,0954E+0	1,0955E+0	-737,6516E-9
365,9386E+0	738,3460E-9	3,0000E+0	1,0949E+0	1,0947E+0	-736,7263E-9
366,4514E+0	738,2619E-9	3,0000E+0	1,0948E+0	1,0942E+0	-737,4834E-9
366,9640E+0	736,7889E-9	3,0000E+0	1,0938E+0	1,0935E+0	-740,8483E-9
367,4767E+0	738,2619E-9	3,0000E+0	1,0926E+0	1,0926E+0	-732,8567E-9
367,9893E+0	737,7147E-9	3,0000E+0	1,0922E+0	1,0917E+0	-736,1374E-9
368,5021E+0	737,3781E-9	3,0000E+0	1,0916E+0	1,0915E+0	-739,9229E-9
369,0147E+0	737,6726E-9	3,0000E+0	1,0907E+0	1,0903E+0	-733,7820E-9
369,5274E+0	735,4842E-9	3,0000E+0	1,0898E+0	1,0895E+0	-739,0817E-9
370,0401E+0	736,5784E-9	3,0000E+0	1,0891E+0	1,0888E+0	-735,2121E-9
370,5528E+0	735,6946E-9	3,0000E+0	1,0886E+0	1,0884E+0	-735,8430E-9
371,0655E+0	735,7367E-9	3,0000E+0	1,0875E+0	1,0873E+0	-735,9271E-9
371,5782E+0	736,4943E-9	3,0000E+0	1,0870E+0	1,0864E+0	-732,3520E-9
372,0909E+0	735,5263E-9	3,0000E+0	1,0862E+0	1,0859E+0	-735,0018E-9
372,6036E+0	735,1055E-9	3,0000E+0	1,0857E+0	1,0851E+0	-740,8062E-9
373,1163E+0	736,1155E-9	3,0000E+0	1,0846E+0	1,0847E+0	-737,7358E-9
373,6290E+0	736,4943E-9	3,0000E+0	1,0841E+0	1,0838E+0	-738,7873E-9
374,1417E+0	736,4943E-9	3,0000E+0	1,0835E+0	1,0832E+0	-742,9934E-9
374,6544E+0	738,1356E-9	3,0000E+0	1,0820E+0	1,0821E+0	-735,2542E-9
375,1670E+0	738,2198E-9	3,0000E+0	1,0811E+0	1,0814E+0	-734,7073E-9
375,6797E+0	736,7047E-9	3,0000E+0	1,0807E+0	1,0808E+0	-742,2783E-9
376,1924E+0	739,0194E-9	3,0000E+0	1,0796E+0	1,0799E+0	-733,3193E-9
376,7051E+0	738,6827E-9	3,0000E+0	1,0799E+0	1,0793E+0	-739,5864E-9
377,2177E+0	739,2298E-9	3,0000E+0	1,0783E+0	1,0782E+0	-737,6937E-9
377,7305E+0	740,6186E-9	3,0000E+0	1,0780E+0	1,0777E+0	-734,2447E-9
378,2431E+0	739,3140E-9	3,0000E+0	1,0776E+0	1,0774E+0	-742,8251E-9
378,7559E+0	738,8510E-9	3,0000E+0	1,0765E+0	1,0764E+0	-742,7831E-9
379,2685E+0	739,0194E-9	3,0000E+0	1,0758E+0	1,0755E+0	-740,8483E-9
379,7813E+0	740,3241E-9	3,0000E+0	1,0755E+0	1,0751E+0	-744,0869E-9
380,2939E+0	740,5766E-9	3,0000E+0	1,0741E+0	1,0743E+0	-741,7736E-9
380,8066E+0	741,0816E-9	3,0000E+0	1,0740E+0	1,0735E+0	-739,7547E-9
381,3193E+0	741,4604E-9	3,0000E+0	1,0731E+0	1,0729E+0	-745,2226E-9
381,8320E+0	742,3021E-9	3,0000E+0	1,0723E+0	1,0717E+0	-739,8809E-9
382,3447E+0	741,2921E-9	3,0000E+0	1,0712E+0	1,0710E+0	-739,7547E-9
382,8574E+0	740,8711E-9	3,0000E+0	1,0700E+0	1,0705E+0	-743,0355E-9
383,3701E+0	742,2179E-9	3,0000E+0	1,0705E+0	1,0697E+0	-738,9555E-9
383,8828E+0	741,4604E-9	3,0000E+0	1,0696E+0	1,0693E+0	-743,7084E-9
384,3954E+0	742,1338E-9	3,0000E+0	1,0681E+0	1,0681E+0	-742,4045E-9
384,9081E+0	741,7129E-9	3,0000E+0	1,0685E+0	1,0676E+0	-742,7410E-9
385,4208E+0	743,0597E-9	3,0000E+0	1,0668E+0	1,0671E+0	-740,4277E-9
385,9335E+0	741,9654E-9	3,0000E+0	1,0670E+0	1,0666E+0	-746,6526E-9
386,4462E+0	743,4384E-9	3,0000E+0	1,0659E+0	1,0655E+0	-739,8388E-9
386,9589E+0	742,9334E-9	3,0000E+0	1,0653E+0	1,0648E+0	-745,1806E-9
387,4716E+0	742,8913E-9	3,0000E+0	1,0643E+0	1,0638E+0	-742,0680E-9
387,9843E+0	743,7751E-9	3,0000E+0	1,0639E+0	1,0636E+0	-740,8904E-9
388,4969E+0	743,1859E-9	3,0000E+0	1,0628E+0	1,0621E+0	-741,9839E-9
389,0096E+0	742,1338E-9	3,0000E+0	1,0623E+0	1,0621E+0	-745,7273E-9
389,5223E+0	743,6909E-9	3,0000E+0	1,0620E+0	1,0615E+0	-742,1101E-9
390,0350E+0	743,4384E-9	3,0000E+0	1,0611E+0	1,0608E+0	-747,3677E-9
390,5477E+0	745,5427E-9	3,0000E+0	1,0598E+0	1,0597E+0	-741,8577E-9
391,0604E+0	746,2582E-9	3,0000E+0	1,0590E+0	1,0591E+0	-741,8577E-9
391,5731E+0	744,2801E-9	3,0000E+0	1,0589E+0	1,0586E+0	-749,5128E-9
392,0857E+0	746,3003E-9	3,0000E+0	1,0582E+0	1,0576E+0	-743,1196E-9
392,5985E+0	746,3844E-9	3,0000E+0	1,0564E+0	1,0568E+0	-742,4466E-9
393,1111E+0	745,6269E-9	3,0000E+0	1,0568E+0	1,0564E+0	-748,3772E-9
393,6238E+0	746,6369E-9	3,0000E+0	1,0558E+0	1,0556E+0	-742,4045E-9
394,1365E+0	745,9215E-9	3,0000E+0	1,0550E+0	1,0549E+0	-744,0028E-9
394,6492E+0	745,0377E-9	3,0000E+0	1,0546E+0	1,0545E+0	-749,8073E-9
395,1619E+0	745,6690E-9	3,0000E+0	1,0540E+0	1,0536E+0	-744,9702E-9
395,6746E+0	745,8794E-9	3,0000E+0	1,0526E+0	1,0528E+0	-746,8630E-9
396,1873E+0	744,9535E-9	3,0000E+0	1,0525E+0	1,0518E+0	-744,7599E-9
396,7000E+0	746,5107E-9	3,0000E+0	1,0513E+0	1,0512E+0	-740,1332E-9
397,2127E+0	744,8273E-9	3,0000E+0	1,0511E+0	1,0506E+0	-747,3257E-9
397,7254E+0	744,9535E-9	3,0000E+0	1,0501E+0	1,0499E+0	-744,8020E-9
398,2381E+0	745,4585E-9	3,0000E+0	1,0498E+0	1,0494E+0	-741,6474E-9
398,7508E+0	744,1960E-9	3,0000E+0	1,0486E+0	1,0486E+0	-747,5360E-9
399,2634E+0	745,0798E-9	3,0000E+0	1,0483E+0	1,0480E+0	-741,7736E-9
399,7761E+0	744,4063E-9	3,0000E+0	1,0470E+0	1,0475E+0	-745,3909E-9
400,2888E+0	744,1539E-9	3,0000E+0	1,0472E+0	1,0467E+0	-748,5455E-9
400,8015E+0	744,8273E-9	3,0000E+0	1,0465E+0	1,0460E+0	-744,4235E-9
401,3141E+0	743,9014E-9	3,0000E+0	1,0451E+0	1,0450E+0	-745,1806E-9
401,8269E+0	744,6168E-9	3,0000E+0	1,0445E+0	1,0443E+0	-744,5917E-9
402,3395E+0	744,2380E-9	3,0000E+0	1,0438E+0	1,0435E+0	-741,0586E-9
402,8522E+0	743,9434E-9	3,0000E+0	1,0437E+0	1,0430E+0	-745,0544E-9
403,3649E+0	743,8593E-9	3,0000E+0	1,0417E+0	1,0425E+0	-744,0869E-9
403,8776E+0	746,0898E-9	3,0000E+0	1,0422E+0	1,0420E+0	-743,4981E-9
404,3903E+0	745,3323E-9	3,0000E+0	1,0413E+0	1,0410E+0	-745,4749E-9
404,9030E+0	744,8273E-9	3,0000E+0	1,0409E+0	1,0403E+0	-744,3814E-9
405,4157E+0	744,1539E-9	3,0000E+0	1,0403E+0	1,0398E+0	-745,2226E-9
405,9284E+0	743,7330E-9	3,0000E+0	1,0391E+0	1,0389E+0	-745,7273E-9
406,4411E+0	744,9114E-9	3,0000E+0	1,0387E+0	1,0382E+0	-741,7736E-9
406,9538E+0	744,6589E-9	3,0000E+0	1,0379E+0	1,0374E+0	-740,1753E-9
407,4665E+0	743,8593E-9	3,0000E+0	1,0363E+0	1,0369E+0	-742,7410E-9
407,9792E+0	744,4063E-9	3,0000E+0	1,0368E+0	1,0364E+0	-739,6706E-9
408,4919E+0	742,7229E-9	3,0000E+0	1,0360E+0	1,0356E+0	-746,5686E-9
409,0046E+0	742,5125E-9	3,0000E+0	1,0354E+0	1,0348E+0	-743,9187E-9
409,5173E+0	742,8071E-9	3,0000E+0	1,0346E+0	1,0339E+0	-741,6474E-9
410,0300E+0	743,0597E-9	3,0000E+0	1,0331E+0	1,0331E+0	-743,0775E-9
410,5427E+0	743,7751E-9	3,0000E+0	1,0329E+0	1,0327E+0	-739,5864E-9
411,0554E+0	742,7650E-9	3,0000E+0	1,0326E+0	1,0320E+0	-742,4466E-9
411,5681E+0	741,9654E-9	3,0000E+0	1,0319E+0	1,0314E+0	-742,6569E-9
412,0808E+0	741,5866E-9	3,0000E+0	1,0307E+0	1,0311E+0	-740,5538E-9
412,5935E+0	742,1338E-9	3,0000E+0	1,0306E+0	1,0303E+0	-743,1196E-9
413,1062E+0	742,8071E-9	3,0000E+0	1,0291E+0	1,0294E+0	-742,9093E-9
413,6189E+0	743,7751E-9	3,0000E+0	1,0290E+0	1,0285E+0	-739,5023E-9
414,1316E+0	741,6708E-9	3,0000E+0	1,0284E+0	1,0280E+0	-741,9418E-9
414,6443E+0	741,6708E-9	3,0000E+0	1,0278E+0	1,0275E+0	-739,7547E-9
415,1570E+0	741,7971E-9	3,0000E+0	1,0266E+0	1,0267E+0	-736,5580E-9
415,6697E+0	739,9032E-9	3,0000E+0	1,0264E+0	1,0262E+0	-744,8861E-9
416,1824E+0	740,8711E-9	3,0000E+0	1,0262E+0	1,0257E+0	-741,3529E-9
416,6951E+0	740,5345E-9	3,0000E+0	1,0255E+0	1,0249E+0	-741,0586E-9
417,2077E+0	740,7870E-9	3,0000E+0	1,0242E+0	1,0241E+0	-745,0964E-9
417,7205E+0	741,8392E-9	3,0000E+0	1,0241E+0	1,0236E+0	-740,0911E-9
418,2332E+0	741,1658E-9	3,0000E+0	1,0231E+0	1,0227E+0	-740,4697E-9
418,7459E+0	740,3241E-9	3,0000E+0	1,0229E+0	1,0224E+0	-745,6853E-9
419,2585E+0	743,0176E-9	3,0000E+0	1,0222E+0	1,0217E+0	-736,6001E-9
419,7713E+0	742,2179E-9	3,0000E+0	1,0211E+0	1,0209E+0	-740,6380E-9
420,2840E+0	742,4704E-9	3,0000E+0	1,0208E+0	1,0205E+0	-742,7410E-9
420,7966E+0	742,2600E-9	3,0000E+0	1,0198E+0	1,0194E+0	-743,2037E-9
421,3094E+0	741,8392E-9	3,0000E+0	1,0191E+0	1,0187E+0	-745,0123E-9
421,8221E+0	743,2701E-9	3,0000E+0	1,0190E+0	1,0182E+0	-742,5728E-9
422,3347E+0	743,8593E-9	3,0000E+0	1,0180E+0	1,0173E+0	-739,0817E-9
422,8474E+0	743,3122E-9	3,0000E+0	1,0175E+0	1,0171E+0	-743,2037E-9
423,3601E+0	744,6168E-9	3,0000E+0	1,0170E+0	1,0166E+0	-743,4560E-9
423,8728E+0	743,8172E-9	3,0000E+0	1,0163E+0	1,0159E+0	-744,5496E-9
424,3855E+0	745,7110E-9	3,0000E+0	1,0153E+0	1,0149E+0	-744,5917E-9
424,8982E+0	745,5006E-9	3,0000E+0	1,0147E+0	1,0142E+0	-740,0491E-9
425,4109E+0	743,7330E-9	3,0000E+0	1,0143E+0	1,0137E+0	-745,0123E-9
425,9236E+0	744,5327E-9	3,0000E+0	1,0136E+0	1,0132E+0	-746,5265E-9
426,4363E+0	745,3323E-9	3,0000E+0	1,0127E+0	1,0124E+0	-740,0491E-9
426,9490E+0	744,3643E-9	3,0000E+0	1,0124E+0	1,0119E+0	-745,7273E-9
427,4617E+0	745,9215E-9	3,0000E+0	1,0116E+0	1,0112E+0	-744,6758E-9
427,9744E+0	746,7632E-9	3,0000E+0	1,0109E+0	1,0103E+0	-746,1059E-9
428,4871E+0	745,5006E-9	3,0000E+0	1,0107E+0	1,0098E+0	-746,2742E-9
428,9998E+0	745,7110E-9	3,0000E+0	1,0097E+0	1,0092E+0	-740,9745E-9
429,5125E+0	744,9535E-9	3,0000E+0	1,0089E+0	1,0084E+0	-739,1237E-9
430,0252E+0	743,8172E-9	3,0000E+0	1,0081E+0	1,0082E+0	-742,5728E-9
430,5379E+0	742,8071E-9	3,0000E+0	1,0078E+0	1,0076E+0	-741,3529E-9
431,0506E+0	740,6608E-9	3,0000E+0	1,0058E+0	1,0058E+0	-743,0775E-9
431,5633E+0	741,4604E-9	3,0000E+0	1,0049E+0	1,0046E+0	-742,8672E-9
432,0760E+0	741,1237E-9	3,0000E+0	1,0034E+0	1,0033E+0	-737,6937E-9
432,5887E+0	741,1237E-9	3,0000E+0	1,0018E+0	1,0020E+0	-739,8809E-9
433,1014E+0	741,2921E-9	3,0000E+0	1,0012E+0	1,0010E+0	-741,8998E-9
433,6141E+0	740,5766E-9	3,0000E+0	1,0002E+0	1,0000E+0	-740,4277E-9
434,1268E+0	740,1978E-9	3,0000E+0	998,5222E-3	999,0056E-3	-745,1806E-9
434,6395E+0	741,5446E-9	3,0000E+0	998,1050E-3	997,9214E-3	-741,7315E-9
435,1522E+0	740,3661E-9	3,0000E+0	996,6866E-3	996,2534E-3	-738,2405E-9
435,6649E+0	741,7129E-9	3,0000E+0	995,5184E-3	995,1692E-3	-740,8904E-9
436,1776E+0	741,8392E-9	3,0000E+0	994,6841E-3	994,4186E-3	-737,3572E-9
436,6903E+0	742,5546E-9	3,0000E+0	993,4325E-3	992,9175E-3	-739,8388E-9
437,2030E+0	744,1539E-9	3,0000E+0	992,1809E-3	991,7499E-3	-743,5402E-9
437,7157E+0	744,9535E-9	3,0000E+0	990,9294E-3	990,7491E-3	-739,4182E-9
438,2284E+0	743,6068E-9	3,0000E+0	990,2619E-3	989,9151E-3	-745,2647E-9
438,7410E+0	751,2664E-9	3,0000E+0	988,9269E-3	988,9143E-3	-754,0133E-9
439,2538E+0	750,7193E-9	3,0000E+0	988,2593E-3	987,6633E-3	-749,0502E-9
439,7665E+0	750,5509E-9	3,0000E+0	986,3403E-3	986,4957E-3	-754,8546E-9
440,2792E+0	750,9718E-9	3,0000E+0	985,9232E-3	985,6617E-3	-750,2699E-9
440,7919E+0	751,5610E-9	3,0000E+0	984,1709E-3	984,5775E-3	-752,4991E-9
441,3046E+0	750,0038E-9	3,0000E+0	983,2531E-3	983,4099E-3	-755,1911E-9
441,8173E+0	751,8977E-9	3,0000E+0	982,3353E-3	982,1590E-3	-745,0544E-9
442,3300E+0	751,5610E-9	3,0000E+0	981,1672E-3	981,2416E-3	-754,1816E-9
442,8427E+0	751,7714E-9	3,0000E+0	980,6665E-3	979,9905E-3	-752,6253E-9
443,3553E+0	751,8556E-9	3,0000E+0	979,4984E-3	979,4068E-3	-751,2373E-9
443,8680E+0	754,1282E-9	3,0000E+0	978,3303E-3	978,0724E-3	-751,8682E-9
444,3808E+0	755,7275E-9	3,0000E+0	977,6627E-3	977,3219E-3	-758,5139E-9
444,8935E+0	757,3267E-9	3,0000E+0	975,6603E-3	975,9874E-3	-753,8872E-9
445,4062E+0	755,6012E-9	3,0000E+0	975,1596E-3	974,9032E-3	-760,8693E-9
445,9189E+0	757,4109E-9	3,0000E+0	973,6577E-3	973,9025E-3	-756,2426E-9
446,4315E+0	757,4530E-9	3,0000E+0	973,4074E-3	973,1519E-3	-759,2710E-9
446,9443E+0	758,0422E-9	3,0000E+0	972,7399E-3	972,2345E-3	-761,1217E-9
447,4570E+0	758,9681E-9	3,0000E+0	971,1546E-3	971,3171E-3	-757,5885E-9
447,9697E+0	751,5610E-9	3,0000E+0	970,8208E-3	970,1496E-3	-750,8167E-9
448,4824E+0	748,5308E-9	3,0000E+0	969,9030E-3	969,5657E-3	-754,8125E-9
448,9951E+0	749,5830E-9	3,0000E+0	968,4846E-3	968,4815E-3	-749,5549E-9
449,5078E+0	749,2883E-9	3,0000E+0	967,9005E-3	967,3139E-3	-754,5601E-9
450,0205E+0	751,3506E-9	3,0000E+0	966,3987E-3	966,1463E-3	-750,1858E-9
450,5332E+0	752,1922E-9	3,0000E+0	965,6477E-3	964,8954E-3	-745,2647E-9
451,0459E+0	752,0239E-9	3,0000E+0	964,8133E-3	964,3950E-3	-751,8682E-9
451,5586E+0	751,6873E-9	3,0000E+0	963,8121E-3	963,1440E-3	-750,5644E-9
452,0713E+0	752,1502E-9	3,0000E+0	963,2280E-3	962,6436E-3	-752,5833E-9
452,5840E+0	752,0660E-9	3,0000E+0	961,8930E-3	961,9764E-3	-753,5086E-9
453,0967E+0	751,6873E-9	3,0000E+0	960,8917E-3	960,5586E-3	-749,9334E-9
453,6094E+0	752,1502E-9	3,0000E+0	959,8070E-3	959,8914E-3	-750,3540E-9
454,1221E+0	749,5409E-9	3,0000E+0	959,3898E-3	958,8907E-3	-752,8357E-9
454,6348E+0	749,9196E-9	3,0000E+0	957,9714E-3	958,1401E-3	-749,3866E-9
455,1475E+0	750,2984E-9	3,0000E+0	957,3038E-3	957,0559E-3	-750,9008E-9
455,6602E+0	751,4348E-9	3,0000E+0	956,4695E-3	956,0552E-3	-749,7652E-9
456,1729E+0	749,9617E-9	3,0000E+0	955,1346E-3	955,5547E-3	-749,1763E-9
456,6856E+0	749,7513E-9	3,0000E+0	954,8007E-3	954,4705E-3	-753,0880E-9
457,1983E+0	750,3405E-9	3,0000E+0	954,0498E-3	953,5531E-3	-752,7936E-9
457,7110E+0	749,7934E-9	3,0000E+0	952,5480E-3	952,3855E-3	-746,9891E-9
458,2237E+0	748,9517E-9	3,0000E+0	951,4632E-3	951,4682E-3	-752,9619E-9
458,7365E+0	750,5088E-9	3,0000E+0	950,8792E-3	950,7175E-3	-746,3583E-9
459,2491E+0	749,0779E-9	3,0000E+0	950,3785E-3	950,1338E-3	-750,8588E-9
459,7618E+0	749,7934E-9	3,0000E+0	949,2104E-3	948,7160E-3	-750,2279E-9
460,2745E+0	750,0459E-9	3,0000E+0	948,3761E-3	948,0488E-3	-746,1059E-9
460,7873E+0	748,4887E-9	3,0000E+0	947,4583E-3	946,8812E-3	-747,6621E-9
461,3000E+0	746,9316E-9	3,0000E+0	946,8741E-3	946,6310E-3	-751,1953E-9
461,8126E+0	747,8154E-9	3,0000E+0	946,0397E-3	945,4634E-3	-747,7883E-9
462,3253E+0	747,3103E-9	3,0000E+0	945,0386E-3	944,7128E-3	-751,1111E-9
462,8380E+0	747,8154E-9	3,0000E+0	944,2875E-3	944,0457E-3	-751,4056E-9
463,3507E+0	747,9837E-9	3,0000E+0	943,7869E-3	943,2116E-3	-745,9377E-9
463,8634E+0	747,7733E-9	3,0000E+0	941,7009E-3	942,1275E-3	-748,7557E-9
464,3761E+0	748,4045E-9	3,0000E+0	941,4507E-3	941,1266E-3	-745,6432E-9
464,8888E+0	750,0459E-9	3,0000E+0	940,7831E-3	940,2927E-3	-745,3067E-9
465,4015E+0	749,5409E-9	3,0000E+0	939,2812E-3	939,6256E-3	-750,1858E-9
465,9142E+0	749,8775E-9	3,0000E+0	939,1144E-3	938,6247E-3	-746,0638E-9
466,4269E+0	748,9095E-9	3,0000E+0	938,1132E-3	937,7907E-3	-748,8819E-9
466,9396E+0	746,9316E-9	3,0000E+0	937,5291E-3	937,2069E-3	-753,6348E-9
467,4523E+0	748,1100E-9	3,0000E+0	936,7781E-3	936,3730E-3	-747,3677E-9
467,9651E+0	749,3725E-9	3,0000E+0	935,4432E-3	935,6223E-3	-748,8819E-9
468,4777E+0	746,8894E-9	3,0000E+0	935,0260E-3	934,6215E-3	-750,9008E-9
468,9904E+0	747,6891E-9	3,0000E+0	934,1081E-3	933,8710E-3	-745,7273E-9
469,5031E+0	747,6049E-9	3,0000E+0	933,1903E-3	932,7868E-3	-746,1480E-9
470,0158E+0	746,0056E-9	3,0000E+0	932,5228E-3	932,2029E-3	-745,3488E-9
470,5285E+0	745,7110E-9	3,0000E+0	931,6884E-3	931,2022E-3	-743,2037E-9
471,0412E+0	745,2060E-9	3,0000E+0	931,6050E-3	930,7019E-3	-748,2931E-9
471,5539E+0	745,5848E-9	3,0000E+0	930,1031E-3	930,1180E-3	-744,9282E-9
472,0666E+0	744,9956E-9	3,0000E+0	929,7694E-3	929,1172E-3	-746,4004E-9
472,5793E+0	744,8693E-9	3,0000E+0	928,6012E-3	928,2832E-3	-749,2184E-9
473,0920E+0	745,3743E-9	3,0000E+0	927,2662E-3	927,6161E-3	-742,4466E-9
473,6047E+0	745,5006E-9	3,0000E+0	926,6821E-3	926,9488E-3	-744,7599E-9
474,1174E+0	744,9114E-9	3,0000E+0	926,0146E-3	926,1149E-3	-746,0218E-9
474,6301E+0	745,6269E-9	3,0000E+0	925,5974E-3	925,1141E-3	-741,3109E-9
475,1428E+0	745,5427E-9	3,0000E+0	924,5128E-3	924,3635E-3	-743,3719E-9
475,6555E+0	744,8693E-9	3,0000E+0	924,2624E-3	924,0299E-3	-750,5644E-9
476,1682E+0	750,8876E-9	3,0000E+0	923,2612E-3	922,8623E-3	-745,3909E-9
476,6809E+0	747,6470E-9	3,0000E+0	923,0943E-3	922,4453E-3	-751,5739E-9
477,1936E+0	746,6790E-9	3,0000E+0	921,7594E-3	921,6947E-3	-744,9702E-9
477,7063E+0	745,2902E-9	3,0000E+0	921,2586E-3	920,3603E-3	-743,6243E-9
478,2190E+0	744,3643E-9	3,0000E+0	920,5077E-3	920,1102E-3	-749,4708E-9
478,7317E+0	745,6269E-9	3,0000E+0	919,5899E-3	919,1094E-3	-742,8672E-9
479,2444E+0	746,1319E-9	3,0000E+0	918,6721E-3	918,4421E-3	-743,2878E-9
479,7571E+0	744,4485E-9	3,0000E+0	917,9212E-3	917,6916E-3	-749,4287E-9
480,2698E+0	748,5729E-9	3,0000E+0	917,5874E-3	916,6908E-3	-744,8861E-9
480,7825E+0	748,4045E-9	3,0000E+0	917,0868E-3	916,4406E-3	-748,4193E-9
481,2952E+0	746,5949E-9	3,0000E+0	916,0020E-3	915,2730E-3	-746,1900E-9
481,8079E+0	746,6790E-9	3,0000E+0	915,1677E-3	915,1062E-3	-743,8766E-9
482,3206E+0	746,4686E-9	3,0000E+0	914,3333E-3	913,9386E-3	-745,8956E-9
482,8333E+0	745,7110E-9	3,0000E+0	913,1652E-3	913,2714E-3	-746,6526E-9
483,3460E+0	748,3625E-9	3,0000E+0	912,9983E-3	912,7710E-3	-746,8209E-9
483,8587E+0	742,8913E-9	3,0000E+0	912,2474E-3	911,9371E-3	-745,4749E-9
484,3714E+0	743,8593E-9	3,0000E+0	911,8302E-3	911,3533E-3	-742,6148E-9
484,8841E+0	742,7650E-9	3,0000E+0	911,1627E-3	910,8528E-3	-742,9513E-9
485,3968E+0	743,1439E-9	3,0000E+0	910,1614E-3	909,9355E-3	-745,1806E-9
485,9095E+0	743,3542E-9	3,0000E+0	909,3271E-3	908,9347E-3	-740,4697E-9
486,4221E+0	743,6489E-9	3,0000E+0	908,6595E-3	908,4343E-3	-742,3624E-9
486,9348E+0	742,6387E-9	3,0000E+0	908,0755E-3	907,7671E-3	-745,8115E-9
487,4475E+0	743,5226E-9	3,0000E+0	907,4080E-3	907,1833E-3	-737,5255E-9
487,9602E+0	743,3964E-9	3,0000E+0	906,4068E-3	906,9331E-3	-744,2973E-9
488,4728E+0	743,1439E-9	3,0000E+0	905,9895E-3	906,0158E-3	-742,4466E-9
488,9856E+0	744,4063E-9	3,0000E+0	905,0717E-3	905,1817E-3	-739,3340E-9
489,4982E+0	743,3542E-9	3,0000E+0	905,0717E-3	904,5146E-3	-746,9050E-9
490,0109E+0	744,0276E-9	3,0000E+0	904,3208E-3	903,9308E-3	-741,3950E-9
490,5237E+0	744,4485E-9	3,0000E+0	903,5698E-3	902,7632E-3	-739,4182E-9
491,0363E+0	743,7330E-9	3,0000E+0	902,7354E-3	902,2627E-3	-744,0028E-9
491,5490E+0	744,1539E-9	3,0000E+0	902,0680E-3	901,8458E-3	-740,5118E-9
492,0617E+0	741,5446E-9	3,0000E+0	901,0667E-3	900,9284E-3	-744,3393E-9
492,5744E+0	741,4183E-9	3,0000E+0	899,7317E-3	900,3446E-3	-742,6989E-9
493,0871E+0	742,9755E-9	3,0000E+0	899,9820E-3	899,5939E-3	-737,3572E-9
493,5997E+0	743,9014E-9	3,0000E+0	899,4814E-3	899,0936E-3	-743,0355E-9
494,1124E+0	743,6909E-9	3,0000E+0	898,8973E-3	898,4265E-3	-748,5034E-9
494,6251E+0	744,9114E-9	3,0000E+0	898,0629E-3	897,7592E-3	-746,4844E-9
495,1378E+0	742,8492E-9	3,0000E+0	897,0617E-3	897,1754E-3	-747,1995E-9
495,6505E+0	743,0597E-9	3,0000E+0	896,8114E-3	896,3414E-3	-745,0544E-9
496,1632E+0	743,9434E-9	3,0000E+0	896,1439E-3	895,9244E-3	-741,1006E-9
496,6759E+0	743,5647E-9	3,0000E+0	895,7266E-3	894,9237E-3	-744,0449E-9
497,1886E+0	744,9114E-9	3,0000E+0	895,2260E-3	894,6735E-3	-743,1616E-9
497,7013E+0	743,3542E-9	3,0000E+0	894,1414E-3	893,9229E-3	-747,0312E-9
498,2140E+0	744,4063E-9	3,0000E+0	893,6408E-3	893,0055E-3	-742,4886E-9
498,7267E+0	744,3643E-9	3,0000E+0	893,2235E-3	892,8387E-3	-742,9513E-9
499,2394E+0	742,2179E-9	3,0000E+0	892,0554E-3	891,8379E-3	-745,9377E-9
499,7521E+0	743,4805E-9	3,0000E+0	891,7217E-3	891,0038E-3	-740,9324E-9
500,2648E+0	743,2280E-9	3,0000E+0	890,8872E-3	890,8371E-3	-743,7926E-9
500,7775E+0	742,9755E-9	3,0000E+0	889,8860E-3	890,0865E-3	-743,0775E-9
501,2901E+0	741,3763E-9	3,0000E+0	890,0529E-3	889,6695E-3	-743,4560E-9
501,8028E+0	741,6288E-9	3,0000E+0	888,9682E-3	888,8355E-3	-739,6706E-9
502,3155E+0	738,7248E-9	3,0000E+0	888,0503E-3	888,2517E-3	-744,2131E-9
502,8282E+0	741,9233E-9	3,0000E+0	887,2160E-3	887,2510E-3	-739,4182E-9
503,3410E+0	742,6387E-9	3,0000E+0	887,3829E-3	887,3343E-3	-743,5402E-9
503,8537E+0	744,9956E-9	3,0000E+0	886,2982E-3	886,6671E-3	-750,7747E-9
504,3664E+0	748,2362E-9	3,0000E+0	886,2982E-3	885,8331E-3	-743,2878E-9
504,8791E+0	746,5949E-9	3,0000E+0	885,4638E-3	885,4162E-3	-748,1669E-9
505,3918E+0	747,3945E-9	3,0000E+0	884,9632E-3	884,9158E-3	-749,6390E-9
505,9044E+0	745,9215E-9	3,0000E+0	884,2956E-3	883,8316E-3	-742,9513E-9
506,4171E+0	744,7010E-9	3,0000E+0	883,6282E-3	882,9976E-3	-745,9377E-9
506,9299E+0	743,6489E-9	3,0000E+0	882,9606E-3	882,7474E-3	-739,5864E-9
507,4426E+0	743,3122E-9	3,0000E+0	882,3766E-3	881,8300E-3	-740,7221E-9
507,9553E+0	742,4704E-9	3,0000E+0	881,4588E-3	881,2462E-3	-741,6474E-9
508,4680E+0	743,0176E-9	3,0000E+0	881,5422E-3	880,8293E-3	-741,8998E-9
508,9807E+0	741,4604E-9	3,0000E+0	880,3740E-3	880,7458E-3	-745,3067E-9
509,4933E+0	741,1658E-9	3,0000E+0	879,7066E-3	879,7451E-3	-744,7599E-9
510,0060E+0	741,8392E-9	3,0000E+0	879,3728E-3	879,4948E-3	-742,6148E-9
510,5187E+0	743,9855E-9	3,0000E+0	878,6219E-3	878,5775E-3	-743,5822E-9
511,0314E+0	744,5748E-9	3,0000E+0	878,4550E-3	878,3273E-3	-742,6569E-9
511,5441E+0	742,5546E-9	3,0000E+0	878,1212E-3	877,7435E-3	-742,6989E-9
512,0568E+0	742,3021E-9	3,0000E+0	877,0366E-3	877,1597E-3	-744,6758E-9
512,5696E+0	741,4183E-9	3,0000E+0	876,8697E-3	876,4091E-3	-738,9976E-9
513,0822E+0	741,2499E-9	3,0000E+0	875,9519E-3	875,7418E-3	-739,8388E-9
513,5949E+0	740,9975E-9	3,0000E+0	875,6182E-3	875,2415E-3	-742,3204E-9
514,1076E+0	745,1640E-9	3,0000E+0	875,2009E-3	875,0747E-3	-743,5822E-9
514,6203E+0	743,6068E-9	3,0000E+0	874,5334E-3	873,7403E-3	-744,2973E-9
515,1330E+0	744,4485E-9	3,0000E+0	873,9493E-3	873,7403E-3	-747,8724E-9
515,6457E+0	746,2582E-9	3,0000E+0	873,5322E-3	872,9897E-3	-740,5959E-9
