Time	Cur1	Volt1	Volt2	Volt3	Cur4
527,0441E-3	99,9229E-3	3,0000E+0	2,8294E+0	2,8300E+0	-99,9326E-3
1,0399E+0	22,1343E-3	3,0000E+0	2,9624E+0	2,9632E+0	-22,1393E-3
1,5526E+0	8,4681E-3	3,0000E+0	2,9856E+0	2,9863E+0	-8,4710E-3
2,1789E+0	2,2297E-3	3,0000E+0	2,9936E+0	2,9947E+0	-2,2306E-3
2,6916E+0	1,9289E-3	3,0000E+0	2,9969E+0	2,9976E+0	-1,9291E-3
3,2043E+0	1,5892E-3	3,0000E+0	2,9973E+0	2,9983E+0	-1,5894E-3
3,7170E+0	1,3707E-3	3,0000E+0	2,9978E+0	2,9987E+0	-1,3709E-3
4,2296E+0	1,2476E-3	3,0000E+0	2,9977E+0	2,9986E+0	-1,2480E-3
4,7423E+0	1,1321E-3	3,0000E+0	2,9976E+0	2,9991E+0	-1,1323E-3
5,2550E+0	1,0479E-3	3,0000E+0	2,9979E+0	2,9992E+0	-1,0481E-3
5,7676E+0	979,5503E-6	3,0000E+0	2,9978E+0	2,9993E+0	-979,9629E-6
6,2803E+0	894,1361E-6	3,0000E+0	2,9983E+0	2,9993E+0	-894,4020E-6
6,7930E+0	1,5552E-3	3,0000E+0	2,9969E+0	2,9981E+0	-1,5555E-3
7,3057E+0	725,2836E-6	3,0000E+0	2,9972E+0	2,9983E+0	-725,5495E-6
7,8184E+0	1,3656E-3	3,0000E+0	2,9977E+0	2,9985E+0	-1,3656E-3
8,3311E+0	634,7414E-6	3,0000E+0	2,9991E+0	2,9998E+0	-634,9458E-6
8,8438E+0	1,1476E-3	3,0000E+0	2,9983E+0	2,9990E+0	-1,1478E-3
9,3565E+0	636,2966E-6	3,0000E+0	2,9990E+0	2,9998E+0	-636,7948E-6
9,8692E+0	990,9415E-6	3,0000E+0	2,9984E+0	2,9993E+0	-991,1833E-6
10,3819E+0	638,0621E-6	3,0000E+0	2,9989E+0	2,9998E+0	-638,1816E-6
10,8946E+0	861,7697E-6	3,0000E+0	2,9984E+0	2,9995E+0	-862,0435E-6
11,4073E+0	568,2008E-6	3,0000E+0	2,9983E+0	2,9999E+0	-568,6319E-6
11,9200E+0	635,4139E-6	3,0000E+0	2,9993E+0	2,9998E+0	-635,7442E-6
12,4327E+0	464,8380E-6	3,0000E+0	2,9993E+0	3,0002E+0	-465,3368E-6
12,9454E+0	577,4483E-6	3,0000E+0	2,9994E+0	2,9998E+0	-577,7091E-6
13,4581E+0	474,4218E-6	3,0000E+0	2,9992E+0	3,0002E+0	-474,8763E-6
13,9708E+0	590,3109E-6	3,0000E+0	2,9990E+0	3,0000E+0	-590,6945E-6
14,4835E+0	506,6202E-6	3,0000E+0	2,9991E+0	3,0001E+0	-506,8145E-6
14,9962E+0	585,7712E-6	3,0000E+0	2,9989E+0	2,9997E+0	-586,1138E-6
15,5089E+0	502,3328E-6	3,0000E+0	2,9988E+0	2,9998E+0	-502,6122E-6
16,1352E+0	228,0333E-6	3,0000E+0	2,9988E+0	2,9998E+0	-228,0977E-6
16,6479E+0	408,6834E-6	3,0000E+0	2,9985E+0	2,9995E+0	-408,7095E-6
17,1606E+0	385,4914E-6	3,0000E+0	2,9999E+0	3,0008E+0	-385,5434E-6
17,6733E+0	420,0755E-6	3,0000E+0	2,9994E+0	3,0004E+0	-420,1139E-6
18,1860E+0	353,3084E-6	3,0000E+0	3,0000E+0	3,0008E+0	-353,3607E-6
18,6987E+0	418,8013E-6	3,0000E+0	2,9994E+0	3,0003E+0	-418,8570E-6
19,2114E+0	324,9354E-6	3,0000E+0	2,9995E+0	3,0004E+0	-324,9654E-6
19,7241E+0	413,6246E-6	3,0000E+0	2,9992E+0	3,0000E+0	-413,6655E-6
20,2368E+0	292,9585E-6	3,0000E+0	2,9987E+0	3,0002E+0	-292,9802E-6
20,7495E+0	398,4730E-6	3,0000E+0	2,9994E+0	2,9999E+0	-398,5032E-6
21,2622E+0	280,6833E-6	3,0000E+0	2,9994E+0	3,0004E+0	-280,7351E-6
21,7749E+0	434,9117E-6	3,0000E+0	2,9978E+0	2,9985E+0	-434,9694E-6
22,2876E+0	274,3124E-6	3,0000E+0	2,9996E+0	3,0006E+0	-274,3331E-6
22,9134E+0	527,5534E-6	3,0000E+0	2,9983E+0	2,9992E+0	-527,8265E-6
23,5397E+0	196,8428E-6	3,0000E+0	2,9993E+0	3,0000E+0	-196,8481E-6
24,1654E+0	251,5550E-6	3,0000E+0	2,9998E+0	3,0006E+0	-252,1070E-6
24,7917E+0	264,2618E-6	3,0000E+0	2,9976E+0	2,9987E+0	-264,3537E-6
25,3044E+0	239,4254E-6	3,0000E+0	2,9996E+0	3,0006E+0	-239,4642E-6
25,9302E+0	556,5152E-6	3,0000E+0	2,9978E+0	2,9993E+0	-556,7390E-6
26,5564E+0	216,1661E-6	3,0000E+0	2,9990E+0	3,0000E+0	-216,2225E-6
27,0691E+0	472,8685E-6	3,0000E+0	2,9996E+0	3,0007E+0	-472,9027E-6
27,5818E+0	346,8954E-6	3,0000E+0	2,9993E+0	2,9998E+0	-346,9544E-6
28,0945E+0	433,0529E-6	3,0000E+0	2,9997E+0	3,0005E+0	-433,0862E-6
28,6072E+0	318,5939E-6	3,0000E+0	2,9994E+0	3,0007E+0	-318,6600E-6
29,1199E+0	348,3462E-6	3,0000E+0	2,9999E+0	3,0009E+0	-348,4047E-6
29,6326E+0	343,9390E-6	3,0000E+0	2,9995E+0	3,0004E+0	-343,9615E-6
30,1453E+0	321,8235E-6	3,0000E+0	3,0001E+0	3,0008E+0	-321,8505E-6
30,6580E+0	343,8507E-6	3,0000E+0	2,9987E+0	3,0005E+0	-343,8816E-6
31,1707E+0	292,1848E-6	3,0000E+0	2,9996E+0	3,0008E+0	-292,2110E-6
31,6833E+0	318,6696E-6	3,0000E+0	2,9989E+0	3,0000E+0	-318,7231E-6
32,1961E+0	248,8410E-6	3,0000E+0	2,9995E+0	3,0003E+0	-248,8550E-6
32,7088E+0	317,2902E-6	3,0000E+0	2,9998E+0	3,0005E+0	-317,3317E-6
33,2215E+0	218,7103E-6	3,0000E+0	2,9990E+0	3,0006E+0	-218,7741E-6
33,7342E+0	324,9481E-6	3,0000E+0	2,9996E+0	3,0003E+0	-324,9990E-6
34,2469E+0	219,3705E-6	3,0000E+0	2,9999E+0	3,0006E+0	-219,4130E-6
34,7596E+0	342,1812E-6	3,0000E+0	2,9984E+0	2,9993E+0	-342,2170E-6
35,2723E+0	205,4468E-6	3,0000E+0	2,9991E+0	3,0007E+0	-205,4781E-6
35,7850E+0	486,0184E-6	3,0000E+0	2,9978E+0	2,9987E+0	-485,9927E-6
36,2977E+0	191,9689E-6	3,0000E+0	2,9981E+0	2,9995E+0	-191,9677E-6
36,9235E+0	557,0616E-6	3,0000E+0	2,9977E+0	2,9992E+0	-557,1593E-6
37,5498E+0	164,0880E-6	3,0000E+0	2,9985E+0	3,0001E+0	-164,1147E-6
38,0625E+0	415,8997E-6	3,0000E+0	2,9996E+0	3,0006E+0	-415,9649E-6
38,5752E+0	297,9544E-6	3,0000E+0	2,9989E+0	3,0000E+0	-297,9783E-6
39,0879E+0	373,7502E-6	3,0000E+0	2,9999E+0	3,0009E+0	-373,8575E-6
39,6006E+0	304,7123E-6	3,0000E+0	2,9992E+0	3,0004E+0	-304,7377E-6
40,1133E+0	353,9013E-6	3,0000E+0	2,9998E+0	3,0008E+0	-353,9534E-6
40,6260E+0	313,1775E-6	3,0000E+0	2,9997E+0	3,0003E+0	-313,1996E-6
41,1387E+0	294,2622E-6	3,0000E+0	2,9997E+0	3,0008E+0	-294,2834E-6
41,6514E+0	319,1279E-6	3,0000E+0	2,9995E+0	3,0003E+0	-319,1518E-6
42,1641E+0	286,2427E-6	3,0000E+0	2,9995E+0	3,0005E+0	-286,2671E-6
42,6768E+0	300,8728E-6	3,0000E+0	2,9992E+0	3,0003E+0	-300,8998E-6
43,1895E+0	205,3207E-6	3,0000E+0	2,9996E+0	3,0008E+0	-205,3730E-6
43,7022E+0	288,8163E-6	3,0000E+0	2,9999E+0	3,0005E+0	-288,8355E-6
44,2150E+0	196,7798E-6	3,0000E+0	2,9999E+0	3,0006E+0	-196,8229E-6
44,7277E+0	301,1378E-6	3,0000E+0	2,9999E+0	3,0006E+0	-301,1772E-6
45,2403E+0	197,0867E-6	3,0000E+0	2,9988E+0	3,0006E+0	-197,1130E-6
45,7530E+0	311,5459E-6	3,0000E+0	2,9989E+0	2,9995E+0	-311,6400E-6
46,2658E+0	189,1808E-6	3,0000E+0	2,9998E+0	3,0005E+0	-189,1934E-6
46,7785E+0	455,8287E-6	3,0000E+0	2,9978E+0	2,9989E+0	-455,8823E-6
47,2912E+0	156,6236E-6	3,0000E+0	2,9999E+0	3,0007E+0	-156,6365E-6
47,9170E+0	532,5975E-6	3,0000E+0	2,9976E+0	2,9982E+0	-533,2056E-6
48,5433E+0	148,6799E-6	3,0000E+0	2,9983E+0	2,9998E+0	-148,6749E-6
49,0560E+0	408,3722E-6	3,0000E+0	3,0000E+0	3,0008E+0	-408,4195E-6
49,5687E+0	290,6288E-6	3,0000E+0	2,9998E+0	3,0006E+0	-290,6809E-6
50,0814E+0	377,4971E-6	3,0000E+0	2,9996E+0	3,0008E+0	-377,5272E-6
50,5941E+0	287,6178E-6	3,0000E+0	2,9990E+0	3,0005E+0	-287,6585E-6
51,1068E+0	346,5590E-6	3,0000E+0	2,9998E+0	3,0010E+0	-346,6182E-6
51,6195E+0	298,1436E-6	3,0000E+0	2,9994E+0	3,0003E+0	-298,1633E-6
52,1322E+0	305,3893E-6	3,0000E+0	2,9996E+0	3,0005E+0	-305,4103E-6
52,6449E+0	269,2955E-6	3,0000E+0	2,9978E+0	2,9990E+0	-269,3560E-6
53,1576E+0	243,0167E-6	3,0000E+0	2,9994E+0	3,0006E+0	-243,0541E-6
53,6703E+0	301,1042E-6	3,0000E+0	2,9998E+0	3,0005E+0	-301,1268E-6
54,1830E+0	236,7887E-6	3,0000E+0	3,0000E+0	3,0008E+0	-236,8243E-6
54,6957E+0	325,5242E-6	3,0000E+0	2,9996E+0	3,0005E+0	-325,5371E-6
55,2084E+0	193,7141E-6	3,0000E+0	2,9997E+0	3,0006E+0	-193,7795E-6
55,7211E+0	289,0729E-6	3,0000E+0	2,9990E+0	3,0004E+0	-289,1171E-6
56,2338E+0	149,1088E-6	3,0000E+0	2,9990E+0	3,0001E+0	-149,1415E-6
56,7465E+0	281,4024E-6	3,0000E+0	2,9996E+0	3,0007E+0	-281,4330E-6
57,2592E+0	162,4521E-6	3,0000E+0	2,9998E+0	3,0008E+0	-162,4837E-6
57,7719E+0	434,1926E-6	3,0000E+0	2,9980E+0	2,9988E+0	-434,2632E-6
58,2846E+0	180,1059E-6	3,0000E+0	2,9996E+0	3,0004E+0	-180,1346E-6
58,9104E+0	495,6913E-6	3,0000E+0	2,9986E+0	2,9994E+0	-495,8042E-6
59,5367E+0	167,5615E-6	3,0000E+0	2,9990E+0	3,0003E+0	-167,5869E-6
60,0494E+0	422,3001E-6	3,0000E+0	3,0000E+0	3,0008E+0	-422,3964E-6
60,5621E+0	291,0746E-6	3,0000E+0	2,9994E+0	3,0004E+0	-291,1012E-6
61,0748E+0	371,0883E-6	3,0000E+0	2,9996E+0	3,0002E+0	-371,0915E-6
61,5875E+0	300,6500E-6	3,0000E+0	2,9988E+0	3,0002E+0	-300,6686E-6
62,1002E+0	318,1229E-6	3,0000E+0	2,9999E+0	3,0007E+0	-318,1136E-6
62,6129E+0	262,3694E-6	3,0000E+0	2,9997E+0	3,0009E+0	-262,4201E-6
63,1256E+0	268,3535E-6	3,0000E+0	2,9999E+0	3,0011E+0	-268,3934E-6
63,6383E+0	283,1224E-6	3,0000E+0	2,9999E+0	3,0003E+0	-283,1396E-6
64,1510E+0	252,5627E-6	3,0000E+0	2,9999E+0	3,0008E+0	-252,6131E-6
64,6637E+0	324,8850E-6	3,0000E+0	2,9994E+0	3,0004E+0	-324,9234E-6
65,1764E+0	247,0243E-6	3,0000E+0	2,9994E+0	3,0007E+0	-247,0643E-6
65,6891E+0	318,0178E-6	3,0000E+0	2,9994E+0	3,0003E+0	-318,0337E-6
66,2018E+0	237,2050E-6	3,0000E+0	2,9995E+0	3,0006E+0	-237,2657E-6
66,7145E+0	278,4419E-6	3,0000E+0	2,9990E+0	3,0003E+0	-278,4820E-6
67,2272E+0	167,1999E-6	3,0000E+0	2,9998E+0	3,0005E+0	-167,2296E-6
67,7399E+0	256,5367E-6	3,0000E+0	2,9987E+0	2,9999E+0	-256,5687E-6
68,2526E+0	149,9919E-6	3,0000E+0	3,0001E+0	3,0009E+0	-150,0158E-6
68,7653E+0	418,4859E-6	3,0000E+0	2,9978E+0	2,9988E+0	-418,4577E-6
69,2780E+0	162,0610E-6	3,0000E+0	2,9996E+0	3,0003E+0	-162,0844E-6
69,9038E+0	487,7047E-6	3,0000E+0	2,9981E+0	2,9993E+0	-488,1979E-6
70,5301E+0	162,1115E-6	3,0000E+0	2,9988E+0	3,0004E+0	-162,1054E-6
71,0428E+0	426,6021E-6	3,0000E+0	2,9998E+0	3,0006E+0	-426,6084E-6
71,5555E+0	286,0072E-6	3,0000E+0	2,9993E+0	3,0003E+0	-286,0401E-6
72,0682E+0	354,1242E-6	3,0000E+0	2,9998E+0	3,0007E+0	-354,1762E-6
72,5809E+0	251,9655E-6	3,0000E+0	2,9988E+0	3,0004E+0	-252,0078E-6
73,0936E+0	315,0278E-6	3,0000E+0	3,0003E+0	3,0008E+0	-315,0155E-6
73,6063E+0	279,0013E-6	3,0000E+0	2,9997E+0	3,0004E+0	-279,0369E-6
74,1190E+0	261,8059E-6	3,0000E+0	3,0002E+0	3,0008E+0	-261,8232E-6
74,6317E+0	281,2637E-6	3,0000E+0	2,9998E+0	3,0005E+0	-281,3152E-6
75,1444E+0	262,3189E-6	3,0000E+0	2,9992E+0	3,0008E+0	-262,3822E-6
75,6571E+0	312,9125E-6	3,0000E+0	2,9994E+0	3,0003E+0	-312,9179E-6
76,1698E+0	238,0124E-6	3,0000E+0	2,9996E+0	3,0002E+0	-238,0350E-6
76,6825E+0	292,2773E-6	3,0000E+0	2,9991E+0	3,0000E+0	-292,3034E-6
77,1952E+0	172,0864E-6	3,0000E+0	2,9988E+0	2,9995E+0	-172,1310E-6
77,7079E+0	287,8071E-6	3,0000E+0	2,9996E+0	3,0008E+0	-287,8477E-6
78,2206E+0	190,5097E-6	3,0000E+0	2,9998E+0	3,0008E+0	-190,5385E-6
78,8568E+0	-76,2886E-9	3,0000E+0	2,9933E+0	2,9948E+0	80,1396E-9
79,3695E+0	-75,3038E-9	3,0000E+0	2,9893E+0	2,9903E+0	74,9698E-9
79,8822E+0	-72,1140E-9	3,0000E+0	2,9840E+0	2,9846E+0	69,2826E-9
80,3949E+0	-69,1050E-9	3,0000E+0	2,9798E+0	2,9807E+0	71,4616E-9
80,9076E+0	-65,7384E-9	3,0000E+0	2,9725E+0	2,9737E+0	64,8195E-9
81,4203E+0	-64,3370E-9	3,0000E+0	2,9697E+0	2,9712E+0	62,2872E-9
81,9330E+0	-60,1877E-9	3,0000E+0	2,9642E+0	2,9651E+0	62,8635E-9
82,4457E+0	-59,0136E-9	3,0000E+0	2,9608E+0	2,9617E+0	57,0501E-9
82,9584E+0	-55,6049E-9	3,0000E+0	2,9554E+0	2,9562E+0	55,1866E-9
83,4712E+0	-53,1977E-9	3,0000E+0	2,9518E+0	2,9526E+0	56,1331E-9
83,9839E+0	-50,7274E-9	3,0000E+0	2,9459E+0	2,9465E+0	48,2417E-9
84,4965E+0	-49,0441E-9	3,0000E+0	2,9435E+0	2,9448E+0	49,7476E-9
85,0092E+0	-45,6144E-9	3,0000E+0	2,9378E+0	2,9383E+0	47,1774E-9
85,5220E+0	-44,4781E-9	3,0000E+0	2,9344E+0	2,9353E+0	41,9529E-9
86,0347E+0	-41,0231E-9	3,0000E+0	2,9293E+0	2,9303E+0	42,3484E-9
86,6686E+0	-39,2053E-9	3,0000E+0	2,9254E+0	2,9262E+0	40,6868E-9
87,3026E+0	-38,0480E-9	3,0000E+0	2,9197E+0	2,9208E+0	35,3071E-9
87,8153E+0	-32,3597E-9	3,0000E+0	2,9127E+0	2,9137E+0	33,8259E-9
88,3279E+0	-30,1436E-9	3,0000E+0	2,9084E+0	2,9099E+0	31,5679E-9
88,8406E+0	-28,4784E-9	3,0000E+0	2,9054E+0	2,9061E+0	25,5778E-9
89,3533E+0	-25,6222E-9	3,0000E+0	2,9025E+0	2,9034E+0	27,9200E-9
89,8660E+0	-22,1777E-9	3,0000E+0	2,8932E+0	2,8943E+0	22,7675E-9
90,3787E+0	-22,3747E-9	3,0000E+0	2,8951E+0	2,8961E+0	19,8544E-9
90,8915E+0	-17,7254E-9	3,0000E+0	2,8882E+0	2,8894E+0	20,5401E-9
91,4041E+0	-16,6981E-9	3,0000E+0	2,8855E+0	2,8863E+0	15,3783E-9
91,9168E+0	-14,3609E-9	3,0000E+0	2,8795E+0	2,8809E+0	13,0643E-9
92,4295E+0	-10,8840E-9	3,0000E+0	2,8749E+0	2,8764E+0	13,6978E-9
92,9422E+0	-8,9288E-9	3,0000E+0	2,8695E+0	2,8703E+0	6,5337E-9
93,6971E+0	2,1997E-9	3,0000E+0	2,8463E+0	2,8471E+0	-3,9369E-9
94,2098E+0	18,7981E-9	3,0000E+0	2,8223E+0	2,8231E+0	-15,8629E-9
94,7225E+0	28,3002E-9	3,0000E+0	2,8024E+0	2,8036E+0	-29,9533E-9
95,2352E+0	34,0629E-9	3,0000E+0	2,7933E+0	2,7946E+0	-35,0656E-9
95,7479E+0	36,4975E-9	3,0000E+0	2,7899E+0	2,7911E+0	-33,6090E-9
96,2606E+0	36,3595E-9	3,0000E+0	2,7883E+0	2,7893E+0	-39,0010E-9
96,7733E+0	37,9831E-9	3,0000E+0	2,7873E+0	2,7882E+0	-36,6476E-9
97,2860E+0	39,7949E-9	3,0000E+0	2,7831E+0	2,7841E+0	-38,0356E-9
97,7987E+0	39,7036E-9	3,0000E+0	2,7813E+0	2,7829E+0	-42,6646E-9
98,3114E+0	41,8234E-9	3,0000E+0	2,7801E+0	2,7808E+0	-39,7568E-9
98,8241E+0	43,5018E-9	3,0000E+0	2,7753E+0	2,7762E+0	-42,7168E-9
99,3368E+0	43,0616E-9	3,0000E+0	2,7757E+0	2,7767E+0	-45,7570E-9
99,8495E+0	45,9785E-9	3,0000E+0	2,7718E+0	2,7728E+0	-43,1816E-9
100,3622E+0	47,3328E-9	3,0000E+0	2,7683E+0	2,7695E+0	-48,8124E-9
100,9949E+0	71,4979E-9	3,0000E+0	2,7250E+0	2,7257E+0	-72,9769E-9
101,5076E+0	97,8896E-9	3,0000E+0	2,6768E+0	2,6774E+0	-94,8661E-9
102,0203E+0	120,6408E-9	3,0000E+0	2,6337E+0	2,6342E+0	-122,8839E-9
102,5330E+0	146,3297E-9	3,0000E+0	2,5863E+0	2,5872E+0	-146,6829E-9
103,0457E+0	169,3377E-9	3,0000E+0	2,5439E+0	2,5448E+0	-167,5963E-9
103,5584E+0	193,2422E-9	3,0000E+0	2,4980E+0	2,4989E+0	-195,6561E-9
104,0711E+0	216,3933E-9	3,0000E+0	2,4551E+0	2,4565E+0	-214,6010E-9
104,5837E+0	239,3003E-9	3,0000E+0	2,4121E+0	2,4133E+0	-238,5261E-9
105,0964E+0	260,3429E-9	3,0000E+0	2,3719E+0	2,3724E+0	-263,0065E-9
105,6091E+0	283,7634E-9	3,0000E+0	2,3290E+0	2,3295E+0	-281,2994E-9
106,1218E+0	304,2589E-9	3,0000E+0	2,2891E+0	2,2896E+0	-304,8796E-9
106,6345E+0	328,2686E-9	3,0000E+0	2,2435E+0	2,2440E+0	-329,9067E-9
107,1472E+0	351,0451E-9	3,0000E+0	2,2006E+0	2,2013E+0	-348,5867E-9
107,6599E+0	373,0978E-9	3,0000E+0	2,1577E+0	2,1578E+0	-374,5602E-9
108,1726E+0	395,0747E-9	3,0000E+0	2,1150E+0	2,1159E+0	-395,4947E-9
108,6853E+0	417,6956E-9	3,0000E+0	2,0720E+0	2,0730E+0	-415,4238E-9
109,1980E+0	438,3257E-9	3,0000E+0	2,0298E+0	2,0305E+0	-441,4058E-9
109,7107E+0	461,1570E-9	3,0000E+0	1,9862E+0	1,9868E+0	-460,9648E-9
110,2234E+0	483,5716E-9	3,0000E+0	1,9418E+0	1,9424E+0	-482,1264E-9
110,8561E+0	512,8012E-9	3,0000E+0	1,8878E+0	1,8887E+0	-512,7266E-9
111,3688E+0	533,2125E-9	3,0000E+0	1,8441E+0	1,8449E+0	-534,5150E-9
111,8814E+0	558,0007E-9	3,0000E+0	1,7968E+0	1,7979E+0	-556,3454E-9
112,3942E+0	578,5384E-9	3,0000E+0	1,7535E+0	1,7542E+0	-579,1431E-9
112,9069E+0	599,2443E-9	3,0000E+0	1,7110E+0	1,7119E+0	-599,3331E-9
113,4195E+0	603,6212E-9	3,0000E+0	1,7000E+0	1,7007E+0	-604,0020E-9
113,9322E+0	605,8518E-9	3,0000E+0	1,6915E+0	1,6921E+0	-603,4132E-9
114,4449E+0	607,9139E-9	3,0000E+0	1,6822E+0	1,6829E+0	-606,5258E-9
114,9576E+0	610,6915E-9	3,0000E+0	1,6729E+0	1,6741E+0	-610,5638E-9
115,4703E+0	612,6696E-9	3,0000E+0	1,6640E+0	1,6653E+0	-611,0686E-9
115,9831E+0	616,2468E-9	3,0000E+0	1,6552E+0	1,6558E+0	-614,3915E-9
116,4957E+0	618,0564E-9	3,0000E+0	1,6456E+0	1,6462E+0	-620,8270E-9
117,0084E+0	621,4653E-9	3,0000E+0	1,6353E+0	1,6356E+0	-620,1120E-9
117,5211E+0	625,5055E-9	3,0000E+0	1,6249E+0	1,6253E+0	-621,3738E-9
118,0338E+0	626,7260E-9	3,0000E+0	1,6142E+0	1,6152E+0	-632,0156E-9
118,5465E+0	631,4816E-9	3,0000E+0	1,6045E+0	1,6056E+0	-626,2531E-9
119,0592E+0	630,0507E-9	3,0000E+0	1,6013E+0	1,6021E+0	-627,7252E-9
119,5719E+0	628,8303E-9	3,0000E+0	1,5992E+0	1,5999E+0	-629,7442E-9
120,0846E+0	627,2732E-9	3,0000E+0	1,5968E+0	1,5977E+0	-624,6547E-9
120,5973E+0	625,5055E-9	3,0000E+0	1,5943E+0	1,5954E+0	-627,5570E-9
121,1100E+0	623,2751E-9	3,0000E+0	1,5924E+0	1,5932E+0	-627,5570E-9
121,6227E+0	622,7700E-9	3,0000E+0	1,5903E+0	1,5909E+0	-620,5747E-9
122,1354E+0	621,6758E-9	3,0000E+0	1,5880E+0	1,5886E+0	-624,8650E-9
122,6481E+0	620,5395E-9	3,0000E+0	1,5854E+0	1,5868E+0	-623,7293E-9
123,1608E+0	620,3712E-9	3,0000E+0	1,5837E+0	1,5844E+0	-619,7754E-9
123,6735E+0	619,1927E-9	3,0000E+0	1,5815E+0	1,5821E+0	-623,6872E-9
124,1862E+0	619,4452E-9	3,0000E+0	1,5793E+0	1,5798E+0	-618,2612E-9
124,6990E+0	618,0564E-9	3,0000E+0	1,5772E+0	1,5778E+0	-618,3033E-9
125,2116E+0	617,5935E-9	3,0000E+0	1,5744E+0	1,5753E+0	-621,8365E-9
125,7243E+0	617,4252E-9	3,0000E+0	1,5723E+0	1,5731E+0	-617,1676E-9
126,2370E+0	617,2148E-9	3,0000E+0	1,5702E+0	1,5706E+0	-619,5652E-9
126,7497E+0	616,9201E-9	3,0000E+0	1,5675E+0	1,5684E+0	-622,8040E-9
127,2624E+0	617,4673E-9	3,0000E+0	1,5655E+0	1,5657E+0	-617,2097E-9
127,7751E+0	617,7198E-9	3,0000E+0	1,5625E+0	1,5634E+0	-616,2002E-9
128,2878E+0	617,0464E-9	3,0000E+0	1,5599E+0	1,5613E+0	-621,8785E-9
128,8005E+0	618,1406E-9	3,0000E+0	1,5580E+0	1,5585E+0	-613,7185E-9
129,3132E+0	617,4252E-9	3,0000E+0	1,5553E+0	1,5559E+0	-617,9667E-9
129,8259E+0	616,9622E-9	3,0000E+0	1,5530E+0	1,5539E+0	-621,2897E-9
130,3386E+0	619,5294E-9	3,0000E+0	1,5500E+0	1,5510E+0	-613,9288E-9
130,8513E+0	618,4353E-9	3,0000E+0	1,5476E+0	1,5485E+0	-619,1866E-9
131,3640E+0	618,6036E-9	3,0000E+0	1,5459E+0	1,5463E+0	-620,1540E-9
131,8767E+0	618,9402E-9	3,0000E+0	1,5428E+0	1,5435E+0	-616,5787E-9
132,3894E+0	619,9924E-9	3,0000E+0	1,5399E+0	1,5414E+0	-622,5936E-9
132,9021E+0	618,7298E-9	3,0000E+0	1,5388E+0	1,5402E+0	-616,2422E-9
133,4148E+0	617,1726E-9	3,0000E+0	1,5395E+0	1,5399E+0	-612,4145E-9
133,9275E+0	614,9842E-9	3,0000E+0	1,5395E+0	1,5403E+0	-615,3168E-9
134,4402E+0	613,2587E-9	3,0000E+0	1,5393E+0	1,5400E+0	-612,9613E-9
134,9529E+0	612,8799E-9	3,0000E+0	1,5389E+0	1,5395E+0	-610,4376E-9
135,4656E+0	610,5653E-9	3,0000E+0	1,5389E+0	1,5397E+0	-616,8311E-9
135,9783E+0	610,4390E-9	3,0000E+0	1,5386E+0	1,5393E+0	-609,1337E-9
136,4910E+0	610,2286E-9	3,0000E+0	1,5382E+0	1,5389E+0	-608,7972E-9
137,0037E+0	608,4611E-9	3,0000E+0	1,5382E+0	1,5389E+0	-613,7606E-9
137,5164E+0	610,3128E-9	3,0000E+0	1,5374E+0	1,5383E+0	-604,4647E-9
138,0291E+0	608,1243E-9	3,0000E+0	1,5374E+0	1,5384E+0	-611,3630E-9
138,5418E+0	608,3769E-9	3,0000E+0	1,5368E+0	1,5380E+0	-610,3114E-9
139,0545E+0	608,2506E-9	3,0000E+0	1,5362E+0	1,5371E+0	-603,0767E-9
139,5672E+0	607,4089E-9	3,0000E+0	1,5358E+0	1,5368E+0	-607,7456E-9
140,0799E+0	607,1984E-9	3,0000E+0	1,5355E+0	1,5368E+0	-608,5448E-9
140,5926E+0	606,9039E-9	3,0000E+0	1,5355E+0	1,5363E+0	-604,2965E-9
141,1053E+0	606,6093E-9	3,0000E+0	1,5349E+0	1,5360E+0	-608,5027E-9
141,6180E+0	606,1884E-9	3,0000E+0	1,5349E+0	1,5355E+0	-604,5068E-9
142,1307E+0	605,9359E-9	3,0000E+0	1,5341E+0	1,5351E+0	-603,5394E-9
142,6434E+0	604,2525E-9	3,0000E+0	1,5341E+0	1,5349E+0	-609,1757E-9
143,1561E+0	605,0942E-9	3,0000E+0	1,5337E+0	1,5344E+0	-603,3711E-9
143,6687E+0	603,4529E-9	3,0000E+0	1,5334E+0	1,5339E+0	-605,2639E-9
144,1815E+0	603,5791E-9	3,0000E+0	1,5326E+0	1,5331E+0	-603,7076E-9
144,6942E+0	602,9899E-9	3,0000E+0	1,5319E+0	1,5329E+0	-602,4458E-9
145,2068E+0	603,1583E-9	3,0000E+0	1,5309E+0	1,5320E+0	-599,4173E-9
145,7195E+0	602,0641E-9	3,0000E+0	1,5311E+0	1,5319E+0	-602,9925E-9
146,2322E+0	601,8957E-9	3,0000E+0	1,5305E+0	1,5312E+0	-596,5150E-9
146,7449E+0	601,1382E-9	3,0000E+0	1,5303E+0	1,5310E+0	-602,1934E-9
147,2576E+0	600,2965E-9	3,0000E+0	1,5293E+0	1,5304E+0	-602,6981E-9
147,7703E+0	602,5691E-9	3,0000E+0	1,5289E+0	1,5299E+0	-597,6927E-9
148,2830E+0	601,8115E-9	3,0000E+0	1,5284E+0	1,5293E+0	-602,6981E-9
148,7957E+0	601,0540E-9	3,0000E+0	1,5272E+0	1,5286E+0	-603,2870E-9
149,3084E+0	602,8637E-9	3,0000E+0	1,5274E+0	1,5282E+0	-596,8515E-9
149,8211E+0	602,1061E-9	3,0000E+0	1,5270E+0	1,5275E+0	-603,5814E-9
150,3338E+0	601,2644E-9	3,0000E+0	1,5261E+0	1,5269E+0	-604,5489E-9
150,8465E+0	603,9158E-9	3,0000E+0	1,5257E+0	1,5263E+0	-598,7443E-9
151,3592E+0	604,0842E-9	3,0000E+0	1,5252E+0	1,5258E+0	-603,5814E-9
151,8719E+0	603,7475E-9	3,0000E+0	1,5243E+0	1,5251E+0	-604,8854E-9
152,3846E+0	604,7575E-9	3,0000E+0	1,5237E+0	1,5245E+0	-600,9315E-9
152,8973E+0	603,8316E-9	3,0000E+0	1,5234E+0	1,5237E+0	-606,8623E-9
153,4100E+0	605,0942E-9	3,0000E+0	1,5222E+0	1,5236E+0	-605,4322E-9
153,9227E+0	606,1463E-9	3,0000E+0	1,5223E+0	1,5229E+0	-601,1418E-9
154,4354E+0	603,9579E-9	3,0000E+0	1,5214E+0	1,5223E+0	-609,2178E-9
154,9481E+0	605,7255E-9	3,0000E+0	1,5210E+0	1,5218E+0	-603,6655E-9
155,4608E+0	605,6834E-9	3,0000E+0	1,5200E+0	1,5209E+0	-605,3481E-9
155,9735E+0	605,9359E-9	3,0000E+0	1,5196E+0	1,5206E+0	-606,9464E-9
156,4862E+0	605,5151E-9	3,0000E+0	1,5186E+0	1,5198E+0	-603,0346E-9
156,9989E+0	605,8518E-9	3,0000E+0	1,5181E+0	1,5187E+0	-603,6235E-9
157,5116E+0	603,4529E-9	3,0000E+0	1,5179E+0	1,5183E+0	-608,1663E-9
158,0243E+0	604,3787E-9	3,0000E+0	1,5172E+0	1,5179E+0	-601,9410E-9
158,5370E+0	602,2744E-9	3,0000E+0	1,5164E+0	1,5168E+0	-605,1798E-9
159,0497E+0	601,1803E-9	3,0000E+0	1,5158E+0	1,5166E+0	-604,6751E-9
159,5624E+0	602,1903E-9	3,0000E+0	1,5149E+0	1,5158E+0	-597,6506E-9
160,0750E+0	600,1702E-9	3,0000E+0	1,5137E+0	1,5150E+0	-602,1513E-9
160,5877E+0	598,9918E-9	3,0000E+0	1,5135E+0	1,5139E+0	-599,7538E-9
161,1004E+0	598,3605E-9	3,0000E+0	1,5131E+0	1,5136E+0	-595,7999E-9
161,6131E+0	595,7091E-9	3,0000E+0	1,5119E+0	1,5125E+0	-597,6927E-9
162,1258E+0	593,6891E-9	3,0000E+0	1,5116E+0	1,5120E+0	-595,7999E-9
162,6385E+0	593,0578E-9	3,0000E+0	1,5107E+0	1,5115E+0	-593,4023E-9
163,1512E+0	591,5427E-9	3,0000E+0	1,5103E+0	1,5109E+0	-594,7063E-9
163,6639E+0	591,5848E-9	3,0000E+0	1,5093E+0	1,5099E+0	-587,3033E-9
164,1766E+0	588,5547E-9	3,0000E+0	1,5087E+0	1,5092E+0	-590,9206E-9
164,6892E+0	587,8813E-9	3,0000E+0	1,5079E+0	1,5087E+0	-592,1405E-9
165,2019E+0	588,0497E-9	3,0000E+0	1,5070E+0	1,5079E+0	-585,8311E-9
165,7146E+0	587,6709E-9	3,0000E+0	1,5062E+0	1,5072E+0	-585,2843E-9
166,2274E+0	586,9134E-9	3,0000E+0	1,5061E+0	1,5066E+0	-589,1961E-9
166,7401E+0	587,5025E-9	3,0000E+0	1,5048E+0	1,5057E+0	-581,7090E-9
167,2527E+0	585,1879E-9	3,0000E+0	1,5043E+0	1,5051E+0	-588,7334E-9
167,7654E+0	585,1037E-9	3,0000E+0	1,5036E+0	1,5041E+0	-589,7429E-9
168,2781E+0	586,9134E-9	3,0000E+0	1,5027E+0	1,5034E+0	-581,2042E-9
168,7908E+0	585,4825E-9	3,0000E+0	1,5022E+0	1,5030E+0	-589,5325E-9
169,3035E+0	585,6087E-9	3,0000E+0	1,5016E+0	1,5022E+0	-588,3128E-9
169,8162E+0	585,7771E-9	3,0000E+0	1,5004E+0	1,5011E+0	-581,8772E-9
170,3289E+0	585,0616E-9	3,0000E+0	1,4991E+0	1,5006E+0	-584,9898E-9
170,8416E+0	584,3041E-9	3,0000E+0	1,4991E+0	1,4997E+0	-582,2558E-9
171,3542E+0	583,3361E-9	3,0000E+0	1,4983E+0	1,4992E+0	-580,5733E-9
171,8669E+0	581,6527E-9	3,0000E+0	1,4970E+0	1,4980E+0	-583,3073E-9
172,3796E+0	580,5585E-9	3,0000E+0	1,4971E+0	1,4975E+0	-582,3820E-9
172,8923E+0	581,2739E-9	3,0000E+0	1,4957E+0	1,4967E+0	-576,7035E-9
173,4050E+0	580,0956E-9	3,0000E+0	1,4951E+0	1,4959E+0	-581,9613E-9
173,9177E+0	579,4222E-9	3,0000E+0	1,4942E+0	1,4953E+0	-579,4376E-9
174,4304E+0	580,1376E-9	3,0000E+0	1,4934E+0	1,4944E+0	-577,1662E-9
174,9431E+0	579,5905E-9	3,0000E+0	1,4929E+0	1,4937E+0	-579,8162E-9
175,4558E+0	579,4643E-9	3,0000E+0	1,4920E+0	1,4930E+0	-575,9464E-9
175,9685E+0	579,5064E-9	3,0000E+0	1,4913E+0	1,4922E+0	-575,6941E-9
176,4812E+0	579,3380E-9	3,0000E+0	1,4908E+0	1,4913E+0	-578,2599E-9
176,9939E+0	579,3380E-9	3,0000E+0	1,4896E+0	1,4904E+0	-574,8948E-9
177,5066E+0	578,9593E-9	3,0000E+0	1,4890E+0	1,4898E+0	-576,6194E-9
178,0193E+0	578,5384E-9	3,0000E+0	1,4884E+0	1,4891E+0	-578,7226E-9
178,5320E+0	578,9171E-9	3,0000E+0	1,4878E+0	1,4883E+0	-576,2408E-9
179,0447E+0	577,7808E-9	3,0000E+0	1,4868E+0	1,4876E+0	-581,2884E-9
179,5574E+0	578,8751E-9	3,0000E+0	1,4854E+0	1,4867E+0	-578,0916E-9
180,0701E+0	578,1175E-9	3,0000E+0	1,4853E+0	1,4861E+0	-577,5448E-9
180,5828E+0	578,5805E-9	3,0000E+0	1,4845E+0	1,4852E+0	-577,6710E-9
181,0955E+0	577,9071E-9	3,0000E+0	1,4839E+0	1,4846E+0	-579,0590E-9
181,6082E+0	579,1276E-9	3,0000E+0	1,4828E+0	1,4833E+0	-573,5488E-9
182,1209E+0	578,0333E-9	3,0000E+0	1,4822E+0	1,4829E+0	-578,5964E-9
182,6336E+0	577,4442E-9	3,0000E+0	1,4812E+0	1,4819E+0	-578,9329E-9
183,1462E+0	577,9913E-9	3,0000E+0	1,4803E+0	1,4808E+0	-574,5163E-9
183,6590E+0	577,3179E-9	3,0000E+0	1,4800E+0	1,4804E+0	-580,9939E-9
184,1717E+0	578,3280E-9	3,0000E+0	1,4790E+0	1,4796E+0	-574,9369E-9
184,6844E+0	577,1917E-9	3,0000E+0	1,4779E+0	1,4790E+0	-576,1147E-9
185,1971E+0	577,0233E-9	3,0000E+0	1,4771E+0	1,4781E+0	-580,7415E-9
185,7097E+0	578,5805E-9	3,0000E+0	1,4764E+0	1,4772E+0	-575,3996E-9
186,2225E+0	577,1075E-9	3,0000E+0	1,4759E+0	1,4764E+0	-578,5543E-9
186,7352E+0	576,6025E-9	3,0000E+0	1,4742E+0	1,4754E+0	-579,8162E-9
187,2478E+0	577,4021E-9	3,0000E+0	1,4740E+0	1,4745E+0	-575,2734E-9
187,7605E+0	576,6445E-9	3,0000E+0	1,4726E+0	1,4739E+0	-576,4091E-9
188,2732E+0	577,6967E-9	3,0000E+0	1,4724E+0	1,4731E+0	-576,3250E-9
188,7859E+0	577,0233E-9	3,0000E+0	1,4721E+0	1,4724E+0	-574,2219E-9
189,2986E+0	576,3500E-9	3,0000E+0	1,4707E+0	1,4715E+0	-575,4837E-9
189,8113E+0	575,5924E-9	3,0000E+0	1,4699E+0	1,4705E+0	-576,8718E-9
190,3240E+0	575,3399E-9	3,0000E+0	1,4690E+0	1,4698E+0	-575,3996E-9
190,8367E+0	574,8349E-9	3,0000E+0	1,4685E+0	1,4693E+0	-578,6805E-9
191,3494E+0	575,5924E-9	3,0000E+0	1,4673E+0	1,4685E+0	-577,1242E-9
191,8621E+0	575,3820E-9	3,0000E+0	1,4668E+0	1,4675E+0	-575,6099E-9
192,3748E+0	575,5082E-9	3,0000E+0	1,4659E+0	1,4665E+0	-577,5448E-9
192,8874E+0	576,0132E-9	3,0000E+0	1,4651E+0	1,4655E+0	-573,0441E-9
193,4001E+0	574,7086E-9	3,0000E+0	1,4643E+0	1,4651E+0	-575,1052E-9
193,9128E+0	574,2457E-9	3,0000E+0	1,4636E+0	1,4644E+0	-579,1011E-9
194,4255E+0	574,5403E-9	3,0000E+0	1,4626E+0	1,4633E+0	-573,4647E-9
194,9382E+0	575,2978E-9	3,0000E+0	1,4618E+0	1,4625E+0	-572,6235E-9
195,4509E+0	574,2457E-9	3,0000E+0	1,4603E+0	1,4615E+0	-574,3901E-9
195,9636E+0	573,8669E-9	3,0000E+0	1,4597E+0	1,4613E+0	-574,7266E-9
196,4763E+0	574,7928E-9	3,0000E+0	1,4593E+0	1,4599E+0	-571,0672E-9
196,9890E+0	574,0353E-9	3,0000E+0	1,4587E+0	1,4595E+0	-575,1893E-9
197,5016E+0	574,3719E-9	3,0000E+0	1,4577E+0	1,4583E+0	-569,4268E-9
198,0143E+0	573,9090E-9	3,0000E+0	1,4563E+0	1,4575E+0	-572,2029E-9
198,5270E+0	572,8568E-9	3,0000E+0	1,4558E+0	1,4565E+0	-573,5488E-9
199,0397E+0	573,7828E-9	3,0000E+0	1,4553E+0	1,4560E+0	-570,5203E-9
199,5524E+0	572,0152E-9	3,0000E+0	1,4546E+0	1,4552E+0	-575,0211E-9
200,0651E+0	571,7206E-9	3,0000E+0	1,4538E+0	1,4546E+0	-576,6615E-9
200,5778E+0	572,9410E-9	3,0000E+0	1,4527E+0	1,4536E+0	-571,2775E-9
201,0905E+0	572,7306E-9	3,0000E+0	1,4519E+0	1,4526E+0	-572,0767E-9
201,6032E+0	572,5202E-9	3,0000E+0	1,4510E+0	1,4515E+0	-570,3101E-9
202,1159E+0	572,9410E-9	3,0000E+0	1,4499E+0	1,4509E+0	-567,8284E-9
202,6285E+0	570,8368E-9	3,0000E+0	1,4498E+0	1,4502E+0	-575,3575E-9
203,1412E+0	571,2997E-9	3,0000E+0	1,4486E+0	1,4494E+0	-571,9084E-9
203,6539E+0	571,5522E-9	3,0000E+0	1,4477E+0	1,4484E+0	-571,0251E-9
204,1666E+0	571,3839E-9	3,0000E+0	1,4469E+0	1,4475E+0	-572,7497E-9
204,6793E+0	571,9731E-9	3,0000E+0	1,4462E+0	1,4466E+0	-568,6276E-9
205,1920E+0	571,0472E-9	3,0000E+0	1,4450E+0	1,4459E+0	-570,8569E-9
205,7046E+0	570,0792E-9	3,0000E+0	1,4442E+0	1,4451E+0	-574,8948E-9
206,2173E+0	571,2577E-9	3,0000E+0	1,4437E+0	1,4441E+0	-571,3616E-9
206,7300E+0	572,4360E-9	3,0000E+0	1,4427E+0	1,4434E+0	-570,0577E-9
207,2427E+0	571,0472E-9	3,0000E+0	1,4417E+0	1,4429E+0	-574,8948E-9
207,7554E+0	571,2577E-9	3,0000E+0	1,4407E+0	1,4416E+0	-570,2260E-9
208,2680E+0	571,4260E-9	3,0000E+0	1,4397E+0	1,4405E+0	-571,8243E-9
208,7807E+0	571,3418E-9	3,0000E+0	1,4392E+0	1,4400E+0	-570,2680E-9
209,2934E+0	571,3418E-9	3,0000E+0	1,4387E+0	1,4394E+0	-569,5950E-9
209,8061E+0	569,6163E-9	3,0000E+0	1,4382E+0	1,4384E+0	-574,2639E-9
210,3188E+0	570,7526E-9	3,0000E+0	1,4359E+0	1,4373E+0	-569,2165E-9
210,8315E+0	571,0472E-9	3,0000E+0	1,4360E+0	1,4369E+0	-570,8569E-9
211,3441E+0	571,2577E-9	3,0000E+0	1,4349E+0	1,4354E+0	-571,1934E-9
211,8568E+0	571,8047E-9	3,0000E+0	1,4336E+0	1,4346E+0	-570,0998E-9
212,3695E+0	571,0472E-9	3,0000E+0	1,4331E+0	1,4339E+0	-570,9410E-9
212,8822E+0	570,8789E-9	3,0000E+0	1,4326E+0	1,4334E+0	-576,2829E-9
213,3949E+0	571,7627E-9	3,0000E+0	1,4311E+0	1,4324E+0	-572,4973E-9
213,9075E+0	572,8148E-9	3,0000E+0	1,4307E+0	1,4316E+0	-572,0767E-9
214,4202E+0	572,3939E-9	3,0000E+0	1,4291E+0	1,4305E+0	-574,5163E-9
214,9329E+0	572,9831E-9	3,0000E+0	1,4285E+0	1,4297E+0	-573,0021E-9
215,4456E+0	572,8568E-9	3,0000E+0	1,4280E+0	1,4293E+0	-574,5163E-9
215,9583E+0	573,0252E-9	3,0000E+0	1,4272E+0	1,4280E+0	-575,1052E-9
216,4710E+0	574,2457E-9	3,0000E+0	1,4266E+0	1,4273E+0	-573,2124E-9
216,9836E+0	575,1716E-9	3,0000E+0	1,4254E+0	1,4264E+0	-573,6330E-9
217,4964E+0	574,1194E-9	3,0000E+0	1,4248E+0	1,4258E+0	-578,8067E-9
218,0091E+0	575,3399E-9	3,0000E+0	1,4242E+0	1,4247E+0	-574,7686E-9
218,5217E+0	574,3299E-9	3,0000E+0	1,4230E+0	1,4238E+0	-577,9233E-9
219,0344E+0	573,9511E-9	3,0000E+0	1,4220E+0	1,4228E+0	-576,4512E-9
219,5471E+0	574,3299E-9	3,0000E+0	1,4209E+0	1,4218E+0	-572,5394E-9
220,0598E+0	573,9511E-9	3,0000E+0	1,4206E+0	1,4215E+0	-574,8528E-9
220,5725E+0	574,2457E-9	3,0000E+0	1,4197E+0	1,4203E+0	-572,9600E-9
221,0851E+0	574,7086E-9	3,0000E+0	1,4185E+0	1,4195E+0	-570,0998E-9
221,5978E+0	573,3198E-9	3,0000E+0	1,4178E+0	1,4184E+0	-573,2124E-9
222,1105E+0	572,8990E-9	3,0000E+0	1,4173E+0	1,4178E+0	-574,6425E-9
222,6232E+0	573,9932E-9	3,0000E+0	1,4160E+0	1,4172E+0	-570,4783E-9
223,1359E+0	572,2677E-9	3,0000E+0	1,4156E+0	1,4161E+0	-576,3250E-9
223,6486E+0	573,7407E-9	3,0000E+0	1,4143E+0	1,4150E+0	-570,5624E-9
224,1613E+0	573,8248E-9	3,0000E+0	1,4136E+0	1,4143E+0	-570,9410E-9
224,6739E+0	572,2677E-9	3,0000E+0	1,4127E+0	1,4133E+0	-574,3060E-9
225,1866E+0	573,4882E-9	3,0000E+0	1,4119E+0	1,4124E+0	-571,8663E-9
225,6993E+0	573,9511E-9	3,0000E+0	1,4107E+0	1,4111E+0	-569,7632E-9
226,2120E+0	573,2356E-9	3,0000E+0	1,4102E+0	1,4111E+0	-575,3155E-9
226,7247E+0	574,0774E-9	3,0000E+0	1,4087E+0	1,4102E+0	-571,6140E-9
227,2374E+0	574,6666E-9	3,0000E+0	1,4084E+0	1,4092E+0	-570,7727E-9
227,7501E+0	572,9831E-9	3,0000E+0	1,4075E+0	1,4081E+0	-575,1052E-9
228,2628E+0	574,4141E-9	3,0000E+0	1,4060E+0	1,4076E+0	-573,0021E-9
228,7755E+0	574,7928E-9	3,0000E+0	1,4059E+0	1,4066E+0	-570,7307E-9
229,2882E+0	574,0774E-9	3,0000E+0	1,4049E+0	1,4057E+0	-574,0536E-9
229,8009E+0	574,6666E-9	3,0000E+0	1,4042E+0	1,4050E+0	-570,8148E-9
230,3136E+0	573,4882E-9	3,0000E+0	1,4032E+0	1,4039E+0	-575,2314E-9
230,8263E+0	573,7828E-9	3,0000E+0	1,4020E+0	1,4032E+0	-576,9980E-9
231,3390E+0	573,6144E-9	3,0000E+0	1,4013E+0	1,4022E+0	-572,6235E-9
231,8517E+0	574,5824E-9	3,0000E+0	1,4004E+0	1,4013E+0	-571,3196E-9
232,3644E+0	572,9831E-9	3,0000E+0	1,3981E+0	1,3994E+0	-579,3114E-9
232,8771E+0	575,2557E-9	3,0000E+0	1,3959E+0	1,3966E+0	-574,2219E-9
233,3898E+0	576,1395E-9	3,0000E+0	1,3928E+0	1,3938E+0	-574,1798E-9
233,9024E+0	576,3079E-9	3,0000E+0	1,3910E+0	1,3916E+0	-578,6805E-9
234,4151E+0	577,0233E-9	3,0000E+0	1,3880E+0	1,3891E+0	-577,0401E-9
234,9278E+0	577,4863E-9	3,0000E+0	1,3855E+0	1,3867E+0	-580,6574E-9
235,4405E+0	579,3801E-9	3,0000E+0	1,3833E+0	1,3840E+0	-577,8813E-9
235,9531E+0	579,3801E-9	3,0000E+0	1,3808E+0	1,3816E+0	-577,7551E-9
236,4658E+0	579,9693E-9	3,0000E+0	1,3782E+0	1,3791E+0	-579,7320E-9
236,9785E+0	581,3581E-9	3,0000E+0	1,3756E+0	1,3767E+0	-580,4891E-9
237,4912E+0	581,9473E-9	3,0000E+0	1,3732E+0	1,3745E+0	-579,4797E-9
238,0038E+0	583,5465E-9	3,0000E+0	1,3712E+0	1,3720E+0	-581,7931E-9
238,5166E+0	582,9153E-9	3,0000E+0	1,3692E+0	1,3694E+0	-583,3073E-9
239,0292E+0	585,3141E-9	3,0000E+0	1,3664E+0	1,3672E+0	-579,1431E-9
239,5419E+0	584,5145E-9	3,0000E+0	1,3639E+0	1,3650E+0	-586,2096E-9
240,0546E+0	584,6828E-9	3,0000E+0	1,3620E+0	1,3628E+0	-588,7754E-9
240,5673E+0	586,7450E-9	3,0000E+0	1,3592E+0	1,3605E+0	-585,4525E-9
241,0800E+0	585,9033E-9	3,0000E+0	1,3574E+0	1,3578E+0	-590,1636E-9
241,5926E+0	587,5867E-9	3,0000E+0	1,3550E+0	1,3560E+0	-588,2287E-9
242,1053E+0	589,3543E-9	3,0000E+0	1,3529E+0	1,3532E+0	-583,1811E-9
242,6180E+0	588,3443E-9	3,0000E+0	1,3507E+0	1,3512E+0	-593,7388E-9
243,1306E+0	590,2381E-9	3,0000E+0	1,3485E+0	1,3488E+0	-591,8460E-9
243,6433E+0	591,4586E-9	3,0000E+0	1,3455E+0	1,3465E+0	-589,1961E-9
244,1559E+0	591,8794E-9	3,0000E+0	1,3435E+0	1,3440E+0	-591,5936E-9
244,6686E+0	592,3002E-9	3,0000E+0	1,3413E+0	1,3417E+0	-590,3738E-9
245,1813E+0	593,5207E-9	3,0000E+0	1,3386E+0	1,3389E+0	-589,1540E-9
245,6939E+0	592,9736E-9	3,0000E+0	1,3369E+0	1,3376E+0	-593,4864E-9
246,2066E+0	594,1941E-9	3,0000E+0	1,3361E+0	1,3368E+0	-594,0333E-9
246,7193E+0	594,4466E-9	3,0000E+0	1,3343E+0	1,3357E+0	-593,9492E-9
247,2320E+0	594,6150E-9	3,0000E+0	1,3336E+0	1,3344E+0	-596,0522E-9
247,7447E+0	595,4566E-9	3,0000E+0	1,3324E+0	1,3332E+0	-593,1079E-9
248,2574E+0	596,0038E-9	3,0000E+0	1,3307E+0	1,3319E+0	-594,0333E-9
248,7701E+0	595,3725E-9	3,0000E+0	1,3299E+0	1,3308E+0	-599,7958E-9
249,2828E+0	595,9617E-9	3,0000E+0	1,3288E+0	1,3293E+0	-596,7673E-9
249,7955E+0	596,6351E-9	3,0000E+0	1,3274E+0	1,3278E+0	-597,1459E-9
250,3082E+0	597,0559E-9	3,0000E+0	1,3262E+0	1,3270E+0	-598,1133E-9
250,8208E+0	597,2664E-9	3,0000E+0	1,3249E+0	1,3255E+0	-595,0428E-9
251,3335E+0	596,0879E-9	3,0000E+0	1,3233E+0	1,3246E+0	-598,8284E-9
251,8462E+0	596,2563E-9	3,0000E+0	1,3223E+0	1,3233E+0	-599,3752E-9
252,3589E+0	597,8134E-9	3,0000E+0	1,3203E+0	1,3220E+0	-594,9166E-9
252,8716E+0	596,7192E-9	3,0000E+0	1,3200E+0	1,3207E+0	-599,6276E-9
253,3842E+0	598,0239E-9	3,0000E+0	1,3187E+0	1,3197E+0	-596,6832E-9
253,8969E+0	598,6130E-9	3,0000E+0	1,3175E+0	1,3183E+0	-593,3603E-9
254,4096E+0	597,8134E-9	3,0000E+0	1,3163E+0	1,3169E+0	-598,6602E-9
254,9223E+0	597,8555E-9	3,0000E+0	1,3149E+0	1,3157E+0	-599,7538E-9
255,4350E+0	598,5289E-9	3,0000E+0	1,3138E+0	1,3145E+0	-594,8745E-9
255,9477E+0	598,7814E-9	3,0000E+0	1,3129E+0	1,3135E+0	-600,8894E-9
256,4604E+0	599,6652E-9	3,0000E+0	1,3114E+0	1,3120E+0	-598,0712E-9
256,9731E+0	599,4547E-9	3,0000E+0	1,3101E+0	1,3111E+0	-597,8609E-9
257,4859E+0	600,0019E-9	3,0000E+0	1,3093E+0	1,3097E+0	-600,5529E-9
257,9985E+0	599,1602E-9	3,0000E+0	1,3082E+0	1,3088E+0	-601,3100E-9
258,5112E+0	601,0961E-9	3,0000E+0	1,3069E+0	1,3074E+0	-598,1133E-9
259,0239E+0	600,2544E-9	3,0000E+0	1,3055E+0	1,3065E+0	-600,8894E-9
259,5366E+0	601,7274E-9	3,0000E+0	1,3038E+0	1,3052E+0	-599,7538E-9
260,0493E+0	602,1482E-9	3,0000E+0	1,3028E+0	1,3041E+0	-598,7022E-9
260,5620E+0	601,4328E-9	3,0000E+0	1,3017E+0	1,3026E+0	-603,4973E-9
261,0747E+0	602,5691E-9	3,0000E+0	1,3010E+0	1,3017E+0	-600,3426E-9
261,5874E+0	602,4849E-9	3,0000E+0	1,2992E+0	1,3004E+0	-598,8704E-9
262,1001E+0	602,1903E-9	3,0000E+0	1,2988E+0	1,2995E+0	-602,5720E-9
262,6128E+0	603,2004E-9	3,0000E+0	1,2975E+0	1,2987E+0	-602,1513E-9
263,1255E+0	603,1583E-9	3,0000E+0	1,2965E+0	1,2973E+0	-602,1934E-9
263,6382E+0	601,9378E-9	3,0000E+0	1,2952E+0	1,2963E+0	-608,2504E-9
264,1508E+0	604,0842E-9	3,0000E+0	1,2940E+0	1,2946E+0	-601,9410E-9
264,6635E+0	604,4208E-9	3,0000E+0	1,2926E+0	1,2935E+0	-600,6791E-9
265,1762E+0	604,4629E-9	3,0000E+0	1,2916E+0	1,2925E+0	-604,7171E-9
265,6889E+0	605,1783E-9	3,0000E+0	1,2906E+0	1,2914E+0	-602,1513E-9
266,2016E+0	605,1783E-9	3,0000E+0	1,2893E+0	1,2902E+0	-605,0536E-9
266,7143E+0	604,9258E-9	3,0000E+0	1,2885E+0	1,2888E+0	-609,3019E-9
267,2270E+0	606,7355E-9	3,0000E+0	1,2872E+0	1,2881E+0	-603,9179E-9
267,7397E+0	608,6715E-9	3,0000E+0	1,2861E+0	1,2871E+0	-605,0536E-9
268,2524E+0	607,9139E-9	3,0000E+0	1,2848E+0	1,2858E+0	-611,7415E-9
268,7651E+0	608,7556E-9	3,0000E+0	1,2838E+0	1,2851E+0	-607,4091E-9
269,2778E+0	609,6815E-9	3,0000E+0	1,2831E+0	1,2835E+0	-607,1567E-9
269,7905E+0	608,9660E-9	3,0000E+0	1,2818E+0	1,2822E+0	-611,7415E-9
270,3032E+0	610,0182E-9	3,0000E+0	1,2805E+0	1,2813E+0	-606,1893E-9
270,8159E+0	609,1765E-9	3,0000E+0	1,2795E+0	1,2801E+0	-609,8066E-9
271,3286E+0	610,0182E-9	3,0000E+0	1,2782E+0	1,2787E+0	-612,6248E-9
271,8412E+0	610,8598E-9	3,0000E+0	1,2774E+0	1,2781E+0	-609,7225E-9
272,3539E+0	610,7336E-9	3,0000E+0	1,2764E+0	1,2772E+0	-612,8772E-9
272,8666E+0	610,3128E-9	3,0000E+0	1,2753E+0	1,2759E+0	-615,2748E-9
273,3793E+0	612,6696E-9	3,0000E+0	1,2740E+0	1,2750E+0	-607,6194E-9
273,8920E+0	612,1224E-9	3,0000E+0	1,2721E+0	1,2732E+0	-610,8162E-9
274,4047E+0	610,9440E-9	3,0000E+0	1,2720E+0	1,2724E+0	-614,8121E-9
274,9174E+0	612,6274E-9	3,0000E+0	1,2710E+0	1,2713E+0	-610,0590E-9
275,4301E+0	612,5433E-9	3,0000E+0	1,2697E+0	1,2705E+0	-615,8216E-9
275,9428E+0	613,3008E-9	3,0000E+0	1,2687E+0	1,2694E+0	-614,8962E-9
276,4555E+0	613,4271E-9	3,0000E+0	1,2674E+0	1,2681E+0	-613,0875E-9
276,9682E+0	612,7958E-9	3,0000E+0	1,2662E+0	1,2670E+0	-616,0739E-9
277,4809E+0	614,0583E-9	3,0000E+0	1,2654E+0	1,2657E+0	-612,4986E-9
277,9936E+0	613,8900E-9	3,0000E+0	1,2639E+0	1,2650E+0	-608,9234E-9
278,5063E+0	612,3329E-9	3,0000E+0	1,2633E+0	1,2640E+0	-615,1906E-9
279,0190E+0	613,1325E-9	3,0000E+0	1,2620E+0	1,2626E+0	-614,9803E-9
279,5316E+0	614,5213E-9	3,0000E+0	1,2608E+0	1,2616E+0	-609,5122E-9
280,0444E+0	614,4371E-9	3,0000E+0	1,2596E+0	1,2602E+0	-612,9613E-9
280,5571E+0	614,0162E-9	3,0000E+0	1,2582E+0	1,2595E+0	-613,9708E-9
281,0698E+0	614,2267E-9	3,0000E+0	1,2569E+0	1,2584E+0	-610,6900E-9
281,5825E+0	614,9000E-9	3,0000E+0	1,2566E+0	1,2571E+0	-614,6018E-9
282,0952E+0	613,6375E-9	3,0000E+0	1,2555E+0	1,2565E+0	-618,1350E-9
282,6079E+0	616,8360E-9	3,0000E+0	1,2541E+0	1,2552E+0	-614,4335E-9
283,1206E+0	617,6356E-9	3,0000E+0	1,2537E+0	1,2541E+0	-621,4580E-9
283,6333E+0	618,6877E-9	3,0000E+0	1,2524E+0	1,2529E+0	-620,7849E-9
284,1460E+0	622,2650E-9	3,0000E+0	1,2512E+0	1,2519E+0	-617,7144E-9
284,6587E+0	621,9704E-9	3,0000E+0	1,2501E+0	1,2511E+0	-627,4308E-9
285,1714E+0	624,7901E-9	3,0000E+0	1,2493E+0	1,2501E+0	-626,5896E-9
285,6841E+0	626,9365E-9	3,0000E+0	1,2483E+0	1,2491E+0	-624,2341E-9
286,1968E+0	626,0527E-9	3,0000E+0	1,2472E+0	1,2480E+0	-628,5244E-9
286,7095E+0	627,9044E-9	3,0000E+0	1,2462E+0	1,2468E+0	-624,1920E-9
287,2222E+0	626,5998E-9	3,0000E+0	1,2451E+0	1,2456E+0	-627,3046E-9
287,7349E+0	627,1048E-9	3,0000E+0	1,2443E+0	1,2451E+0	-632,9410E-9
288,2476E+0	628,2411E-9	3,0000E+0	1,2426E+0	1,2439E+0	-628,8610E-9
288,7603E+0	627,3573E-9	3,0000E+0	1,2421E+0	1,2428E+0	-627,8094E-9
289,2729E+0	627,3573E-9	3,0000E+0	1,2413E+0	1,2417E+0	-629,9546E-9
289,7857E+0	628,4515E-9	3,0000E+0	1,2399E+0	1,2409E+0	-625,8745E-9
290,2984E+0	629,1249E-9	3,0000E+0	1,2387E+0	1,2394E+0	-627,8094E-9
290,8111E+0	628,8303E-9	3,0000E+0	1,2377E+0	1,2384E+0	-629,5760E-9
291,3238E+0	630,1349E-9	3,0000E+0	1,2370E+0	1,2375E+0	-627,2626E-9
291,8365E+0	630,1770E-9	3,0000E+0	1,2360E+0	1,2367E+0	-629,2815E-9
292,3492E+0	629,7983E-9	3,0000E+0	1,2344E+0	1,2355E+0	-632,3942E-9
292,8619E+0	630,3454E-9	3,0000E+0	1,2338E+0	1,2345E+0	-630,2490E-9
293,3746E+0	629,5458E-9	3,0000E+0	1,2330E+0	1,2336E+0	-632,4362E-9
293,8873E+0	628,1990E-9	3,0000E+0	1,2317E+0	1,2326E+0	-632,3942E-9
294,3999E+0	630,2191E-9	3,0000E+0	1,2302E+0	1,2315E+0	-624,8650E-9
294,9127E+0	629,2511E-9	3,0000E+0	1,2300E+0	1,2304E+0	-631,0482E-9
295,4254E+0	629,0408E-9	3,0000E+0	1,2288E+0	1,2294E+0	-629,3236E-9
295,9380E+0	630,2191E-9	3,0000E+0	1,2277E+0	1,2283E+0	-627,9356E-9
296,4508E+0	629,9245E-9	3,0000E+0	1,2265E+0	1,2275E+0	-633,2354E-9
296,9635E+0	631,3975E-9	3,0000E+0	1,2258E+0	1,2265E+0	-630,3331E-9
297,4762E+0	632,2392E-9	3,0000E+0	1,2246E+0	1,2255E+0	-626,9261E-9
297,9889E+0	631,5237E-9	3,0000E+0	1,2235E+0	1,2244E+0	-631,4688E-9
298,5016E+0	631,0187E-9	3,0000E+0	1,2226E+0	1,2234E+0	-629,7022E-9
299,0143E+0	631,4395E-9	3,0000E+0	1,2217E+0	1,2227E+0	-631,2585E-9
299,5270E+0	630,3874E-9	3,0000E+0	1,2203E+0	1,2217E+0	-635,5909E-9
300,0397E+0	631,5237E-9	3,0000E+0	1,2202E+0	1,2205E+0	-633,2354E-9
300,5524E+0	631,5658E-9	3,0000E+0	1,2189E+0	1,2195E+0	-630,1228E-9
301,0651E+0	631,6500E-9	3,0000E+0	1,2178E+0	1,2187E+0	-632,0997E-9
301,5778E+0	631,3554E-9	3,0000E+0	1,2168E+0	1,2178E+0	-630,5855E-9
302,0905E+0	630,7662E-9	3,0000E+0	1,2158E+0	1,2163E+0	-630,2910E-9
302,6032E+0	630,9766E-9	3,0000E+0	1,2141E+0	1,2156E+0	-631,6371E-9
303,1159E+0	631,8183E-9	3,0000E+0	1,2145E+0	1,2148E+0	-630,5855E-9
303,6286E+0	631,6920E-9	3,0000E+0	1,2124E+0	1,2134E+0	-628,0197E-9
304,1413E+0	629,8824E-9	3,0000E+0	1,2121E+0	1,2127E+0	-633,8664E-9
304,6540E+0	630,1349E-9	3,0000E+0	1,2107E+0	1,2115E+0	-628,8610E-9
305,1667E+0	630,8504E-9	3,0000E+0	1,2103E+0	1,2108E+0	-631,3006E-9
305,6794E+0	631,2712E-9	3,0000E+0	1,2085E+0	1,2098E+0	-631,0061E-9
306,1921E+0	632,3233E-9	3,0000E+0	1,2082E+0	1,2089E+0	-627,8094E-9
306,7048E+0	631,0608E-9	3,0000E+0	1,2072E+0	1,2078E+0	-635,1282E-9
307,2175E+0	632,6600E-9	3,0000E+0	1,2058E+0	1,2071E+0	-631,2164E-9
307,7302E+0	633,5018E-9	3,0000E+0	1,2053E+0	1,2061E+0	-628,6086E-9
308,2429E+0	632,8284E-9	3,0000E+0	1,2044E+0	1,2050E+0	-633,9084E-9
308,7556E+0	631,8183E-9	3,0000E+0	1,2036E+0	1,2041E+0	-634,2449E-9
309,2683E+0	633,0809E-9	3,0000E+0	1,2025E+0	1,2033E+0	-632,9830E-9
309,7810E+0	632,1550E-9	3,0000E+0	1,2020E+0	1,2022E+0	-634,6656E-9
310,2938E+0	632,5759E-9	3,0000E+0	1,2005E+0	1,2016E+0	-628,9451E-9
310,8065E+0	632,3233E-9	3,0000E+0	1,1995E+0	1,2005E+0	-630,6275E-9
311,3191E+0	630,0929E-9	3,0000E+0	1,1986E+0	1,1995E+0	-635,3806E-9
311,8318E+0	632,3233E-9	3,0000E+0	1,1977E+0	1,1980E+0	-628,6927E-9
312,3445E+0	633,3334E-9	3,0000E+0	1,1968E+0	1,1977E+0	-628,7348E-9
312,8572E+0	632,3233E-9	3,0000E+0	1,1959E+0	1,1967E+0	-635,5489E-9
313,3699E+0	632,6180E-9	3,0000E+0	1,1953E+0	1,1956E+0	-630,9641E-9
313,8826E+0	633,1651E-9	3,0000E+0	1,1942E+0	1,1947E+0	-630,9641E-9
314,3953E+0	632,5338E-9	3,0000E+0	1,1920E+0	1,1936E+0	-632,4783E-9
314,9080E+0	633,2072E-9	3,0000E+0	1,1919E+0	1,1931E+0	-630,3752E-9
315,4207E+0	632,9547E-9	3,0000E+0	1,1912E+0	1,1921E+0	-635,0441E-9
315,9334E+0	633,1230E-9	3,0000E+0	1,1901E+0	1,1910E+0	-635,9274E-9
316,4461E+0	633,7963E-9	3,0000E+0	1,1894E+0	1,1903E+0	-633,8243E-9
316,9588E+0	633,5018E-9	3,0000E+0	1,1885E+0	1,1893E+0	-636,8528E-9
317,4715E+0	633,9647E-9	3,0000E+0	1,1876E+0	1,1881E+0	-636,9369E-9
317,9842E+0	634,8064E-9	3,0000E+0	1,1866E+0	1,1872E+0	-633,1092E-9
318,4969E+0	635,8586E-9	3,0000E+0	1,1857E+0	1,1863E+0	-635,2544E-9
319,0096E+0	635,8586E-9	3,0000E+0	1,1849E+0	1,1854E+0	-633,6140E-9
319,5222E+0	635,2694E-9	3,0000E+0	1,1841E+0	1,1845E+0	-635,7592E-9
320,0350E+0	635,3114E-9	3,0000E+0	1,1832E+0	1,1841E+0	-639,7131E-9
320,5477E+0	636,8685E-9	3,0000E+0	1,1820E+0	1,1829E+0	-633,3195E-9
321,0604E+0	637,2473E-9	3,0000E+0	1,1813E+0	1,1819E+0	-633,3195E-9
321,5731E+0	635,9848E-9	3,0000E+0	1,1798E+0	1,1812E+0	-639,5448E-9
322,0857E+0	636,8265E-9	3,0000E+0	1,1793E+0	1,1802E+0	-636,3901E-9
322,5984E+0	636,4056E-9	3,0000E+0	1,1788E+0	1,1792E+0	-639,5448E-9
323,1111E+0	637,7524E-9	3,0000E+0	1,1778E+0	1,1785E+0	-639,2503E-9
323,6238E+0	638,9728E-9	3,0000E+0	1,1767E+0	1,1772E+0	-633,1513E-9
324,1365E+0	638,4678E-9	3,0000E+0	1,1758E+0	1,1762E+0	-637,3996E-9
324,6492E+0	639,0149E-9	3,0000E+0	1,1748E+0	1,1756E+0	-636,2639E-9
325,1620E+0	639,7725E-9	3,0000E+0	1,1738E+0	1,1746E+0	-633,6560E-9
325,6746E+0	638,9308E-9	3,0000E+0	1,1728E+0	1,1739E+0	-639,9234E-9
326,1873E+0	638,8045E-9	3,0000E+0	1,1723E+0	1,1731E+0	-638,5353E-9
326,7000E+0	638,5520E-9	3,0000E+0	1,1717E+0	1,1723E+0	-637,3155E-9
327,2127E+0	638,2574E-9	3,0000E+0	1,1707E+0	1,1715E+0	-641,3114E-9
327,7254E+0	638,4678E-9	3,0000E+0	1,1696E+0	1,1705E+0	-637,2734E-9
328,2381E+0	639,6462E-9	3,0000E+0	1,1681E+0	1,1695E+0	-636,4742E-9
328,7508E+0	638,8045E-9	3,0000E+0	1,1680E+0	1,1685E+0	-640,6805E-9
329,2635E+0	639,0991E-9	3,0000E+0	1,1672E+0	1,1680E+0	-639,2083E-9
329,7762E+0	640,0250E-9	3,0000E+0	1,1659E+0	1,1668E+0	-638,9559E-9
330,2889E+0	638,8045E-9	3,0000E+0	1,1652E+0	1,1660E+0	-642,4470E-9
330,8016E+0	640,8667E-9	3,0000E+0	1,1637E+0	1,1650E+0	-635,2965E-9
331,3143E+0	640,3616E-9	3,0000E+0	1,1633E+0	1,1640E+0	-639,6710E-9
331,8270E+0	639,8145E-9	3,0000E+0	1,1628E+0	1,1635E+0	-642,6154E-9
332,3397E+0	640,7825E-9	3,0000E+0	1,1613E+0	1,1625E+0	-639,6710E-9
332,8524E+0	640,1512E-9	3,0000E+0	1,1609E+0	1,1615E+0	-643,9193E-9
333,3651E+0	640,6141E-9	3,0000E+0	1,1597E+0	1,1609E+0	-642,2788E-9
333,8777E+0	641,2454E-9	3,0000E+0	1,1592E+0	1,1598E+0	-639,2083E-9
334,3905E+0	640,2354E-9	3,0000E+0	1,1580E+0	1,1590E+0	-644,7185E-9
334,9031E+0	641,4559E-9	3,0000E+0	1,1577E+0	1,1584E+0	-639,0821E-9
335,4159E+0	642,0030E-9	3,0000E+0	1,1561E+0	1,1572E+0	-637,1893E-9
335,9286E+0	639,9408E-9	3,0000E+0	1,1553E+0	1,1565E+0	-644,1296E-9
336,4413E+0	640,7825E-9	3,0000E+0	1,1548E+0	1,1556E+0	-639,4186E-9
336,9539E+0	641,2876E-9	3,0000E+0	1,1541E+0	1,1547E+0	-639,0821E-9
337,4667E+0	640,0250E-9	3,0000E+0	1,1533E+0	1,1543E+0	-644,8867E-9
337,9794E+0	641,0350E-9	3,0000E+0	1,1522E+0	1,1533E+0	-637,8623E-9
338,4920E+0	640,5721E-9	3,0000E+0	1,1514E+0	1,1524E+0	-639,9234E-9
339,0048E+0	639,9829E-9	3,0000E+0	1,1501E+0	1,1513E+0	-640,9749E-9
339,5175E+0	640,4458E-9	3,0000E+0	1,1499E+0	1,1506E+0	-639,4607E-9
340,0302E+0	640,6562E-9	3,0000E+0	1,1488E+0	1,1492E+0	-639,9654E-9
340,5428E+0	640,4458E-9	3,0000E+0	1,1484E+0	1,1492E+0	-641,6900E-9
341,0555E+0	641,1192E-9	3,0000E+0	1,1471E+0	1,1479E+0	-639,2083E-9
341,5683E+0	641,0771E-9	3,0000E+0	1,1466E+0	1,1471E+0	-640,5122E-9
342,0809E+0	640,4879E-9	3,0000E+0	1,1458E+0	1,1467E+0	-644,4661E-9
342,5936E+0	642,0451E-9	3,0000E+0	1,1447E+0	1,1451E+0	-639,2503E-9
343,1063E+0	641,0350E-9	3,0000E+0	1,1441E+0	1,1447E+0	-645,4756E-9
343,6190E+0	642,5500E-9	3,0000E+0	1,1431E+0	1,1440E+0	-640,5963E-9
344,1317E+0	643,2655E-9	3,0000E+0	1,1427E+0	1,1429E+0	-638,3250E-9
344,6444E+0	642,6342E-9	3,0000E+0	1,1415E+0	1,1422E+0	-644,7185E-9
345,1571E+0	643,0551E-9	3,0000E+0	1,1409E+0	1,1419E+0	-644,0875E-9
345,6698E+0	643,2655E-9	3,0000E+0	1,1400E+0	1,1406E+0	-640,8908E-9
346,1826E+0	642,6342E-9	3,0000E+0	1,1388E+0	1,1395E+0	-644,2558E-9
346,6953E+0	643,0551E-9	3,0000E+0	1,1384E+0	1,1389E+0	-642,8257E-9
347,2079E+0	643,3497E-9	3,0000E+0	1,1367E+0	1,1382E+0	-644,1296E-9
347,7207E+0	644,6965E-9	3,0000E+0	1,1364E+0	1,1370E+0	-644,4240E-9
348,2334E+0	644,3598E-9	3,0000E+0	1,1355E+0	1,1363E+0	-643,5828E-9
348,7461E+0	645,2015E-9	3,0000E+0	1,1347E+0	1,1357E+0	-643,2043E-9
349,2588E+0	646,8007E-9	3,0000E+0	1,1342E+0	1,1348E+0	-644,7185E-9
349,7715E+0	647,3899E-9	3,0000E+0	1,1335E+0	1,1342E+0	-643,1622E-9
350,2841E+0	646,8428E-9	3,0000E+0	1,1327E+0	1,1333E+0	-649,3453E-9
350,7968E+0	647,4741E-9	3,0000E+0	1,1314E+0	1,1322E+0	-647,3684E-9
351,3095E+0	648,9470E-9	3,0000E+0	1,1305E+0	1,1312E+0	-644,3819E-9
351,8222E+0	648,2316E-9	3,0000E+0	1,1300E+0	1,1308E+0	-650,4389E-9
352,3350E+0	648,2737E-9	3,0000E+0	1,1292E+0	1,1298E+0	-649,4295E-9
352,8477E+0	649,1153E-9	3,0000E+0	1,1280E+0	1,1291E+0	-648,4620E-9
353,3604E+0	648,6945E-9	3,0000E+0	1,1276E+0	1,1281E+0	-653,0468E-9
353,8731E+0	649,1153E-9	3,0000E+0	1,1268E+0	1,1273E+0	-651,9532E-9
354,3857E+0	650,4621E-9	3,0000E+0	1,1253E+0	1,1266E+0	-645,9383E-9
354,8984E+0	649,7467E-9	3,0000E+0	1,1253E+0	1,1258E+0	-651,9532E-9
355,4111E+0	650,6725E-9	3,0000E+0	1,1239E+0	1,1249E+0	-649,9762E-9
355,9238E+0	650,7567E-9	3,0000E+0	1,1233E+0	1,1243E+0	-648,9668E-9
356,4365E+0	649,9571E-9	3,0000E+0	1,1224E+0	1,1234E+0	-653,0468E-9
356,9492E+0	651,5563E-9	3,0000E+0	1,1216E+0	1,1224E+0	-647,9993E-9
357,4619E+0	650,8409E-9	3,0000E+0	1,1213E+0	1,1219E+0	-648,8827E-9
357,9746E+0	650,1255E-9	3,0000E+0	1,1200E+0	1,1211E+0	-650,1866E-9
358,4873E+0	649,1575E-9	3,0000E+0	1,1191E+0	1,1204E+0	-647,4525E-9
359,0000E+0	648,4420E-9	3,0000E+0	1,1189E+0	1,1195E+0	-648,7144E-9
359,5127E+0	648,9891E-9	3,0000E+0	1,1182E+0	1,1189E+0	-650,1024E-9
360,0254E+0	648,3579E-9	3,0000E+0	1,1168E+0	1,1178E+0	-648,3359E-9
360,5381E+0	648,4841E-9	3,0000E+0	1,1166E+0	1,1172E+0	-649,1771E-9
361,0508E+0	647,5162E-9	3,0000E+0	1,1160E+0	1,1164E+0	-652,6262E-9
361,5635E+0	649,1153E-9	3,0000E+0	1,1144E+0	1,1156E+0	-645,2232E-9
362,0762E+0	649,7467E-9	3,0000E+0	1,1141E+0	1,1148E+0	-646,7375E-9
362,5889E+0	649,3258E-9	3,0000E+0	1,1131E+0	1,1142E+0	-651,0699E-9
363,1017E+0	650,5884E-9	3,0000E+0	1,1123E+0	1,1130E+0	-645,1391E-9
363,6144E+0	649,9150E-9	3,0000E+0	1,1118E+0	1,1124E+0	-650,8596E-9
364,1271E+0	650,5884E-9	3,0000E+0	1,1107E+0	1,1117E+0	-649,2612E-9
364,6398E+0	650,2517E-9	3,0000E+0	1,1098E+0	1,1107E+0	-649,0509E-9
365,1525E+0	651,4301E-9	3,0000E+0	1,1094E+0	1,1101E+0	-652,0373E-9
365,6652E+0	651,6405E-9	3,0000E+0	1,1083E+0	1,1091E+0	-650,3548E-9
366,1779E+0	651,1776E-9	3,0000E+0	1,1077E+0	1,1085E+0	-651,2381E-9
366,6906E+0	651,7246E-9	3,0000E+0	1,1074E+0	1,1080E+0	-655,1079E-9
367,2033E+0	652,0613E-9	3,0000E+0	1,1057E+0	1,1070E+0	-651,9532E-9
367,7160E+0	652,1455E-9	3,0000E+0	1,1055E+0	1,1062E+0	-652,5842E-9
368,2287E+0	652,9452E-9	3,0000E+0	1,1047E+0	1,1055E+0	-656,6221E-9
368,7414E+0	653,7027E-9	3,0000E+0	1,1039E+0	1,1043E+0	-651,0699E-9
369,2541E+0	653,3660E-9	3,0000E+0	1,1029E+0	1,1037E+0	-651,3222E-9
369,7668E+0	652,6085E-9	3,0000E+0	1,1023E+0	1,1031E+0	-656,7062E-9
370,2795E+0	653,3239E-9	3,0000E+0	1,1018E+0	1,1021E+0	-650,6072E-9
370,7922E+0	654,6285E-9	3,0000E+0	1,1007E+0	1,1014E+0	-651,8270E-9
371,3049E+0	653,2397E-9	3,0000E+0	1,1003E+0	1,1010E+0	-657,7158E-9
371,8176E+0	656,0595E-9	3,0000E+0	1,0994E+0	1,1002E+0	-653,7198E-9
372,3303E+0	655,6807E-9	3,0000E+0	1,0977E+0	1,0992E+0	-657,7999E-9
372,8430E+0	655,4282E-9	3,0000E+0	1,0983E+0	1,0985E+0	-658,8094E-9
373,3557E+0	656,5645E-9	3,0000E+0	1,0972E+0	1,0981E+0	-655,6547E-9
373,8684E+0	655,5545E-9	3,0000E+0	1,0962E+0	1,0970E+0	-660,1975E-9
374,3811E+0	657,1116E-9	3,0000E+0	1,0952E+0	1,0960E+0	-655,4023E-9
374,8938E+0	657,3641E-9	3,0000E+0	1,0950E+0	1,0957E+0	-655,2762E-9
375,4065E+0	657,1116E-9	3,0000E+0	1,0942E+0	1,0947E+0	-659,0618E-9
375,9192E+0	657,8691E-9	3,0000E+0	1,0932E+0	1,0938E+0	-654,3929E-9
376,4319E+0	657,6587E-9	3,0000E+0	1,0927E+0	1,0932E+0	-656,5380E-9
376,9446E+0	658,2058E-9	3,0000E+0	1,0916E+0	1,0926E+0	-658,3467E-9
377,4573E+0	658,5004E-9	3,0000E+0	1,0907E+0	1,0916E+0	-655,1079E-9
377,9700E+0	658,4584E-9	3,0000E+0	1,0899E+0	1,0908E+0	-657,0848E-9
378,4827E+0	657,4062E-9	3,0000E+0	1,0895E+0	1,0903E+0	-662,5108E-9
378,9954E+0	658,6267E-9	3,0000E+0	1,0888E+0	1,0896E+0	-658,4729E-9
379,5081E+0	659,4263E-9	3,0000E+0	1,0875E+0	1,0886E+0	-660,1975E-9
380,0208E+0	658,7950E-9	3,0000E+0	1,0874E+0	1,0881E+0	-663,0156E-9
380,5335E+0	669,8634E-9	3,0000E+0	1,0864E+0	1,0868E+0	-663,7728E-9
381,0462E+0	676,4708E-9	3,0000E+0	1,0856E+0	1,0864E+0	-675,9288E-9
381,5588E+0	682,0682E-9	3,0000E+0	1,0850E+0	1,0855E+0	-680,3874E-9
382,0715E+0	685,1404E-9	3,0000E+0	1,0838E+0	1,0851E+0	-686,1920E-9
382,5842E+0	688,6335E-9	3,0000E+0	1,0836E+0	1,0844E+0	-691,9966E-9
383,0970E+0	690,7798E-9	3,0000E+0	1,0828E+0	1,0835E+0	-691,0713E-9
383,6096E+0	693,8100E-9	3,0000E+0	1,0818E+0	1,0830E+0	-690,6927E-9
384,1224E+0	693,6416E-9	3,0000E+0	1,0812E+0	1,0820E+0	-698,0115E-9
384,6350E+0	696,7980E-9	3,0000E+0	1,0799E+0	1,0811E+0	-694,0577E-9
385,1477E+0	698,2710E-9	3,0000E+0	1,0800E+0	1,0806E+0	-698,0115E-9
385,6604E+0	698,8602E-9	3,0000E+0	1,0791E+0	1,0799E+0	-703,6058E-9
386,1731E+0	700,8803E-9	3,0000E+0	1,0784E+0	1,0791E+0	-698,9370E-9
386,6858E+0	702,1007E-9	3,0000E+0	1,0776E+0	1,0782E+0	-704,0264E-9
387,1985E+0	702,8162E-9	3,0000E+0	1,0770E+0	1,0773E+0	-702,9749E-9
387,7112E+0	701,9324E-9	3,0000E+0	1,0763E+0	1,0769E+0	-701,5869E-9
388,2239E+0	701,3011E-9	3,0000E+0	1,0753E+0	1,0760E+0	-700,3250E-9
388,7366E+0	699,9965E-9	3,0000E+0	1,0746E+0	1,0755E+0	-703,3535E-9
389,2493E+0	701,1749E-9	3,0000E+0	1,0739E+0	1,0746E+0	-695,6140E-9
389,7619E+0	698,7760E-9	3,0000E+0	1,0732E+0	1,0743E+0	-702,5964E-9
390,2746E+0	699,4073E-9	3,0000E+0	1,0726E+0	1,0733E+0	-696,6235E-9
390,7873E+0	698,1868E-9	3,0000E+0	1,0716E+0	1,0726E+0	-697,8854E-9
391,3000E+0	696,7559E-9	3,0000E+0	1,0713E+0	1,0717E+0	-702,0916E-9
391,8127E+0	696,9242E-9	3,0000E+0	1,0701E+0	1,0709E+0	-695,0672E-9
392,3254E+0	696,3771E-9	3,0000E+0	1,0698E+0	1,0705E+0	-697,4647E-9
392,8381E+0	695,7038E-9	3,0000E+0	1,0685E+0	1,0693E+0	-696,3711E-9
393,3508E+0	696,0404E-9	3,0000E+0	1,0677E+0	1,0690E+0	-692,1228E-9
393,8635E+0	694,6096E-9	3,0000E+0	1,0673E+0	1,0683E+0	-692,9220E-9
394,3762E+0	693,1365E-9	3,0000E+0	1,0664E+0	1,0675E+0	-699,7361E-9
394,8889E+0	694,8621E-9	3,0000E+0	1,0660E+0	1,0668E+0	-693,1744E-9
395,4016E+0	695,6196E-9	3,0000E+0	1,0655E+0	1,0659E+0	-694,2680E-9
395,9144E+0	696,8822E-9	3,0000E+0	1,0646E+0	1,0654E+0	-699,0211E-9
396,4270E+0	698,9864E-9	3,0000E+0	1,0640E+0	1,0646E+0	-693,7212E-9
396,9398E+0	698,9864E-9	3,0000E+0	1,0635E+0	1,0639E+0	-699,5679E-9
397,4524E+0	699,0285E-9	3,0000E+0	1,0626E+0	1,0630E+0	-698,0957E-9
397,9651E+0	700,0806E-9	3,0000E+0	1,0614E+0	1,0625E+0	-694,9830E-9
398,4778E+0	699,1968E-9	3,0000E+0	1,0612E+0	1,0618E+0	-701,9654E-9
398,9905E+0	698,6497E-9	3,0000E+0	1,0598E+0	1,0610E+0	-701,1241E-9
399,5033E+0	699,7861E-9	3,0000E+0	1,0596E+0	1,0605E+0	-698,8528E-9
400,0159E+0	699,7019E-9	3,0000E+0	1,0585E+0	1,0592E+0	-699,8623E-9
400,5287E+0	698,9022E-9	3,0000E+0	1,0584E+0	1,0589E+0	-697,3806E-9
401,0414E+0	698,9443E-9	3,0000E+0	1,0574E+0	1,0584E+0	-699,3155E-9
401,5540E+0	698,4814E-9	3,0000E+0	1,0573E+0	1,0576E+0	-701,3766E-9
402,0668E+0	700,8382E-9	3,0000E+0	1,0558E+0	1,0566E+0	-696,8759E-9
402,5794E+0	698,7339E-9	3,0000E+0	1,0546E+0	1,0556E+0	-697,1703E-9
403,0922E+0	696,1246E-9	3,0000E+0	1,0549E+0	1,0555E+0	-701,0401E-9
403,6049E+0	695,6196E-9	3,0000E+0	1,0538E+0	1,0545E+0	-691,9966E-9
404,1176E+0	694,3991E-9	3,0000E+0	1,0531E+0	1,0539E+0	-692,6696E-9
404,6302E+0	695,8721E-9	3,0000E+0	1,0521E+0	1,0532E+0	-697,8433E-9
405,1430E+0	695,7458E-9	3,0000E+0	1,0521E+0	1,0529E+0	-694,3941E-9
405,6556E+0	693,9783E-9	3,0000E+0	1,0510E+0	1,0517E+0	-695,4037E-9
406,1684E+0	692,4211E-9	3,0000E+0	1,0504E+0	1,0514E+0	-696,5394E-9
406,6811E+0	692,2528E-9	3,0000E+0	1,0499E+0	1,0507E+0	-691,5760E-9
407,1938E+0	693,5153E-9	3,0000E+0	1,0485E+0	1,0499E+0	-693,4688E-9
407,7065E+0	692,2528E-9	3,0000E+0	1,0484E+0	1,0493E+0	-690,5245E-9
408,2192E+0	691,8319E-9	3,0000E+0	1,0476E+0	1,0484E+0	-687,8324E-9
408,7319E+0	692,7999E-9	3,0000E+0	1,0471E+0	1,0475E+0	-693,2585E-9
409,2446E+0	692,5474E-9	3,0000E+0	1,0465E+0	1,0473E+0	-691,9545E-9
409,7573E+0	690,5694E-9	3,0000E+0	1,0459E+0	1,0464E+0	-691,6180E-9
410,2700E+0	689,8118E-9	3,0000E+0	1,0448E+0	1,0458E+0	-693,5529E-9
410,7827E+0	690,9061E-9	3,0000E+0	1,0441E+0	1,0452E+0	-686,9912E-9
411,2954E+0	690,1064E-9	3,0000E+0	1,0436E+0	1,0444E+0	-685,9817E-9
411,8081E+0	687,3709E-9	3,0000E+0	1,0429E+0	1,0435E+0	-691,4078E-9
412,3208E+0	687,9601E-9	3,0000E+0	1,0416E+0	1,0430E+0	-683,6262E-9
412,8335E+0	687,1605E-9	3,0000E+0	1,0418E+0	1,0424E+0	-687,4118E-9
413,3461E+0	686,1504E-9	3,0000E+0	1,0409E+0	1,0415E+0	-685,0142E-9
413,8588E+0	684,5091E-9	3,0000E+0	1,0403E+0	1,0412E+0	-682,0279E-9
414,3715E+0	681,6052E-9	3,0000E+0	1,0397E+0	1,0403E+0	-683,3738E-9
414,8842E+0	680,5531E-9	3,0000E+0	1,0386E+0	1,0394E+0	-682,0699E-9
415,3969E+0	680,8477E-9	3,0000E+0	1,0378E+0	1,0388E+0	-678,0740E-9
415,9096E+0	680,5952E-9	3,0000E+0	1,0375E+0	1,0380E+0	-679,4620E-9
416,4223E+0	679,2906E-9	3,0000E+0	1,0365E+0	1,0373E+0	-677,1486E-9
416,9350E+0	678,4488E-9	3,0000E+0	1,0363E+0	1,0368E+0	-672,1853E-9
417,4478E+0	675,7132E-9	3,0000E+0	1,0354E+0	1,0360E+0	-675,8026E-9
417,9604E+0	674,1141E-9	3,0000E+0	1,0343E+0	1,0356E+0	-676,0970E-9
418,4732E+0	680,8477E-9	3,0000E+0	1,0338E+0	1,0347E+0	-678,2002E-9
418,9859E+0	677,4808E-9	3,0000E+0	1,0328E+0	1,0340E+0	-681,4810E-9
419,4986E+0	676,4708E-9	3,0000E+0	1,0328E+0	1,0333E+0	-674,7931E-9
420,0113E+0	674,6611E-9	3,0000E+0	1,0319E+0	1,0325E+0	-671,0495E-9
420,5240E+0	674,3244E-9	3,0000E+0	1,0314E+0	1,0318E+0	-677,9478E-9
421,0366E+0	675,1241E-9	3,0000E+0	1,0302E+0	1,0314E+0	-675,2138E-9
421,5493E+0	675,6291E-9	3,0000E+0	1,0294E+0	1,0308E+0	-675,5923E-9
422,0620E+0	674,2824E-9	3,0000E+0	1,0295E+0	1,0301E+0	-678,6628E-9
422,5747E+0	675,3766E-9	3,0000E+0	1,0282E+0	1,0293E+0	-670,7131E-9
423,0874E+0	683,8778E-9	3,0000E+0	1,0280E+0	1,0287E+0	-683,0793E-9
423,6002E+0	692,0424E-9	3,0000E+0	1,0274E+0	1,0282E+0	-695,2775E-9
424,1129E+0	693,5995E-9	3,0000E+0	1,0268E+0	1,0277E+0	-691,9125E-9
424,6255E+0	692,9261E-9	3,0000E+0	1,0263E+0	1,0268E+0	-696,0767E-9
425,1382E+0	694,4833E-9	3,0000E+0	1,0257E+0	1,0262E+0	-697,1703E-9
425,6510E+0	692,7999E-9	3,0000E+0	1,0253E+0	1,0256E+0	-690,9451E-9
426,1636E+0	691,8740E-9	3,0000E+0	1,0242E+0	1,0248E+0	-696,0346E-9
426,6763E+0	693,5995E-9	3,0000E+0	1,0233E+0	1,0239E+0	-691,1554E-9
427,1891E+0	694,2729E-9	3,0000E+0	1,0229E+0	1,0233E+0	-690,2721E-9
427,7018E+0	691,4952E-9	3,0000E+0	1,0222E+0	1,0229E+0	-696,2870E-9
428,2144E+0	692,1265E-9	3,0000E+0	1,0215E+0	1,0223E+0	-690,5665E-9
428,7271E+0	692,1265E-9	3,0000E+0	1,0204E+0	1,0215E+0	-688,3793E-9
429,2398E+0	689,0543E-9	3,0000E+0	1,0202E+0	1,0208E+0	-692,3331E-9
429,7525E+0	689,4331E-9	3,0000E+0	1,0196E+0	1,0202E+0	-688,2110E-9
430,2652E+0	688,8018E-9	3,0000E+0	1,0185E+0	1,0192E+0	-687,2856E-9
430,7779E+0	688,5072E-9	3,0000E+0	1,0183E+0	1,0191E+0	-689,3046E-9
431,2906E+0	686,4871E-9	3,0000E+0	1,0176E+0	1,0182E+0	-684,9301E-9
431,8033E+0	686,4871E-9	3,0000E+0	1,0169E+0	1,0176E+0	-683,8786E-9
432,3160E+0	684,2986E-9	3,0000E+0	1,0164E+0	1,0169E+0	-688,1269E-9
432,8287E+0	686,4029E-9	3,0000E+0	1,0153E+0	1,0161E+0	-684,0048E-9
433,3414E+0	686,0662E-9	3,0000E+0	1,0146E+0	1,0155E+0	-684,6778E-9
433,8541E+0	685,0562E-9	3,0000E+0	1,0145E+0	1,0152E+0	-687,8745E-9
434,3668E+0	686,9500E-9	3,0000E+0	1,0138E+0	1,0143E+0	-681,9017E-9
434,8795E+0	686,9079E-9	3,0000E+0	1,0134E+0	1,0137E+0	-685,2246E-9
435,3922E+0	684,6353E-9	3,0000E+0	1,0125E+0	1,0132E+0	-687,8324E-9
435,9048E+0	684,9721E-9	3,0000E+0	1,0112E+0	1,0122E+0	-681,6913E-9
436,4175E+0	683,7516E-9	3,0000E+0	1,0112E+0	1,0119E+0	-686,1499E-9
436,9302E+0	682,0261E-9	3,0000E+0	1,0106E+0	1,0112E+0	-683,4159E-9
437,4428E+0	682,3628E-9	3,0000E+0	1,0096E+0	1,0104E+0	-679,0835E-9
437,9556E+0	681,0160E-9	3,0000E+0	1,0094E+0	1,0101E+0	-685,4769E-9
438,4683E+0	681,6473E-9	3,0000E+0	1,0081E+0	1,0091E+0	-678,8311E-9
438,9810E+0	680,5952E-9	3,0000E+0	1,0079E+0	1,0089E+0	-681,3548E-9
439,4937E+0	679,0380E-9	3,0000E+0	1,0075E+0	1,0077E+0	-678,8732E-9
440,0063E+0	679,3747E-9	3,0000E+0	1,0064E+0	1,0071E+0	-678,6208E-9
440,5190E+0	678,5330E-9	3,0000E+0	1,0051E+0	1,0056E+0	-675,0455E-9
441,0317E+0	677,5230E-9	3,0000E+0	1,0038E+0	1,0043E+0	-677,8637E-9
441,5445E+0	679,6272E-9	3,0000E+0	1,0027E+0	1,0034E+0	-677,1907E-9
442,0572E+0	680,3006E-9	3,0000E+0	1,0013E+0	1,0020E+0	-679,8406E-9
442,5699E+0	678,9959E-9	3,0000E+0	1,0001E+0	1,0007E+0	-681,7334E-9
443,0826E+0	679,5009E-9	3,0000E+0	998,6286E-3	999,2329E-3	-674,4566E-9
443,5952E+0	678,4488E-9	3,0000E+0	997,3772E-3	998,3154E-3	-677,6533E-9
444,1079E+0	677,0600E-9	3,0000E+0	996,7932E-3	997,2311E-3	-674,5827E-9
444,6206E+0	676,0500E-9	3,0000E+0	994,7907E-3	996,0635E-3	-669,9559E-9
445,1333E+0	673,6090E-9	3,0000E+0	994,2067E-3	995,3129E-3	-676,6859E-9
445,6460E+0	673,8194E-9	3,0000E+0	992,6215E-3	993,8950E-3	-675,2979E-9
446,1587E+0	676,3445E-9	3,0000E+0	992,3712E-3	992,7274E-3	-674,9193E-9
446,6714E+0	673,9878E-9	3,0000E+0	990,7860E-3	991,7265E-3	-678,4105E-9
447,1841E+0	673,7774E-9	3,0000E+0	989,7014E-3	990,8925E-3	-672,5218E-9
447,6968E+0	671,9256E-9	3,0000E+0	988,5333E-3	989,3913E-3	-668,6940E-9
448,2095E+0	670,5368E-9	3,0000E+0	987,8658E-3	988,3904E-3	-672,1853E-9
448,7222E+0	668,7692E-9	3,0000E+0	986,5308E-3	987,2227E-3	-667,9369E-9
449,2349E+0	668,2642E-9	3,0000E+0	984,9457E-3	986,3052E-3	-666,3386E-9
449,7476E+0	663,2981E-9	3,0000E+0	984,5285E-3	985,1376E-3	-668,4837E-9
450,2603E+0	666,4124E-9	3,0000E+0	983,5273E-3	984,2201E-3	-663,6045E-9
450,7730E+0	665,7390E-9	3,0000E+0	982,5262E-3	983,3861E-3	-669,2829E-9
451,2857E+0	664,5186E-9	3,0000E+0	981,2746E-3	981,9682E-3	-664,6561E-9
451,7984E+0	672,9777E-9	3,0000E+0	980,5237E-3	981,2176E-3	-670,0400E-9
452,3111E+0	671,7993E-9	3,0000E+0	978,9385E-3	979,4661E-3	-672,1011E-9
452,8238E+0	671,7152E-9	3,0000E+0	978,1876E-3	978,9657E-3	-674,0360E-9
453,3364E+0	686,3187E-9	3,0000E+0	977,0195E-3	977,8815E-3	-681,2286E-9
453,8492E+0	686,8238E-9	3,0000E+0	976,2686E-3	977,1308E-3	-689,5149E-9
454,3618E+0	687,9180E-9	3,0000E+0	975,6846E-3	976,0466E-3	-690,4824E-9
454,8745E+0	688,1705E-9	3,0000E+0	974,0160E-3	974,9623E-3	-685,7714E-9
455,3872E+0	685,8558E-9	3,0000E+0	973,1816E-3	973,7113E-3	-688,7158E-9
455,8999E+0	695,6196E-9	3,0000E+0	971,9301E-3	973,0440E-3	-696,0767E-9
456,4126E+0	699,2810E-9	3,0000E+0	971,0959E-3	971,7929E-3	-693,5529E-9
456,9253E+0	692,7157E-9	3,0000E+0	970,2615E-3	971,1257E-3	-697,7592E-9
457,4380E+0	690,0223E-9	3,0000E+0	969,1768E-3	969,7913E-3	-684,8881E-9
457,9507E+0	689,9801E-9	3,0000E+0	968,0088E-3	968,9572E-3	-689,8094E-9
458,4633E+0	687,6655E-9	3,0000E+0	967,5916E-3	967,7061E-3	-693,5950E-9
458,9760E+0	686,0242E-9	3,0000E+0	966,2567E-3	966,8721E-3	-680,4294E-9
459,4887E+0	686,7396E-9	3,0000E+0	964,9218E-3	965,8713E-3	-688,3793E-9
460,0014E+0	686,9500E-9	3,0000E+0	964,0040E-3	965,3708E-3	-691,3236E-9
460,5141E+0	696,1246E-9	3,0000E+0	963,5034E-3	964,2866E-3	-690,2300E-9
461,0268E+0	681,3527E-9	3,0000E+0	962,5022E-3	963,2023E-3	-684,2151E-9
461,5395E+0	699,5336E-9	3,0000E+0	961,8347E-3	962,3683E-3	-700,3670E-9
462,0522E+0	702,1007E-9	3,0000E+0	960,4998E-3	961,2840E-3	-696,9600E-9
462,5649E+0	701,2590E-9	3,0000E+0	959,9158E-3	960,6168E-3	-701,7972E-9
463,0776E+0	701,4694E-9	3,0000E+0	958,2471E-3	959,6993E-3	-701,2924E-9
463,5903E+0	703,7420E-9	3,0000E+0	957,5797E-3	958,6986E-3	-703,5217E-9
464,1030E+0	704,0787E-9	3,0000E+0	956,8287E-3	957,2806E-3	-704,1106E-9
464,6157E+0	700,0806E-9	3,0000E+0	955,6608E-3	956,6134E-3	-700,4512E-9
465,1284E+0	699,3231E-9	3,0000E+0	955,0767E-3	955,7793E-3	-694,6045E-9
465,6411E+0	700,9223E-9	3,0000E+0	953,7417E-3	955,0288E-3	-702,0075E-9
466,1538E+0	700,0386E-9	3,0000E+0	953,6583E-3	954,1947E-3	-697,6750E-9
466,6665E+0	696,5455E-9	3,0000E+0	952,4069E-3	953,2772E-3	-698,0115E-9
467,1791E+0	691,8740E-9	3,0000E+0	951,3222E-3	952,3598E-3	-694,9410E-9
467,6918E+0	687,3288E-9	3,0000E+0	951,0719E-3	951,5258E-3	-687,2856E-9
468,2045E+0	684,0882E-9	3,0000E+0	949,8204E-3	950,5249E-3	-681,8175E-9
468,7172E+0	684,5933E-9	3,0000E+0	948,4021E-3	949,6909E-3	-683,9206E-9
469,2299E+0	678,5751E-9	3,0000E+0	948,4021E-3	948,8568E-3	-673,8677E-9
469,7426E+0	680,9739E-9	3,0000E+0	946,9002E-3	947,7726E-3	-680,4294E-9
470,2552E+0	676,5971E-9	3,0000E+0	946,3996E-3	947,3556E-3	-680,3453E-9
470,7679E+0	699,3652E-9	3,0000E+0	945,3150E-3	946,4381E-3	-699,2314E-9
471,2806E+0	693,4312E-9	3,0000E+0	944,5642E-3	945,3539E-3	-695,0672E-9
471,7933E+0	690,0223E-9	3,0000E+0	943,2292E-3	944,4364E-3	-688,9260E-9
472,3060E+0	694,1887E-9	3,0000E+0	943,1458E-3	943,7692E-3	-695,8243E-9
472,8187E+0	709,6761E-9	3,0000E+0	942,3114E-3	943,0186E-3	-710,5041E-9
473,3314E+0	715,6101E-9	3,0000E+0	940,4759E-3	941,8509E-3	-711,9342E-9
473,8441E+0	711,6541E-9	3,0000E+0	940,6428E-3	941,0169E-3	-707,2233E-9
474,3568E+0	706,1410E-9	3,0000E+0	939,6416E-3	940,2663E-3	-707,2653E-9
474,8694E+0	701,1749E-9	3,0000E+0	939,1410E-3	939,6824E-3	-699,5258E-9
475,3821E+0	705,2150E-9	3,0000E+0	937,6392E-3	938,9318E-3	-704,4471E-9
475,8948E+0	696,7559E-9	3,0000E+0	936,9718E-3	938,0977E-3	-701,5028E-9
476,4075E+0	691,4952E-9	3,0000E+0	936,2209E-3	937,1802E-3	-689,1784E-9
476,9202E+0	687,9180E-9	3,0000E+0	935,8037E-3	936,1795E-3	-686,7388E-9
477,4329E+0	677,0600E-9	3,0000E+0	934,8859E-3	935,4288E-3	-680,0088E-9
477,9456E+0	676,0920E-9	3,0000E+0	934,1350E-3	934,6781E-3	-674,0360E-9
478,4583E+0	670,3264E-9	3,0000E+0	933,3842E-3	933,9275E-3	-668,9885E-9
478,9710E+0	671,2943E-9	3,0000E+0	932,1327E-3	932,8433E-3	-670,9654E-9
479,4837E+0	668,9796E-9	3,0000E+0	931,4651E-3	932,2595E-3	-668,9885E-9
479,9964E+0	666,3703E-9	3,0000E+0	930,0467E-3	931,0084E-3	-666,9274E-9
480,5092E+0	664,5607E-9	3,0000E+0	930,2971E-3	930,6748E-3	-667,6425E-9
481,0219E+0	663,4244E-9	3,0000E+0	929,2960E-3	930,0075E-3	-664,0252E-9
481,5345E+0	662,7510E-9	3,0000E+0	928,7953E-3	929,2569E-3	-666,7592E-9
482,0472E+0	664,6869E-9	3,0000E+0	928,2947E-3	928,5063E-3	-664,9926E-9
482,5599E+0	656,1857E-9	3,0000E+0	927,2101E-3	927,7557E-3	-655,4865E-9
483,0726E+0	662,8352E-9	3,0000E+0	925,6249E-3	926,6714E-3	-666,6330E-9
483,5853E+0	667,8854E-9	3,0000E+0	925,2912E-3	926,3377E-3	-668,6520E-9
484,0980E+0	669,6530E-9	3,0000E+0	924,7906E-3	925,5037E-3	-666,4227E-9
484,6107E+0	676,4708E-9	3,0000E+0	924,0396E-3	924,6697E-3	-678,8732E-9
485,1234E+0	682,2786E-9	3,0000E+0	922,9550E-3	923,8356E-3	-682,4064E-9
485,6361E+0	674,5349E-9	3,0000E+0	922,4544E-3	922,9182E-3	-676,6018E-9
486,1488E+0	679,2064E-9	3,0000E+0	921,2863E-3	922,1675E-3	-683,0373E-9
486,6615E+0	686,7817E-9	3,0000E+0	920,9526E-3	921,5837E-3	-686,6127E-9
487,1742E+0	683,8357E-9	3,0000E+0	920,0348E-3	920,5829E-3	-686,0658E-9
487,6869E+0	678,7855E-9	3,0000E+0	919,0336E-3	919,7488E-3	-677,9478E-9
488,1996E+0	677,1442E-9	3,0000E+0	918,6999E-3	919,2484E-3	-676,3494E-9
488,7123E+0	667,8013E-9	3,0000E+0	917,3650E-3	918,4144E-3	-670,5027E-9
489,2250E+0	669,1059E-9	3,0000E+0	917,0313E-3	917,9973E-3	-672,3114E-9
489,7377E+0	670,8314E-9	3,0000E+0	916,5307E-3	917,0799E-3	-669,5353E-9
490,2504E+0	667,8854E-9	3,0000E+0	915,4460E-3	916,1625E-3	-670,9654E-9
490,7631E+0	667,8013E-9	3,0000E+0	915,0288E-3	915,5787E-3	-664,5719E-9
491,2758E+0	669,9476E-9	3,0000E+0	914,0277E-3	914,8280E-3	-663,9831E-9
491,7885E+0	675,3766E-9	3,0000E+0	913,2768E-3	914,0773E-3	-676,3494E-9
492,3011E+0	686,8238E-9	3,0000E+0	912,8596E-3	913,4102E-3	-683,0373E-9
492,8139E+0	707,0247E-9	3,0000E+0	911,5247E-3	912,4927E-3	-702,6805E-9
493,3266E+0	701,9324E-9	3,0000E+0	911,1075E-3	911,9923E-3	-701,1241E-9
493,8393E+0	686,4029E-9	3,0000E+0	910,8573E-3	911,3250E-3	-684,1310E-9
494,3520E+0	687,6655E-9	3,0000E+0	909,5223E-3	910,9080E-3	-687,7483E-9
494,8647E+0	686,9500E-9	3,0000E+0	909,3555E-3	909,8238E-3	-692,5014E-9
495,3774E+0	694,8621E-9	3,0000E+0	908,3542E-3	909,4902E-3	-693,4688E-9
495,8901E+0	690,9902E-9	3,0000E+0	907,7702E-3	908,7395E-3	-694,3941E-9
496,4028E+0	689,7698E-9	3,0000E+0	907,3530E-3	907,8221E-3	-692,0807E-9
496,9155E+0	683,1203E-9	3,0000E+0	906,5188E-3	907,4884E-3	-682,6167E-9
497,4282E+0	688,6755E-9	3,0000E+0	905,9347E-3	906,5710E-3	-691,5760E-9
497,9409E+0	702,8583E-9	3,0000E+0	905,1003E-3	905,9872E-3	-706,8867E-9
498,4536E+0	733,1176E-9	3,0000E+0	904,6832E-3	905,2365E-3	-731,2408E-9
498,9663E+0	721,4600E-9	3,0000E+0	903,9323E-3	904,1523E-3	-724,6371E-9
499,4789E+0	719,3136E-9	3,0000E+0	902,9312E-3	903,4851E-3	-719,8420E-9
499,9916E+0	724,7426E-9	3,0000E+0	902,5974E-3	902,9846E-3	-722,5340E-9
500,5043E+0	722,4700E-9	3,0000E+0	901,7630E-3	902,4009E-3	-726,6560E-9
501,0170E+0	763,4189E-9	3,0000E+0	900,8453E-3	901,5668E-3	-761,0211E-9
501,5297E+0	765,4391E-9	3,0000E+0	900,2612E-3	901,0664E-3	-760,1378E-9
502,0424E+0	773,5194E-9	3,0000E+0	899,5104E-3	900,5659E-3	-773,9342E-9
502,5551E+0	747,3845E-9	3,0000E+0	899,7606E-3	899,7319E-3	-743,5651E-9
503,0678E+0	745,7853E-9	3,0000E+0	898,3423E-3	898,9812E-3	-741,4200E-9
503,5805E+0	754,8335E-9	3,0000E+0	897,7582E-3	898,3974E-3	-754,2911E-9
504,0932E+0	750,3726E-9	3,0000E+0	897,0908E-3	897,8970E-3	-745,3318E-9
504,6060E+0	750,0780E-9	3,0000E+0	896,3399E-3	896,8961E-3	-746,8881E-9
505,1187E+0	736,6527E-9	3,0000E+0	896,0061E-3	896,4791E-3	-737,5502E-9
505,6313E+0	734,5485E-9	3,0000E+0	895,1719E-3	895,6450E-3	-732,1663E-9
506,1440E+0	739,6829E-9	3,0000E+0	894,5878E-3	894,8945E-3	-737,0034E-9
506,6567E+0	734,2539E-9	3,0000E+0	893,1694E-3	894,7276E-3	-734,9844E-9
507,1695E+0	730,4241E-9	3,0000E+0	893,5032E-3	894,0604E-3	-729,4321E-9
507,6821E+0	716,4518E-9	3,0000E+0	891,8346E-3	893,1429E-3	-714,5841E-9
508,1948E+0	711,2753E-9	3,0000E+0	892,1682E-3	892,8093E-3	-710,1256E-9
508,7075E+0	699,8281E-9	3,0000E+0	891,4174E-3	892,2255E-3	-699,4837E-9
509,2202E+0	738,5045E-9	3,0000E+0	890,8333E-3	891,5582E-3	-740,0319E-9
509,7328E+0	750,2042E-9	3,0000E+0	890,3328E-3	890,8077E-3	-748,6547E-9
510,2455E+0	749,9096E-9	3,0000E+0	889,6652E-3	890,3072E-3	-749,8325E-9
510,7582E+0	683,8357E-9	3,0000E+0	888,9978E-3	889,5566E-3	-687,7904E-9
511,2709E+0	742,8393E-9	3,0000E+0	888,3303E-3	889,0561E-3	-739,9478E-9
511,7836E+0	740,0196E-9	3,0000E+0	887,7463E-3	888,1387E-3	-740,8731E-9
512,2963E+0	743,8493E-9	3,0000E+0	886,7451E-3	887,8050E-3	-743,6493E-9
512,8090E+0	736,7790E-9	3,0000E+0	886,4948E-3	887,3047E-3	-734,1432E-9
513,3217E+0	749,2783E-9	3,0000E+0	885,8274E-3	886,6374E-3	-751,2626E-9
513,8344E+0	710,1390E-9	3,0000E+0	885,2433E-3	885,8868E-3	-714,6262E-9
514,3471E+0	722,5541E-9	3,0000E+0	884,6592E-3	885,3864E-3	-720,7253E-9
514,8597E+0	689,4331E-9	3,0000E+0	883,7416E-3	884,5523E-3	-691,9966E-9
515,3725E+0	676,7654E-9	3,0000E+0	883,3244E-3	884,1353E-3	-680,2612E-9
