Time	Cur1	Volt1	Volt2	Volt3	Cur4
527,0012E-3	99,9237E-3	3,0000E+0	2,8311E+0	2,8319E+0	-99,9335E-3
1,0398E+0	22,2895E-3	3,0000E+0	2,9628E+0	2,9636E+0	-22,2910E-3
1,5526E+0	8,5295E-3	3,0000E+0	2,9858E+0	2,9865E+0	-8,5307E-3
2,1789E+0	2,2653E-3	3,0000E+0	2,9941E+0	2,9947E+0	-2,2660E-3
2,6916E+0	1,9544E-3	3,0000E+0	2,9968E+0	2,9975E+0	-1,9548E-3
3,2042E+0	1,5925E-3	3,0000E+0	2,9973E+0	2,9981E+0	-1,5927E-3
3,7169E+0	1,3528E-3	3,0000E+0	2,9976E+0	2,9987E+0	-1,3531E-3
4,2296E+0	1,2127E-3	3,0000E+0	2,9978E+0	2,9987E+0	-1,2129E-3
4,7423E+0	1,1088E-3	3,0000E+0	2,9977E+0	2,9988E+0	-1,1092E-3
5,2550E+0	1,0415E-3	3,0000E+0	2,9984E+0	2,9992E+0	-1,0417E-3
5,7677E+0	967,5284E-6	3,0000E+0	2,9977E+0	2,9993E+0	-967,7339E-6
6,2804E+0	917,6755E-6	3,0000E+0	2,9984E+0	2,9992E+0	-917,9355E-6
6,7931E+0	1,6220E-3	3,0000E+0	2,9971E+0	2,9979E+0	-1,6223E-3
7,3058E+0	828,3102E-6	3,0000E+0	2,9987E+0	2,9993E+0	-828,4244E-6
7,8185E+0	1,4946E-3	3,0000E+0	2,9976E+0	2,9987E+0	-1,4950E-3
8,3312E+0	609,6468E-6	3,0000E+0	2,9988E+0	2,9997E+0	-609,8995E-6
8,8439E+0	1,1672E-3	3,0000E+0	2,9983E+0	2,9993E+0	-1,1676E-3
9,3566E+0	629,9915E-6	3,0000E+0	2,9988E+0	2,9998E+0	-630,1129E-6
9,8693E+0	1,0547E-3	3,0000E+0	2,9983E+0	2,9994E+0	-1,0551E-3
10,3820E+0	648,3605E-6	3,0000E+0	2,9982E+0	3,0002E+0	-648,6456E-6
10,8947E+0	733,1020E-6	3,0000E+0	2,9988E+0	2,9998E+0	-733,1979E-6
11,4074E+0	488,5875E-6	3,0000E+0	2,9993E+0	3,0002E+0	-489,0384E-6
11,9201E+0	658,8692E-6	3,0000E+0	2,9987E+0	2,9998E+0	-658,8994E-6
12,4328E+0	466,7716E-6	3,0000E+0	2,9992E+0	3,0003E+0	-467,0178E-6
12,9455E+0	605,6535E-6	3,0000E+0	2,9987E+0	3,0000E+0	-605,8231E-6
13,4582E+0	487,0742E-6	3,0000E+0	2,9989E+0	3,0002E+0	-487,4415E-6
13,9709E+0	619,6930E-6	3,0000E+0	2,9984E+0	2,9998E+0	-620,0272E-6
14,4836E+0	523,6442E-6	3,0000E+0	2,9992E+0	2,9999E+0	-524,0024E-6
14,9963E+0	432,0511E-6	3,0000E+0	2,9994E+0	3,0001E+0	-432,3480E-6
15,6227E+0	228,3950E-6	3,0000E+0	2,9989E+0	2,9997E+0	-228,4508E-6
16,1354E+0	426,7619E-6	3,0000E+0	2,9999E+0	3,0009E+0	-426,7808E-6
16,6481E+0	479,1470E-6	3,0000E+0	2,9994E+0	3,0004E+0	-479,2039E-6
17,1608E+0	405,0206E-6	3,0000E+0	2,9994E+0	3,0005E+0	-405,0482E-6
17,6735E+0	486,7333E-6	3,0000E+0	2,9994E+0	3,0001E+0	-486,7703E-6
18,1862E+0	386,8076E-6	3,0000E+0	2,9988E+0	3,0004E+0	-386,8550E-6
18,6989E+0	460,9802E-6	3,0000E+0	2,9984E+0	3,0000E+0	-461,0233E-6
19,2116E+0	328,3080E-6	3,0000E+0	2,9993E+0	3,0004E+0	-328,3409E-6
19,7243E+0	396,3073E-6	3,0000E+0	2,9987E+0	3,0004E+0	-396,3677E-6
20,2370E+0	291,5371E-6	3,0000E+0	2,9996E+0	3,0009E+0	-291,5552E-6
20,7497E+0	388,7546E-6	3,0000E+0	2,9995E+0	3,0004E+0	-388,8097E-6
21,2624E+0	272,3779E-6	3,0000E+0	2,9997E+0	3,0005E+0	-272,3952E-6
21,7751E+0	447,5443E-6	3,0000E+0	2,9977E+0	2,9988E+0	-447,5465E-6
22,2878E+0	270,0819E-6	3,0000E+0	2,9988E+0	3,0005E+0	-270,0874E-6
22,9136E+0	550,6303E-6	3,0000E+0	2,9982E+0	2,9989E+0	-550,8556E-6
23,5398E+0	204,2273E-6	3,0000E+0	2,9985E+0	3,0000E+0	-204,2464E-6
24,1656E+0	360,3402E-6	3,0000E+0	2,9994E+0	3,0004E+0	-360,7811E-6
24,6783E+0	403,4676E-6	3,0000E+0	2,9993E+0	3,0004E+0	-403,6456E-6
25,1910E+0	414,9010E-6	3,0000E+0	2,9985E+0	3,0001E+0	-414,9920E-6
25,8173E+0	300,9359E-6	3,0000E+0	2,9976E+0	2,9987E+0	-300,9335E-6
26,3300E+0	217,9407E-6	3,0000E+0	2,9986E+0	2,9993E+0	-218,0048E-6
26,9558E+0	589,0078E-6	3,0000E+0	2,9980E+0	2,9991E+0	-588,9715E-6
27,5820E+0	188,6678E-6	3,0000E+0	2,9987E+0	2,9995E+0	-188,7057E-6
28,0948E+0	394,9574E-6	3,0000E+0	2,9999E+0	3,0008E+0	-395,0352E-6
28,6075E+0	357,7492E-6	3,0000E+0	2,9999E+0	3,0002E+0	-357,7829E-6
29,1202E+0	365,1799E-6	3,0000E+0	2,9996E+0	3,0008E+0	-365,2569E-6
29,6329E+0	356,3236E-6	3,0000E+0	2,9995E+0	3,0003E+0	-356,3579E-6
30,1456E+0	327,8245E-6	3,0000E+0	2,9995E+0	3,0004E+0	-327,8617E-6
30,6583E+0	356,9081E-6	3,0000E+0	2,9989E+0	3,0003E+0	-356,9380E-6
31,1710E+0	291,4236E-6	3,0000E+0	2,9998E+0	3,0008E+0	-291,4375E-6
31,6837E+0	353,2663E-6	3,0000E+0	2,9994E+0	3,0003E+0	-353,2682E-6
32,1964E+0	248,9840E-6	3,0000E+0	2,9996E+0	3,0004E+0	-249,0358E-6
32,7091E+0	333,4175E-6	3,0000E+0	2,9987E+0	3,0003E+0	-333,4441E-6
33,2218E+0	215,9558E-6	3,0000E+0	2,9999E+0	3,0005E+0	-215,9913E-6
33,7345E+0	330,3981E-6	3,0000E+0	2,9992E+0	3,0004E+0	-330,4637E-6
34,2472E+0	217,2132E-6	3,0000E+0	2,9997E+0	3,0008E+0	-217,2566E-6
34,7599E+0	342,8331E-6	3,0000E+0	2,9982E+0	2,9994E+0	-342,9148E-6
35,2726E+0	210,6866E-6	3,0000E+0	2,9997E+0	3,0005E+0	-210,7326E-6
35,7853E+0	489,1134E-6	3,0000E+0	2,9973E+0	2,9988E+0	-489,1033E-6
36,2980E+0	203,2979E-6	3,0000E+0	2,9998E+0	3,0008E+0	-203,3259E-6
36,9238E+0	499,1381E-6	3,0000E+0	2,9984E+0	2,9996E+0	-499,6284E-6
37,5500E+0	162,7255E-6	3,0000E+0	2,9997E+0	2,9999E+0	-162,7569E-6
38,0628E+0	426,3161E-6	3,0000E+0	2,9994E+0	3,0010E+0	-426,3058E-6
38,5755E+0	338,1190E-6	3,0000E+0	2,9988E+0	3,0001E+0	-338,1521E-6
39,0881E+0	396,5554E-6	3,0000E+0	2,9996E+0	3,0007E+0	-396,5989E-6
39,6008E+0	324,5317E-6	3,0000E+0	2,9994E+0	3,0003E+0	-324,5577E-6
40,1135E+0	347,5219E-6	3,0000E+0	3,0001E+0	3,0009E+0	-347,5345E-6
40,6263E+0	317,9126E-6	3,0000E+0	2,9994E+0	3,0001E+0	-317,9622E-6
41,1390E+0	299,0015E-6	3,0000E+0	2,9999E+0	3,0007E+0	-299,0040E-6
41,6517E+0	324,6284E-6	3,0000E+0	2,9994E+0	3,0003E+0	-324,6586E-6
42,1644E+0	227,1713E-6	3,0000E+0	3,0001E+0	3,0009E+0	-227,2317E-6
42,6771E+0	312,5299E-6	3,0000E+0	2,9996E+0	3,0007E+0	-312,5690E-6
43,1898E+0	218,0542E-6	3,0000E+0	2,9999E+0	3,0008E+0	-218,0847E-6
43,7025E+0	312,0925E-6	3,0000E+0	2,9991E+0	3,0003E+0	-312,1066E-6
44,2152E+0	225,2074E-6	3,0000E+0	2,9999E+0	3,0006E+0	-225,2350E-6
44,7279E+0	315,9151E-6	3,0000E+0	2,9996E+0	3,0003E+0	-315,9151E-6
45,2406E+0	217,9869E-6	3,0000E+0	2,9994E+0	3,0006E+0	-218,0174E-6
45,7533E+0	310,6669E-6	3,0000E+0	2,9983E+0	2,9988E+0	-310,6059E-6
46,2660E+0	189,4331E-6	3,0000E+0	2,9981E+0	2,9990E+0	-189,4288E-6
46,7786E+0	444,6637E-6	3,0000E+0	2,9980E+0	2,9990E+0	-444,7091E-6
47,2914E+0	189,2902E-6	3,0000E+0	2,9997E+0	3,0009E+0	-189,3531E-6
47,9172E+0	494,3882E-6	3,0000E+0	2,9985E+0	2,9995E+0	-494,7537E-6
48,5435E+0	167,6499E-6	3,0000E+0	2,9991E+0	3,0003E+0	-167,7004E-6
49,0562E+0	426,7030E-6	3,0000E+0	3,0005E+0	3,0010E+0	-426,7513E-6
49,5689E+0	318,8462E-6	3,0000E+0	2,9994E+0	3,0006E+0	-318,8744E-6
50,0816E+0	376,5467E-6	3,0000E+0	3,0000E+0	3,0008E+0	-376,5604E-6
50,5943E+0	310,2590E-6	3,0000E+0	2,9994E+0	3,0003E+0	-310,2696E-6
51,1070E+0	325,9363E-6	3,0000E+0	2,9999E+0	3,0007E+0	-325,9785E-6
51,6197E+0	316,8781E-6	3,0000E+0	2,9994E+0	3,0003E+0	-316,8861E-6
52,1324E+0	267,5040E-6	3,0000E+0	2,9999E+0	3,0006E+0	-267,5190E-6
52,6451E+0	280,1577E-6	3,0000E+0	2,9997E+0	3,0006E+0	-280,1761E-6
53,1578E+0	229,7491E-6	3,0000E+0	3,0002E+0	3,0009E+0	-229,8085E-6
53,6705E+0	293,8332E-6	3,0000E+0	2,9995E+0	3,0007E+0	-293,8420E-6
54,1832E+0	211,2837E-6	3,0000E+0	2,9999E+0	3,0011E+0	-211,3169E-6
54,6959E+0	301,2808E-6	3,0000E+0	2,9995E+0	3,0004E+0	-301,3244E-6
55,2086E+0	198,5922E-6	3,0000E+0	2,9998E+0	3,0008E+0	-198,6683E-6
55,7213E+0	310,5282E-6	3,0000E+0	2,9997E+0	3,0005E+0	-310,5555E-6
56,2340E+0	197,3349E-6	3,0000E+0	3,0000E+0	3,0008E+0	-197,3568E-6
56,7466E+0	294,8130E-6	3,0000E+0	2,9994E+0	3,0001E+0	-294,8130E-6
57,2593E+0	171,6701E-6	3,0000E+0	2,9997E+0	3,0005E+0	-171,6938E-6
57,7721E+0	443,2550E-6	3,0000E+0	2,9973E+0	2,9988E+0	-443,3261E-6
58,2847E+0	150,4040E-6	3,0000E+0	2,9984E+0	2,9993E+0	-150,4026E-6
58,9105E+0	469,9242E-6	3,0000E+0	2,9984E+0	2,9995E+0	-470,0435E-6
59,5368E+0	158,7473E-6	3,0000E+0	2,9996E+0	3,0001E+0	-158,7467E-6
60,0495E+0	403,7128E-6	3,0000E+0	2,9999E+0	3,0011E+0	-403,7703E-6
60,5622E+0	294,4220E-6	3,0000E+0	2,9997E+0	3,0004E+0	-294,4809E-6
61,0749E+0	374,9992E-6	3,0000E+0	2,9997E+0	3,0009E+0	-375,0681E-6
61,5876E+0	295,9232E-6	3,0000E+0	2,9994E+0	3,0002E+0	-295,9354E-6
62,1003E+0	319,7629E-6	3,0000E+0	2,9999E+0	3,0010E+0	-319,7908E-6
62,6130E+0	300,3514E-6	3,0000E+0	2,9994E+0	3,0003E+0	-300,3870E-6
63,1257E+0	280,6455E-6	3,0000E+0	2,9998E+0	3,0005E+0	-280,6847E-6
63,6384E+0	295,8349E-6	3,0000E+0	2,9997E+0	3,0003E+0	-295,8597E-6
64,1511E+0	240,4809E-6	3,0000E+0	2,9995E+0	3,0006E+0	-240,4857E-6
64,6638E+0	292,6726E-6	3,0000E+0	2,9994E+0	3,0004E+0	-292,6944E-6
65,1765E+0	202,6419E-6	3,0000E+0	3,0001E+0	3,0008E+0	-202,6701E-6
65,6892E+0	276,7640E-6	3,0000E+0	2,9989E+0	3,0005E+0	-276,8006E-6
66,2019E+0	182,3641E-6	3,0000E+0	2,9999E+0	3,0010E+0	-182,4046E-6
66,7146E+0	282,7860E-6	3,0000E+0	2,9996E+0	3,0006E+0	-282,8117E-6
67,2273E+0	170,2109E-6	3,0000E+0	2,9998E+0	3,0008E+0	-170,2436E-6
67,7400E+0	291,2386E-6	3,0000E+0	2,9996E+0	3,0005E+0	-291,2610E-6
68,2527E+0	167,4690E-6	3,0000E+0	2,9998E+0	3,0005E+0	-167,4776E-6
68,7654E+0	437,3844E-6	3,0000E+0	2,9978E+0	2,9987E+0	-437,3949E-6
69,2781E+0	169,5801E-6	3,0000E+0	2,9993E+0	3,0007E+0	-169,6004E-6
69,9039E+0	486,3596E-6	3,0000E+0	2,9986E+0	2,9994E+0	-487,1473E-6
70,5302E+0	170,4085E-6	3,0000E+0	2,9987E+0	3,0003E+0	-170,4201E-6
71,0428E+0	409,9282E-6	3,0000E+0	2,9999E+0	3,0009E+0	-409,9916E-6
71,5555E+0	294,3337E-6	3,0000E+0	2,9989E+0	2,9999E+0	-294,3674E-6
72,0682E+0	371,4205E-6	3,0000E+0	2,9999E+0	3,0009E+0	-371,4782E-6
72,5809E+0	268,2105E-6	3,0000E+0	2,9996E+0	3,0003E+0	-268,2547E-6
73,0936E+0	305,8393E-6	3,0000E+0	3,0001E+0	3,0007E+0	-305,8643E-6
73,6063E+0	265,3804E-6	3,0000E+0	2,9978E+0	2,9992E+0	-265,4298E-6
74,1190E+0	249,3961E-6	3,0000E+0	3,0000E+0	3,0010E+0	-249,4436E-6
74,6317E+0	282,9079E-6	3,0000E+0	2,9995E+0	3,0005E+0	-282,9294E-6
75,1443E+0	231,3261E-6	3,0000E+0	2,9999E+0	3,0008E+0	-231,3513E-6
75,6570E+0	286,2259E-6	3,0000E+0	2,9996E+0	3,0003E+0	-286,2797E-6
76,1698E+0	213,2434E-6	3,0000E+0	2,9997E+0	3,0008E+0	-213,3052E-6
76,6825E+0	292,2100E-6	3,0000E+0	2,9998E+0	3,0004E+0	-292,2446E-6
77,1952E+0	181,5735E-6	3,0000E+0	2,9997E+0	3,0005E+0	-181,6353E-6
77,7078E+0	275,5193E-6	3,0000E+0	2,9994E+0	3,0004E+0	-275,5311E-6
78,2206E+0	171,7164E-6	3,0000E+0	2,9994E+0	3,0004E+0	-171,7653E-6
78,8568E+0	-59,3124E-9	3,0000E+0	2,9924E+0	2,9936E+0	56,3644E-9
79,3695E+0	-58,3655E-9	3,0000E+0	2,9898E+0	2,9913E+0	58,7033E-9
79,8822E+0	-55,5838E-9	3,0000E+0	2,9838E+0	2,9847E+0	57,1721E-9
80,3949E+0	-54,8221E-9	3,0000E+0	2,9804E+0	2,9813E+0	52,2757E-9
80,9076E+0	-51,9857E-9	3,0000E+0	2,9748E+0	2,9757E+0	53,3989E-9
81,4202E+0	-46,0142E-9	3,0000E+0	2,9601E+0	2,9606E+0	47,4046E-9
82,0543E+0	-36,4939E-9	3,0000E+0	2,9345E+0	2,9355E+0	33,6324E-9
82,5669E+0	-25,5372E-9	3,0000E+0	2,9121E+0	2,9134E+0	27,3547E-9
83,0797E+0	-24,2015E-9	3,0000E+0	2,9069E+0	2,9079E+0	25,4260E-9
83,5924E+0	-24,2205E-9	3,0000E+0	2,9049E+0	2,9065E+0	21,4260E-9
84,1051E+0	-21,7712E-9	3,0000E+0	2,9026E+0	2,9038E+0	24,6259E-9
84,6178E+0	-20,8134E-9	3,0000E+0	2,8978E+0	2,8984E+0	19,8793E-9
85,1305E+0	-20,3585E-9	3,0000E+0	2,8979E+0	2,8991E+0	18,5744E-9
85,6432E+0	-17,6484E-9	3,0000E+0	2,8927E+0	2,8936E+0	20,6083E-9
86,1559E+0	-17,0100E-9	3,0000E+0	2,8874E+0	2,8887E+0	15,5259E-9
86,6686E+0	-15,5594E-9	3,0000E+0	2,8855E+0	2,8866E+0	14,1681E-9
87,4234E+0	1,1447E-9	3,0000E+0	2,8257E+0	2,8268E+0	1,1544E-9
87,6498E+0	18,1799E-9	3,0000E+0	2,8060E+0	2,8068E+0	-20,4935E-9
88,1625E+0	38,6999E-9	3,0000E+0	2,7574E+0	2,7586E+0	-35,6377E-9
88,7952E+0	62,6221E-9	3,0000E+0	2,7002E+0	2,7005E+0	-64,6107E-9
89,3079E+0	80,4957E-9	3,0000E+0	2,6561E+0	2,6574E+0	-82,4661E-9
89,8206E+0	100,8355E-9	3,0000E+0	2,6094E+0	2,6108E+0	-97,9998E-9
90,3333E+0	118,1326E-9	3,0000E+0	2,5673E+0	2,5680E+0	-120,4233E-9
90,8461E+0	137,9463E-9	3,0000E+0	2,5211E+0	2,5218E+0	-138,6952E-9
91,3587E+0	155,5169E-9	3,0000E+0	2,4794E+0	2,4807E+0	-152,7777E-9
91,8714E+0	173,8030E-9	3,0000E+0	2,4346E+0	2,4352E+0	-176,6649E-9
92,3841E+0	191,6387E-9	3,0000E+0	2,3930E+0	2,3939E+0	-190,8610E-9
92,8969E+0	210,5687E-9	3,0000E+0	2,3496E+0	2,3509E+0	-208,8132E-9
93,4095E+0	227,8741E-9	3,0000E+0	2,3085E+0	2,3092E+0	-231,0516E-9
93,9222E+0	247,6879E-9	3,0000E+0	2,2647E+0	2,2652E+0	-246,2068E-9
94,4349E+0	266,9671E-9	3,0000E+0	2,2213E+0	2,2215E+0	-265,7868E-9
94,9476E+0	286,1328E-9	3,0000E+0	2,1777E+0	2,1783E+0	-288,6603E-9
95,4603E+0	305,6393E-9	3,0000E+0	2,1358E+0	2,1366E+0	-302,9910E-9
95,9730E+0	324,9059E-9	3,0000E+0	2,0913E+0	2,0919E+0	-325,6879E-9
96,4857E+0	343,0868E-9	3,0000E+0	2,0490E+0	2,0502E+0	-345,9872E-9
96,9984E+0	363,5108E-9	3,0000E+0	2,0050E+0	2,0050E+0	-360,3557E-9
97,5111E+0	381,4307E-9	3,0000E+0	1,9616E+0	1,9625E+0	-382,8086E-9
98,0238E+0	400,8151E-9	3,0000E+0	1,9167E+0	1,9173E+0	-402,7042E-9
98,5365E+0	420,7678E-9	3,0000E+0	1,8736E+0	1,8737E+0	-417,3208E-9
99,0492E+0	440,9434E-9	3,0000E+0	1,8262E+0	1,8271E+0	-443,4500E-9
99,5619E+0	462,3396E-9	3,0000E+0	1,7797E+0	1,7806E+0	-463,0805E-9
100,0746E+0	481,9092E-9	3,0000E+0	1,7374E+0	1,7384E+0	-479,6952E-9
100,7073E+0	498,8107E-9	3,0000E+0	1,6990E+0	1,6995E+0	-504,3983E-9
101,3400E+0	504,1316E-9	3,0000E+0	1,6901E+0	1,6907E+0	-507,2584E-9
101,8526E+0	510,5707E-9	3,0000E+0	1,6814E+0	1,6821E+0	-503,5990E-9
102,3653E+0	513,8112E-9	3,0000E+0	1,6728E+0	1,6731E+0	-514,9980E-9
102,8780E+0	517,0097E-9	3,0000E+0	1,6631E+0	1,6638E+0	-518,5312E-9
103,3907E+0	521,5970E-9	3,0000E+0	1,6535E+0	1,6547E+0	-521,3914E-9
103,9034E+0	524,5430E-9	3,0000E+0	1,6439E+0	1,6444E+0	-530,1825E-9
104,4161E+0	530,4349E-9	3,0000E+0	1,6333E+0	1,6339E+0	-526,1024E-9
104,9288E+0	532,7917E-9	3,0000E+0	1,6229E+0	1,6242E+0	-535,7768E-9
105,4415E+0	536,1164E-9	3,0000E+0	1,6134E+0	1,6141E+0	-540,3195E-9
105,9542E+0	540,8300E-9	3,0000E+0	1,6039E+0	1,6043E+0	-539,1839E-9
106,4669E+0	541,7979E-9	3,0000E+0	1,6001E+0	1,6010E+0	-540,1093E-9
106,9796E+0	540,0724E-9	3,0000E+0	1,5983E+0	1,5988E+0	-546,1662E-9
107,4923E+0	542,0505E-9	3,0000E+0	1,5958E+0	1,5965E+0	-540,1093E-9
108,0050E+0	541,9663E-9	3,0000E+0	1,5936E+0	1,5945E+0	-541,4552E-9
108,5177E+0	541,7979E-9	3,0000E+0	1,5918E+0	1,5925E+0	-543,3481E-9
109,0304E+0	543,1447E-9	3,0000E+0	1,5893E+0	1,5902E+0	-537,8799E-9
109,5431E+0	542,3871E-9	3,0000E+0	1,5868E+0	1,5879E+0	-542,9695E-9
110,0558E+0	542,2188E-9	3,0000E+0	1,5848E+0	1,5861E+0	-544,7782E-9
110,5685E+0	542,5975E-9	3,0000E+0	1,5831E+0	1,5836E+0	-542,3806E-9
111,0812E+0	542,9763E-9	3,0000E+0	1,5807E+0	1,5816E+0	-544,6520E-9
111,5939E+0	543,1867E-9	3,0000E+0	1,5782E+0	1,5794E+0	-545,1567E-9
112,1066E+0	543,6497E-9	3,0000E+0	1,5757E+0	1,5771E+0	-542,2544E-9
112,6193E+0	543,7339E-9	3,0000E+0	1,5735E+0	1,5742E+0	-544,0631E-9
113,1320E+0	544,9123E-9	3,0000E+0	1,5712E+0	1,5721E+0	-545,1567E-9
113,6447E+0	544,8281E-9	3,0000E+0	1,5696E+0	1,5701E+0	-545,8298E-9
114,1574E+0	544,7860E-9	3,0000E+0	1,5669E+0	1,5676E+0	-548,9844E-9
114,6701E+0	546,8061E-9	3,0000E+0	1,5645E+0	1,5652E+0	-544,7361E-9
115,1828E+0	547,7741E-9	3,0000E+0	1,5617E+0	1,5624E+0	-543,4742E-9
115,6955E+0	546,3011E-9	3,0000E+0	1,5594E+0	1,5600E+0	-551,2137E-9
116,2082E+0	547,9003E-9	3,0000E+0	1,5571E+0	1,5577E+0	-546,1242E-9
116,7209E+0	548,2370E-9	3,0000E+0	1,5543E+0	1,5551E+0	-545,9138E-9
117,2336E+0	547,7741E-9	3,0000E+0	1,5524E+0	1,5526E+0	-552,8962E-9
117,7463E+0	548,8262E-9	3,0000E+0	1,5492E+0	1,5502E+0	-548,4376E-9
118,2590E+0	549,6258E-9	3,0000E+0	1,5468E+0	1,5474E+0	-549,2368E-9
118,7717E+0	551,6038E-9	3,0000E+0	1,5446E+0	1,5449E+0	-551,6764E-9
119,2844E+0	552,6560E-9	3,0000E+0	1,5418E+0	1,5424E+0	-551,1296E-9
119,7971E+0	554,1289E-9	3,0000E+0	1,5395E+0	1,5401E+0	-555,5041E-9
120,3098E+0	555,1390E-9	3,0000E+0	1,5392E+0	1,5399E+0	-555,6723E-9
120,8225E+0	557,3274E-9	3,0000E+0	1,5391E+0	1,5398E+0	-551,0454E-9
121,3351E+0	556,3595E-9	3,0000E+0	1,5394E+0	1,5401E+0	-558,1120E-9
121,8478E+0	556,3595E-9	3,0000E+0	1,5394E+0	1,5397E+0	-560,1310E-9
122,3605E+0	558,2532E-9	3,0000E+0	1,5384E+0	1,5393E+0	-554,6208E-9
122,8732E+0	557,7062E-9	3,0000E+0	1,5388E+0	1,5394E+0	-561,9397E-9
123,3859E+0	559,8104E-9	3,0000E+0	1,5380E+0	1,5387E+0	-556,5556E-9
123,8986E+0	559,0950E-9	3,0000E+0	1,5382E+0	1,5388E+0	-558,9953E-9
124,4113E+0	559,4738E-9	3,0000E+0	1,5372E+0	1,5384E+0	-561,2246E-9
124,9240E+0	560,6522E-9	3,0000E+0	1,5374E+0	1,5385E+0	-559,0373E-9
125,4367E+0	560,4417E-9	3,0000E+0	1,5371E+0	1,5378E+0	-558,6167E-9
125,9494E+0	559,5579E-9	3,0000E+0	1,5371E+0	1,5378E+0	-565,0522E-9
126,4620E+0	559,7263E-9	3,0000E+0	1,5370E+0	1,5374E+0	-560,3833E-9
126,9748E+0	561,2834E-9	3,0000E+0	1,5358E+0	1,5367E+0	-558,9953E-9
127,4875E+0	561,4518E-9	3,0000E+0	1,5360E+0	1,5367E+0	-566,6086E-9
128,0001E+0	562,6723E-9	3,0000E+0	1,5352E+0	1,5362E+0	-558,3643E-9
128,5128E+0	563,3456E-9	3,0000E+0	1,5342E+0	1,5355E+0	-559,7103E-9
129,0255E+0	561,3676E-9	3,0000E+0	1,5345E+0	1,5350E+0	-567,3657E-9
129,5382E+0	563,8506E-9	3,0000E+0	1,5339E+0	1,5347E+0	-561,2246E-9
130,0509E+0	563,9348E-9	3,0000E+0	1,5328E+0	1,5339E+0	-563,1594E-9
130,5636E+0	563,0510E-9	3,0000E+0	1,5333E+0	1,5339E+0	-567,0713E-9
131,0763E+0	565,0290E-9	3,0000E+0	1,5326E+0	1,5334E+0	-561,3087E-9
131,5890E+0	564,8186E-9	3,0000E+0	1,5317E+0	1,5329E+0	-564,1689E-9
132,1017E+0	564,7344E-9	3,0000E+0	1,5317E+0	1,5325E+0	-565,2205E-9
132,6143E+0	564,1031E-9	3,0000E+0	1,5313E+0	1,5319E+0	-564,7999E-9
133,1270E+0	563,8085E-9	3,0000E+0	1,5308E+0	1,5314E+0	-567,8704E-9
133,6397E+0	565,2395E-9	3,0000E+0	1,5296E+0	1,5307E+0	-563,3698E-9
134,1524E+0	564,6924E-9	3,0000E+0	1,5295E+0	1,5306E+0	-563,4539E-9
134,6651E+0	564,1452E-9	3,0000E+0	1,5293E+0	1,5299E+0	-565,7673E-9
135,1778E+0	563,1773E-9	3,0000E+0	1,5283E+0	1,5291E+0	-558,1120E-9
135,6905E+0	560,9047E-9	3,0000E+0	1,5278E+0	1,5288E+0	-557,5231E-9
136,2032E+0	559,0950E-9	3,0000E+0	1,5271E+0	1,5277E+0	-558,6167E-9
136,7159E+0	559,4317E-9	3,0000E+0	1,5271E+0	1,5279E+0	-559,7524E-9
137,2285E+0	559,5579E-9	3,0000E+0	1,5262E+0	1,5269E+0	-561,0142E-9
137,7412E+0	560,7363E-9	3,0000E+0	1,5252E+0	1,5261E+0	-560,4675E-9
138,2539E+0	561,6201E-9	3,0000E+0	1,5248E+0	1,5255E+0	-556,5556E-9
138,7666E+0	560,6522E-9	3,0000E+0	1,5240E+0	1,5249E+0	-558,5326E-9
139,2793E+0	559,2634E-9	3,0000E+0	1,5240E+0	1,5248E+0	-562,3602E-9
139,7920E+0	561,1151E-9	3,0000E+0	1,5230E+0	1,5236E+0	-556,9763E-9
140,3046E+0	560,6942E-9	3,0000E+0	1,5228E+0	1,5234E+0	-565,3046E-9
140,8174E+0	562,7985E-9	3,0000E+0	1,5214E+0	1,5225E+0	-562,6968E-9
141,3300E+0	564,2714E-9	3,0000E+0	1,5217E+0	1,5220E+0	-560,0889E-9
141,8427E+0	562,4618E-9	3,0000E+0	1,5208E+0	1,5212E+0	-566,6086E-9
142,3554E+0	562,8406E-9	3,0000E+0	1,5202E+0	1,5207E+0	-565,2626E-9
142,8681E+0	563,5139E-9	3,0000E+0	1,5193E+0	1,5201E+0	-562,9912E-9
143,3808E+0	563,7244E-9	3,0000E+0	1,5182E+0	1,5190E+0	-567,3236E-9
143,8935E+0	566,2074E-9	3,0000E+0	1,5184E+0	1,5186E+0	-562,4864E-9
144,4061E+0	565,5761E-9	3,0000E+0	1,5172E+0	1,5182E+0	-566,4403E-9
144,9189E+0	566,5862E-9	3,0000E+0	1,5164E+0	1,5173E+0	-568,2069E-9
145,4316E+0	568,1013E-9	3,0000E+0	1,5157E+0	1,5170E+0	-566,5665E-9
145,9443E+0	567,4279E-9	3,0000E+0	1,5152E+0	1,5159E+0	-565,9776E-9
146,4570E+0	569,1113E-9	3,0000E+0	1,5146E+0	1,5154E+0	-567,7863E-9
146,9697E+0	568,9009E-9	3,0000E+0	1,5137E+0	1,5147E+0	-568,5014E-9
147,4824E+0	568,9009E-9	3,0000E+0	1,5135E+0	1,5140E+0	-572,2870E-9
147,9950E+0	568,7325E-9	3,0000E+0	1,5128E+0	1,5137E+0	-573,6750E-9
148,5078E+0	570,7105E-9	3,0000E+0	1,5116E+0	1,5123E+0	-568,0387E-9
149,0204E+0	570,6264E-9	3,0000E+0	1,5114E+0	1,5120E+0	-574,4742E-9
149,5332E+0	571,6785E-9	3,0000E+0	1,5105E+0	1,5113E+0	-575,9885E-9
150,0459E+0	573,2778E-9	3,0000E+0	1,5101E+0	1,5107E+0	-571,7822E-9
150,5586E+0	574,2036E-9	3,0000E+0	1,5094E+0	1,5100E+0	-577,0821E-9
151,0712E+0	574,3719E-9	3,0000E+0	1,5083E+0	1,5087E+0	-576,3250E-9
151,5839E+0	574,3719E-9	3,0000E+0	1,5077E+0	1,5085E+0	-575,2314E-9
152,0966E+0	574,5824E-9	3,0000E+0	1,5067E+0	1,5079E+0	-579,4376E-9
152,6093E+0	575,8449E-9	3,0000E+0	1,5059E+0	1,5072E+0	-578,5964E-9
153,1220E+0	579,0855E-9	3,0000E+0	1,5053E+0	1,5061E+0	-575,8203E-9
153,6347E+0	580,2218E-9	3,0000E+0	1,5048E+0	1,5053E+0	-580,1106E-9
154,1475E+0	580,9372E-9	3,0000E+0	1,5045E+0	1,5049E+0	-580,7415E-9
154,6602E+0	582,4523E-9	3,0000E+0	1,5031E+0	1,5040E+0	-580,9098E-9
155,1729E+0	583,4623E-9	3,0000E+0	1,5018E+0	1,5031E+0	-583,0549E-9
155,6855E+0	585,5666E-9	3,0000E+0	1,5011E+0	1,5024E+0	-580,3209E-9
156,1982E+0	585,5246E-9	3,0000E+0	1,5013E+0	1,5017E+0	-588,2707E-9
156,7110E+0	587,2500E-9	3,0000E+0	1,5002E+0	1,5006E+0	-586,9668E-9
157,2236E+0	589,4385E-9	3,0000E+0	1,4993E+0	1,5001E+0	-583,9804E-9
157,7363E+0	588,8493E-9	3,0000E+0	1,4985E+0	1,4997E+0	-588,9858E-9
158,2490E+0	589,3964E-9	3,0000E+0	1,4978E+0	1,4987E+0	-587,1771E-9
158,7617E+0	591,5848E-9	3,0000E+0	1,4976E+0	1,4981E+0	-592,0143E-9
159,2744E+0	593,0578E-9	3,0000E+0	1,4961E+0	1,4971E+0	-597,8609E-9
159,7870E+0	596,8876E-9	3,0000E+0	1,4956E+0	1,4963E+0	-593,8230E-9
160,2997E+0	598,4868E-9	3,0000E+0	1,4942E+0	1,4953E+0	-596,5991E-9
160,8124E+0	598,5289E-9	3,0000E+0	1,4941E+0	1,4949E+0	-604,0441E-9
161,3251E+0	601,3065E-9	3,0000E+0	1,4933E+0	1,4942E+0	-596,0522E-9
161,8378E+0	600,7594E-9	3,0000E+0	1,4928E+0	1,4933E+0	-604,4647E-9
162,3505E+0	602,2324E-9	3,0000E+0	1,4912E+0	1,4927E+0	-607,3670E-9
162,8632E+0	605,3046E-9	3,0000E+0	1,4903E+0	1,4916E+0	-601,3521E-9
163,3759E+0	604,7575E-9	3,0000E+0	1,4900E+0	1,4910E+0	-608,9234E-9
163,8886E+0	605,8096E-9	3,0000E+0	1,4891E+0	1,4899E+0	-606,3996E-9
164,4012E+0	606,4830E-9	3,0000E+0	1,4888E+0	1,4896E+0	-606,1472E-9
164,9139E+0	605,8096E-9	3,0000E+0	1,4882E+0	1,4888E+0	-610,3955E-9
165,4266E+0	606,8197E-9	3,0000E+0	1,4870E+0	1,4881E+0	-607,9139E-9
165,9392E+0	608,5031E-9	3,0000E+0	1,4862E+0	1,4872E+0	-606,1472E-9
166,4519E+0	606,8618E-9	3,0000E+0	1,4856E+0	1,4865E+0	-610,4797E-9
166,9646E+0	609,5132E-9	3,0000E+0	1,4846E+0	1,4855E+0	-604,8433E-9
167,4772E+0	608,7135E-9	3,0000E+0	1,4837E+0	1,4846E+0	-608,6289E-9
167,9899E+0	608,9240E-9	3,0000E+0	1,4834E+0	1,4841E+0	-611,7836E-9
168,5025E+0	610,0602E-9	3,0000E+0	1,4820E+0	1,4829E+0	-605,0957E-9
169,0152E+0	609,9761E-9	3,0000E+0	1,4810E+0	1,4821E+0	-610,9844E-9
169,5279E+0	610,6915E-9	3,0000E+0	1,4805E+0	1,4811E+0	-608,8392E-9
170,0406E+0	610,4811E-9	3,0000E+0	1,4800E+0	1,4808E+0	-610,4797E-9
170,5533E+0	611,5753E-9	3,0000E+0	1,4788E+0	1,4795E+0	-611,6153E-9
171,0660E+0	611,0703E-9	3,0000E+0	1,4784E+0	1,4791E+0	-612,6669E-9
171,5786E+0	612,8379E-9	3,0000E+0	1,4773E+0	1,4778E+0	-608,8813E-9
172,0913E+0	612,5433E-9	3,0000E+0	1,4771E+0	1,4776E+0	-616,4526E-9
172,6040E+0	613,5112E-9	3,0000E+0	1,4759E+0	1,4767E+0	-611,0265E-9
173,1167E+0	612,4591E-9	3,0000E+0	1,4752E+0	1,4763E+0	-615,6533E-9
173,6294E+0	613,5112E-9	3,0000E+0	1,4742E+0	1,4750E+0	-615,0224E-9
174,1421E+0	614,5213E-9	3,0000E+0	1,4733E+0	1,4741E+0	-610,9424E-9
174,6548E+0	614,0583E-9	3,0000E+0	1,4725E+0	1,4732E+0	-615,5692E-9
175,1674E+0	614,3950E-9	3,0000E+0	1,4718E+0	1,4724E+0	-616,2002E-9
175,6801E+0	614,7738E-9	3,0000E+0	1,4710E+0	1,4716E+0	-615,5271E-9
176,1928E+0	615,1947E-9	3,0000E+0	1,4704E+0	1,4710E+0	-618,1771E-9
176,7055E+0	616,2468E-9	3,0000E+0	1,4695E+0	1,4700E+0	-616,5787E-9
177,2182E+0	616,7939E-9	3,0000E+0	1,4686E+0	1,4694E+0	-616,4105E-9
177,7309E+0	617,2148E-9	3,0000E+0	1,4671E+0	1,4684E+0	-618,0929E-9
178,2436E+0	617,3410E-9	3,0000E+0	1,4672E+0	1,4680E+0	-619,6072E-9
178,7563E+0	618,3089E-9	3,0000E+0	1,4661E+0	1,4670E+0	-619,1445E-9
179,2690E+0	617,7198E-9	3,0000E+0	1,4655E+0	1,4660E+0	-623,4349E-9
179,7816E+0	620,4132E-9	3,0000E+0	1,4639E+0	1,4652E+0	-617,6724E-9
180,2943E+0	620,8762E-9	3,0000E+0	1,4627E+0	1,4641E+0	-617,6724E-9
180,8070E+0	621,7178E-9	3,0000E+0	1,4627E+0	1,4637E+0	-621,1635E-9
181,3197E+0	621,4233E-9	3,0000E+0	1,4618E+0	1,4627E+0	-618,3453E-9
181,8324E+0	621,9283E-9	3,0000E+0	1,4608E+0	1,4619E+0	-623,5610E-9
182,3451E+0	621,5495E-9	3,0000E+0	1,4604E+0	1,4610E+0	-624,9912E-9
182,8578E+0	624,3692E-9	3,0000E+0	1,4595E+0	1,4600E+0	-618,6398E-9
183,3705E+0	624,2430E-9	3,0000E+0	1,4587E+0	1,4593E+0	-623,0563E-9
183,8832E+0	624,6217E-9	3,0000E+0	1,4578E+0	1,4589E+0	-625,7063E-9
184,3959E+0	624,4113E-9	3,0000E+0	1,4573E+0	1,4580E+0	-625,5801E-9
184,9086E+0	625,2531E-9	3,0000E+0	1,4562E+0	1,4566E+0	-626,7999E-9
185,4213E+0	625,6318E-9	3,0000E+0	1,4551E+0	1,4563E+0	-628,6927E-9
185,9340E+0	626,7260E-9	3,0000E+0	1,4546E+0	1,4554E+0	-627,9777E-9
186,4467E+0	627,0627E-9	3,0000E+0	1,4536E+0	1,4543E+0	-630,7959E-9
186,9594E+0	628,7461E-9	3,0000E+0	1,4528E+0	1,4537E+0	-627,2626E-9
187,4721E+0	630,0929E-9	3,0000E+0	1,4518E+0	1,4525E+0	-626,2110E-9
187,9848E+0	629,8824E-9	3,0000E+0	1,4508E+0	1,4518E+0	-631,9735E-9
188,4975E+0	631,1870E-9	3,0000E+0	1,4502E+0	1,4508E+0	-625,7483E-9
189,0101E+0	630,0507E-9	3,0000E+0	1,4491E+0	1,4501E+0	-631,7633E-9
189,5228E+0	631,1029E-9	3,0000E+0	1,4487E+0	1,4494E+0	-633,2775E-9
190,0355E+0	633,1651E-9	3,0000E+0	1,4479E+0	1,4484E+0	-628,2721E-9
190,5482E+0	632,5759E-9	3,0000E+0	1,4467E+0	1,4472E+0	-632,1839E-9
191,0609E+0	633,1230E-9	3,0000E+0	1,4462E+0	1,4469E+0	-636,5584E-9
191,5736E+0	633,9226E-9	3,0000E+0	1,4456E+0	1,4459E+0	-633,8664E-9
192,0863E+0	635,0168E-9	3,0000E+0	1,4445E+0	1,4452E+0	-639,9654E-9
192,5990E+0	636,3215E-9	3,0000E+0	1,4436E+0	1,4444E+0	-638,8718E-9
193,1117E+0	639,0991E-9	3,0000E+0	1,4422E+0	1,4436E+0	-636,6845E-9
193,6244E+0	638,5520E-9	3,0000E+0	1,4418E+0	1,4424E+0	-641,8161E-9
194,1371E+0	640,4037E-9	3,0000E+0	1,4411E+0	1,4416E+0	-640,2178E-9
194,6498E+0	641,1192E-9	3,0000E+0	1,4404E+0	1,4411E+0	-643,3725E-9
195,1625E+0	643,2234E-9	3,0000E+0	1,4392E+0	1,4396E+0	-641,3114E-9
195,6752E+0	643,1393E-9	3,0000E+0	1,4380E+0	1,4390E+0	-642,7836E-9
196,1878E+0	644,1073E-9	3,0000E+0	1,4372E+0	1,4384E+0	-645,2653E-9
196,7005E+0	644,4439E-9	3,0000E+0	1,4368E+0	1,4374E+0	-648,8406E-9
197,2132E+0	646,8849E-9	3,0000E+0	1,4357E+0	1,4364E+0	-643,2883E-9
197,7259E+0	647,8528E-9	3,0000E+0	1,4349E+0	1,4358E+0	-647,4104E-9
198,2386E+0	648,9049E-9	3,0000E+0	1,4340E+0	1,4345E+0	-647,7470E-9
198,7513E+0	649,9571E-9	3,0000E+0	1,4332E+0	1,4336E+0	-647,8732E-9
199,2639E+0	649,7467E-9	3,0000E+0	1,4319E+0	1,4330E+0	-654,2246E-9
199,7767E+0	651,8509E-9	3,0000E+0	1,4314E+0	1,4323E+0	-650,5651E-9
200,2894E+0	652,9872E-9	3,0000E+0	1,4308E+0	1,4311E+0	-649,0088E-9
200,8020E+0	652,1455E-9	3,0000E+0	1,4301E+0	1,4307E+0	-656,4539E-9
201,3147E+0	654,5023E-9	3,0000E+0	1,4292E+0	1,4296E+0	-650,6913E-9
201,8274E+0	654,2077E-9	3,0000E+0	1,4280E+0	1,4287E+0	-654,4349E-9
202,3401E+0	654,9232E-9	3,0000E+0	1,4272E+0	1,4281E+0	-655,3603E-9
202,8528E+0	656,1857E-9	3,0000E+0	1,4261E+0	1,4272E+0	-652,0794E-9
203,3655E+0	656,4382E-9	3,0000E+0	1,4256E+0	1,4263E+0	-656,7062E-9
203,8782E+0	656,5645E-9	3,0000E+0	1,4249E+0	1,4254E+0	-659,3562E-9
204,3909E+0	658,4584E-9	3,0000E+0	1,4241E+0	1,4247E+0	-653,7618E-9
204,9036E+0	656,9011E-9	3,0000E+0	1,4231E+0	1,4240E+0	-661,9641E-9
205,4162E+0	658,8371E-9	3,0000E+0	1,4217E+0	1,4228E+0	-656,3698E-9
205,9289E+0	659,5525E-9	3,0000E+0	1,4210E+0	1,4219E+0	-655,6126E-9
206,4416E+0	659,8050E-9	3,0000E+0	1,4201E+0	1,4212E+0	-659,4823E-9
206,9543E+0	661,4043E-9	3,0000E+0	1,4196E+0	1,4203E+0	-657,0427E-9
207,4669E+0	660,9834E-9	3,0000E+0	1,4193E+0	1,4197E+0	-661,6696E-9
207,9796E+0	661,0676E-9	3,0000E+0	1,4176E+0	1,4183E+0	-665,2449E-9
208,4923E+0	662,5827E-9	3,0000E+0	1,4170E+0	1,4176E+0	-661,5014E-9
209,0050E+0	663,8873E-9	3,0000E+0	1,4163E+0	1,4170E+0	-664,4878E-9
209,5177E+0	663,6769E-9	3,0000E+0	1,4158E+0	1,4163E+0	-666,8433E-9
210,0304E+0	665,1078E-9	3,0000E+0	1,4147E+0	1,4153E+0	-663,6466E-9
210,5431E+0	665,1920E-9	3,0000E+0	1,4135E+0	1,4142E+0	-667,3901E-9
211,0558E+0	666,2862E-9	3,0000E+0	1,4126E+0	1,4133E+0	-664,5299E-9
211,5685E+0	666,0757E-9	3,0000E+0	1,4120E+0	1,4125E+0	-666,7592E-9
212,0811E+0	667,8433E-9	3,0000E+0	1,4105E+0	1,4112E+0	-667,3901E-9
212,5939E+0	667,8013E-9	3,0000E+0	1,4102E+0	1,4107E+0	-667,9790E-9
213,1066E+0	669,6951E-9	3,0000E+0	1,4088E+0	1,4099E+0	-665,3290E-9
213,6192E+0	668,4746E-9	3,0000E+0	1,4081E+0	1,4094E+0	-672,2694E-9
214,1320E+0	669,6109E-9	3,0000E+0	1,4069E+0	1,4083E+0	-669,8297E-9
214,6446E+0	670,4526E-9	3,0000E+0	1,4064E+0	1,4075E+0	-670,8392E-9
215,1573E+0	669,6951E-9	3,0000E+0	1,4060E+0	1,4066E+0	-674,8772E-9
215,6700E+0	672,1781E-9	3,0000E+0	1,4049E+0	1,4056E+0	-668,3996E-9
216,1827E+0	672,5568E-9	3,0000E+0	1,4041E+0	1,4048E+0	-672,8162E-9
216,6954E+0	672,1360E-9	3,0000E+0	1,4030E+0	1,4037E+0	-674,2463E-9
217,2081E+0	673,7774E-9	3,0000E+0	1,4024E+0	1,4032E+0	-670,4186E-9
217,7208E+0	673,4407E-9	3,0000E+0	1,4015E+0	1,4018E+0	-674,2463E-9
218,2335E+0	674,1141E-9	3,0000E+0	1,4008E+0	1,4014E+0	-674,4566E-9
218,7462E+0	675,3766E-9	3,0000E+0	1,3980E+0	1,3983E+0	-672,5218E-9
219,2589E+0	676,5550E-9	3,0000E+0	1,3957E+0	1,3960E+0	-679,2097E-9
219,7716E+0	678,2384E-9	3,0000E+0	1,3928E+0	1,3936E+0	-674,9193E-9
220,2843E+0	677,9859E-9	3,0000E+0	1,3906E+0	1,3912E+0	-680,5977E-9
220,7970E+0	680,3847E-9	3,0000E+0	1,3876E+0	1,3884E+0	-680,3874E-9
221,3097E+0	681,4369E-9	3,0000E+0	1,3853E+0	1,3860E+0	-678,4946E-9
221,8224E+0	682,0682E-9	3,0000E+0	1,3828E+0	1,3836E+0	-678,7890E-9
222,3351E+0	681,8157E-9	3,0000E+0	1,3808E+0	1,3812E+0	-685,0142E-9
222,8478E+0	683,0782E-9	3,0000E+0	1,3777E+0	1,3792E+0	-683,4159E-9
223,3605E+0	684,2145E-9	3,0000E+0	1,3759E+0	1,3766E+0	-684,8881E-9
223,8732E+0	685,3087E-9	3,0000E+0	1,3738E+0	1,3741E+0	-685,8555E-9
224,3859E+0	685,8558E-9	3,0000E+0	1,3710E+0	1,3715E+0	-684,5516E-9
224,8986E+0	687,1605E-9	3,0000E+0	1,3685E+0	1,3690E+0	-686,4023E-9
225,4113E+0	686,8659E-9	3,0000E+0	1,3659E+0	1,3670E+0	-690,3562E-9
225,9240E+0	690,0643E-9	3,0000E+0	1,3637E+0	1,3645E+0	-683,7524E-9
226,4367E+0	689,8539E-9	3,0000E+0	1,3616E+0	1,3623E+0	-690,4824E-9
226,9494E+0	689,7698E-9	3,0000E+0	1,3591E+0	1,3600E+0	-693,5950E-9
227,4621E+0	691,8319E-9	3,0000E+0	1,3566E+0	1,3573E+0	-689,7253E-9
227,9748E+0	692,7578E-9	3,0000E+0	1,3544E+0	1,3550E+0	-692,5855E-9
228,4876E+0	693,1787E-9	3,0000E+0	1,3521E+0	1,3526E+0	-692,4172E-9
229,0003E+0	695,7458E-9	3,0000E+0	1,3497E+0	1,3505E+0	-690,2300E-9
229,5129E+0	695,4933E-9	3,0000E+0	1,3470E+0	1,3483E+0	-696,9600E-9
230,0256E+0	697,3872E-9	3,0000E+0	1,3452E+0	1,3457E+0	-694,7307E-9
230,5383E+0	698,1447E-9	3,0000E+0	1,3426E+0	1,3433E+0	-693,8474E-9
231,0510E+0	697,2189E-9	3,0000E+0	1,3405E+0	1,3414E+0	-702,0075E-9
231,5637E+0	699,4915E-9	3,0000E+0	1,3384E+0	1,3389E+0	-697,8433E-9
232,0764E+0	699,9544E-9	3,0000E+0	1,3371E+0	1,3374E+0	-698,0957E-9
232,5891E+0	698,6497E-9	3,0000E+0	1,3359E+0	1,3364E+0	-703,2273E-9
233,1018E+0	700,3331E-9	3,0000E+0	1,3345E+0	1,3353E+0	-698,8949E-9
233,6145E+0	701,3432E-9	3,0000E+0	1,3332E+0	1,3339E+0	-697,8433E-9
234,1272E+0	699,8281E-9	3,0000E+0	1,3320E+0	1,3328E+0	-705,4987E-9
234,6399E+0	701,3432E-9	3,0000E+0	1,3305E+0	1,3314E+0	-699,8202E-9
235,1526E+0	701,9324E-9	3,0000E+0	1,3294E+0	1,3302E+0	-700,4512E-9
235,6653E+0	702,6058E-9	3,0000E+0	1,3281E+0	1,3290E+0	-703,1431E-9
236,1780E+0	702,4796E-9	3,0000E+0	1,3269E+0	1,3275E+0	-701,7551E-9
236,6907E+0	702,7741E-9	3,0000E+0	1,3257E+0	1,3264E+0	-704,1947E-9
237,2034E+0	703,0266E-9	3,0000E+0	1,3243E+0	1,3252E+0	-705,1201E-9
237,7161E+0	704,2471E-9	3,0000E+0	1,3233E+0	1,3240E+0	-703,4797E-9
238,2288E+0	705,0467E-9	3,0000E+0	1,3218E+0	1,3225E+0	-703,1852E-9
238,7415E+0	704,7942E-9	3,0000E+0	1,3204E+0	1,3218E+0	-706,7184E-9
239,2542E+0	706,3513E-9	3,0000E+0	1,3195E+0	1,3202E+0	-700,9559E-9
239,7668E+0	705,2992E-9	3,0000E+0	1,3184E+0	1,3191E+0	-708,0645E-9
240,2795E+0	706,3935E-9	3,0000E+0	1,3173E+0	1,3178E+0	-705,9613E-9
240,7922E+0	706,8984E-9	3,0000E+0	1,3159E+0	1,3165E+0	-704,9939E-9
241,3049E+0	706,3935E-9	3,0000E+0	1,3148E+0	1,3154E+0	-711,0509E-9
241,8177E+0	708,7923E-9	3,0000E+0	1,3138E+0	1,3142E+0	-705,5407E-9
242,3304E+0	709,0869E-9	3,0000E+0	1,3125E+0	1,3131E+0	-705,1201E-9
242,8430E+0	708,5398E-9	3,0000E+0	1,3113E+0	1,3120E+0	-709,7469E-9
243,3557E+0	709,3815E-9	3,0000E+0	1,3101E+0	1,3107E+0	-706,7184E-9
243,8684E+0	709,7602E-9	3,0000E+0	1,3087E+0	1,3092E+0	-705,5407E-9
244,3811E+0	708,8344E-9	3,0000E+0	1,3078E+0	1,3084E+0	-709,9152E-9
244,8938E+0	709,7182E-9	3,0000E+0	1,3065E+0	1,3071E+0	-707,6018E-9
245,4066E+0	708,8765E-9	3,0000E+0	1,3051E+0	1,3057E+0	-711,2612E-9
245,9193E+0	709,2552E-9	3,0000E+0	1,3037E+0	1,3048E+0	-710,6303E-9
246,4319E+0	710,1811E-9	3,0000E+0	1,3030E+0	1,3036E+0	-708,7795E-9
246,9446E+0	709,7182E-9	3,0000E+0	1,3012E+0	1,3024E+0	-711,8501E-9
247,4573E+0	711,2333E-9	3,0000E+0	1,3001E+0	1,3015E+0	-711,1350E-9
247,9701E+0	711,1911E-9	3,0000E+0	1,2995E+0	1,3000E+0	-710,4200E-9
248,4828E+0	710,9807E-9	3,0000E+0	1,2983E+0	1,2992E+0	-714,9627E-9
248,9954E+0	712,5799E-9	3,0000E+0	1,2973E+0	1,2980E+0	-712,0183E-9
249,5081E+0	714,6842E-9	3,0000E+0	1,2958E+0	1,2967E+0	-708,6533E-9
250,0208E+0	715,1472E-9	3,0000E+0	1,2945E+0	1,2957E+0	-715,0468E-9
250,5335E+0	717,1673E-9	3,0000E+0	1,2933E+0	1,2942E+0	-714,5421E-9
251,0462E+0	718,0511E-9	3,0000E+0	1,2920E+0	1,2933E+0	-717,4023E-9
251,5589E+0	719,4399E-9	3,0000E+0	1,2906E+0	1,2919E+0	-722,0713E-9
252,0716E+0	721,3758E-9	3,0000E+0	1,2896E+0	1,2911E+0	-721,5665E-9
252,5843E+0	722,5541E-9	3,0000E+0	1,2887E+0	1,2900E+0	-723,6276E-9
253,0970E+0	722,6383E-9	3,0000E+0	1,2884E+0	1,2889E+0	-728,2545E-9
253,6097E+0	724,8268E-9	3,0000E+0	1,2867E+0	1,2876E+0	-723,7117E-9
254,1225E+0	725,1634E-9	3,0000E+0	1,2859E+0	1,2863E+0	-728,3806E-9
254,6351E+0	726,6365E-9	3,0000E+0	1,2844E+0	1,2853E+0	-726,3616E-9
255,1478E+0	727,0573E-9	3,0000E+0	1,2833E+0	1,2846E+0	-726,5719E-9
255,6605E+0	727,2677E-9	3,0000E+0	1,2826E+0	1,2834E+0	-731,8297E-9
256,1732E+0	729,0774E-9	3,0000E+0	1,2814E+0	1,2821E+0	-730,9885E-9
256,6859E+0	731,3500E-9	3,0000E+0	1,2794E+0	1,2806E+0	-725,9410E-9
257,1986E+0	731,8130E-9	3,0000E+0	1,2790E+0	1,2797E+0	-731,5774E-9
257,7113E+0	732,9913E-9	3,0000E+0	1,2780E+0	1,2788E+0	-729,9790E-9
258,2240E+0	732,8651E-9	3,0000E+0	1,2769E+0	1,2775E+0	-733,6805E-9
258,7367E+0	732,2759E-9	3,0000E+0	1,2759E+0	1,2762E+0	-737,2137E-9
259,2494E+0	734,8010E-9	3,0000E+0	1,2742E+0	1,2756E+0	-732,6710E-9
259,7621E+0	733,7068E-9	3,0000E+0	1,2729E+0	1,2741E+0	-735,2788E-9
260,2748E+0	735,1798E-9	3,0000E+0	1,2722E+0	1,2730E+0	-734,3955E-9
260,7875E+0	735,4744E-9	3,0000E+0	1,2710E+0	1,2720E+0	-734,8582E-9
261,3002E+0	736,6107E-9	3,0000E+0	1,2699E+0	1,2709E+0	-734,3955E-9
261,8129E+0	737,3261E-9	3,0000E+0	1,2692E+0	1,2695E+0	-735,3209E-9
262,3256E+0	737,1999E-9	3,0000E+0	1,2677E+0	1,2687E+0	-737,6344E-9
262,8383E+0	738,1257E-9	3,0000E+0	1,2664E+0	1,2675E+0	-739,0644E-9
263,3510E+0	738,9253E-9	3,0000E+0	1,2652E+0	1,2665E+0	-739,4431E-9
263,8637E+0	739,6408E-9	3,0000E+0	1,2648E+0	1,2654E+0	-739,7375E-9
264,3764E+0	740,9876E-9	3,0000E+0	1,2633E+0	1,2642E+0	-741,7564E-9
264,8891E+0	742,0397E-9	3,0000E+0	1,2623E+0	1,2634E+0	-738,7700E-9
265,4018E+0	741,4084E-9	3,0000E+0	1,2617E+0	1,2624E+0	-741,2096E-9
265,9145E+0	741,7451E-9	3,0000E+0	1,2604E+0	1,2611E+0	-744,8691E-9
266,4272E+0	743,8073E-9	3,0000E+0	1,2595E+0	1,2601E+0	-740,7469E-9
266,9399E+0	743,8493E-9	3,0000E+0	1,2581E+0	1,2589E+0	-742,8501E-9
267,4526E+0	745,1119E-9	3,0000E+0	1,2573E+0	1,2578E+0	-744,0699E-9
267,9653E+0	745,7853E-9	3,0000E+0	1,2564E+0	1,2568E+0	-742,5556E-9
268,4780E+0	745,5748E-9	3,0000E+0	1,2549E+0	1,2559E+0	-746,8039E-9
268,9907E+0	747,6370E-9	3,0000E+0	1,2539E+0	1,2547E+0	-746,1730E-9
269,5034E+0	747,9316E-9	3,0000E+0	1,2531E+0	1,2539E+0	-744,7849E-9
270,0162E+0	748,5208E-9	3,0000E+0	1,2517E+0	1,2526E+0	-748,6126E-9
270,5288E+0	748,7733E-9	3,0000E+0	1,2512E+0	1,2517E+0	-750,9681E-9
271,0415E+0	751,1721E-9	3,0000E+0	1,2498E+0	1,2503E+0	-746,2151E-9
271,5543E+0	750,8776E-9	3,0000E+0	1,2484E+0	1,2495E+0	-752,6086E-9
272,0669E+0	751,0459E-9	3,0000E+0	1,2476E+0	1,2484E+0	-749,8745E-9
272,5796E+0	752,1401E-9	3,0000E+0	1,2465E+0	1,2474E+0	-750,0848E-9
273,0923E+0	752,9819E-9	3,0000E+0	1,2454E+0	1,2464E+0	-750,7999E-9
273,6050E+0	752,8135E-9	3,0000E+0	1,2446E+0	1,2452E+0	-751,6412E-9
274,1177E+0	753,7394E-9	3,0000E+0	1,2433E+0	1,2441E+0	-751,3046E-9
274,6305E+0	753,1081E-9	3,0000E+0	1,2426E+0	1,2433E+0	-754,6697E-9
275,1432E+0	754,8757E-9	3,0000E+0	1,2417E+0	1,2424E+0	-752,1038E-9
275,6559E+0	754,5810E-9	3,0000E+0	1,2408E+0	1,2412E+0	-756,3521E-9
276,1685E+0	755,1282E-9	3,0000E+0	1,2394E+0	1,2403E+0	-755,1323E-9
276,6812E+0	755,7595E-9	3,0000E+0	1,2385E+0	1,2393E+0	-753,2815E-9
277,1939E+0	755,1282E-9	3,0000E+0	1,2371E+0	1,2378E+0	-755,4688E-9
277,7067E+0	755,5911E-9	3,0000E+0	1,2365E+0	1,2372E+0	-756,9830E-9
278,2194E+0	757,1483E-9	3,0000E+0	1,2352E+0	1,2364E+0	-755,4688E-9
278,7321E+0	756,5170E-9	3,0000E+0	1,2342E+0	1,2350E+0	-757,1934E-9
279,2448E+0	758,2846E-9	3,0000E+0	1,2332E+0	1,2338E+0	-752,8189E-9
279,7574E+0	757,7796E-9	3,0000E+0	1,2323E+0	1,2329E+0	-758,5394E-9
280,2701E+0	758,1162E-9	3,0000E+0	1,2312E+0	1,2318E+0	-757,4037E-9
280,7828E+0	759,7575E-9	3,0000E+0	1,2301E+0	1,2311E+0	-754,3752E-9
281,2955E+0	759,3367E-9	3,0000E+0	1,2292E+0	1,2298E+0	-758,7076E-9
281,8082E+0	760,2205E-9	3,0000E+0	1,2278E+0	1,2292E+0	-757,0672E-9
282,3210E+0	760,7255E-9	3,0000E+0	1,2275E+0	1,2278E+0	-755,9735E-9
282,8336E+0	760,1784E-9	3,0000E+0	1,2260E+0	1,2269E+0	-760,1378E-9
283,3463E+0	761,0201E-9	3,0000E+0	1,2255E+0	1,2259E+0	-759,2965E-9
283,8591E+0	760,9359E-9	3,0000E+0	1,2246E+0	1,2252E+0	-760,4322E-9
284,3718E+0	760,5572E-9	3,0000E+0	1,2234E+0	1,2243E+0	-765,6479E-9
284,8845E+0	762,5352E-9	3,0000E+0	1,2223E+0	1,2229E+0	-757,5299E-9
285,3972E+0	762,3668E-9	3,0000E+0	1,2208E+0	1,2218E+0	-761,6099E-9
285,9099E+0	762,0302E-9	3,0000E+0	1,2201E+0	1,2210E+0	-762,5773E-9
286,4226E+0	762,4089E-9	3,0000E+0	1,2188E+0	1,2200E+0	-760,9790E-9
286,9353E+0	761,8618E-9	3,0000E+0	1,2182E+0	1,2189E+0	-765,6058E-9
287,4480E+0	762,2827E-9	3,0000E+0	1,2176E+0	1,2180E+0	-765,1852E-9
287,9606E+0	763,2086E-9	3,0000E+0	1,2167E+0	1,2174E+0	-763,2083E-9
288,4733E+0	762,8298E-9	3,0000E+0	1,2157E+0	1,2163E+0	-765,3534E-9
288,9860E+0	763,5873E-9	3,0000E+0	1,2142E+0	1,2148E+0	-762,2829E-9
289,4987E+0	762,6614E-9	3,0000E+0	1,2135E+0	1,2142E+0	-764,8487E-9
290,0114E+0	763,2927E-9	3,0000E+0	1,2128E+0	1,2134E+0	-768,5923E-9
290,5241E+0	765,7337E-9	3,0000E+0	1,2115E+0	1,2123E+0	-763,2083E-9
291,0368E+0	765,6495E-9	3,0000E+0	1,2106E+0	1,2113E+0	-767,7510E-9
291,5495E+0	766,7858E-9	3,0000E+0	1,2096E+0	1,2102E+0	-765,8582E-9
292,0623E+0	767,0804E-9	3,0000E+0	1,2082E+0	1,2093E+0	-765,9424E-9
292,5749E+0	767,5854E-9	3,0000E+0	1,2079E+0	1,2084E+0	-769,9383E-9
293,0876E+0	768,3009E-9	3,0000E+0	1,2070E+0	1,2077E+0	-771,2001E-9
293,6003E+0	770,7839E-9	3,0000E+0	1,2057E+0	1,2064E+0	-764,5543E-9
294,1130E+0	769,0584E-9	3,0000E+0	1,2049E+0	1,2057E+0	-772,9247E-9
294,6257E+0	770,2789E-9	3,0000E+0	1,2037E+0	1,2047E+0	-771,3684E-9
295,1383E+0	770,9943E-9	3,0000E+0	1,2030E+0	1,2036E+0	-771,6628E-9
295,6510E+0	772,4252E-9	3,0000E+0	1,2016E+0	1,2026E+0	-773,7660E-9
296,1637E+0	774,6978E-9	3,0000E+0	1,2006E+0	1,2018E+0	-770,5692E-9
296,6764E+0	775,0345E-9	3,0000E+0	1,2001E+0	1,2007E+0	-773,0088E-9
297,1891E+0	775,0766E-9	3,0000E+0	1,1995E+0	1,1996E+0	-779,9912E-9
297,7018E+0	777,3071E-9	3,0000E+0	1,1987E+0	1,1990E+0	-775,3644E-9
298,2145E+0	776,3812E-9	3,0000E+0	1,1979E+0	1,1980E+0	-780,6221E-9
298,7272E+0	776,6758E-9	3,0000E+0	1,1962E+0	1,1972E+0	-779,8650E-9
299,2399E+0	778,0646E-9	3,0000E+0	1,1955E+0	1,1961E+0	-776,8365E-9
299,7526E+0	779,6639E-9	3,0000E+0	1,1941E+0	1,1952E+0	-779,3182E-9
300,2653E+0	780,2110E-9	3,0000E+0	1,1938E+0	1,1946E+0	-778,1405E-9
300,7780E+0	779,9164E-9	3,0000E+0	1,1926E+0	1,1934E+0	-780,6221E-9
301,2907E+0	781,3894E-9	3,0000E+0	1,1911E+0	1,1923E+0	-781,0849E-9
301,8033E+0	782,1890E-9	3,0000E+0	1,1907E+0	1,1915E+0	-780,0753E-9
302,3160E+0	784,2091E-9	3,0000E+0	1,1899E+0	1,1908E+0	-784,4498E-9
302,8287E+0	784,0408E-9	3,0000E+0	1,1887E+0	1,1896E+0	-784,5760E-9
303,3413E+0	786,4817E-9	3,0000E+0	1,1881E+0	1,1887E+0	-782,5149E-9
303,8540E+0	785,1771E-9	3,0000E+0	1,1875E+0	1,1881E+0	-790,2965E-9
304,3667E+0	786,2713E-9	3,0000E+0	1,1862E+0	1,1868E+0	-788,1513E-9
304,8794E+0	788,5438E-9	3,0000E+0	1,1849E+0	1,1858E+0	-784,4498E-9
305,3921E+0	788,5438E-9	3,0000E+0	1,1843E+0	1,1848E+0	-790,9275E-9
305,9048E+0	789,8485E-9	3,0000E+0	1,1833E+0	1,1841E+0	-785,6696E-9
306,4175E+0	790,5219E-9	3,0000E+0	1,1827E+0	1,1833E+0	-790,5489E-9
306,9302E+0	790,1431E-9	3,0000E+0	1,1817E+0	1,1825E+0	-794,0822E-9
307,4429E+0	792,4579E-9	3,0000E+0	1,1803E+0	1,1816E+0	-786,9735E-9
307,9556E+0	791,6161E-9	3,0000E+0	1,1799E+0	1,1806E+0	-792,9884E-9
308,4682E+0	791,1532E-9	3,0000E+0	1,1787E+0	1,1799E+0	-796,1431E-9
308,9809E+0	792,5420E-9	3,0000E+0	1,1777E+0	1,1786E+0	-788,2354E-9
309,4936E+0	791,0690E-9	3,0000E+0	1,1771E+0	1,1778E+0	-795,3440E-9
310,0063E+0	791,9107E-9	3,0000E+0	1,1763E+0	1,1768E+0	-789,2029E-9
310,5190E+0	790,4798E-9	3,0000E+0	1,1751E+0	1,1764E+0	-791,2219E-9
311,0317E+0	789,7223E-9	3,0000E+0	1,1742E+0	1,1751E+0	-792,7361E-9
311,5444E+0	790,6060E-9	3,0000E+0	1,1731E+0	1,1741E+0	-787,9410E-9
312,0570E+0	790,2694E-9	3,0000E+0	1,1725E+0	1,1735E+0	-785,8379E-9
312,5697E+0	788,1230E-9	3,0000E+0	1,1719E+0	1,1727E+0	-792,6099E-9
313,0824E+0	789,7223E-9	3,0000E+0	1,1708E+0	1,1718E+0	-784,6180E-9
313,5951E+0	788,5438E-9	3,0000E+0	1,1700E+0	1,1708E+0	-788,3617E-9
314,1078E+0	786,8605E-9	3,0000E+0	1,1689E+0	1,1699E+0	-788,1093E-9
314,6205E+0	787,7022E-9	3,0000E+0	1,1675E+0	1,1689E+0	-782,8514E-9
315,1332E+0	785,8084E-9	3,0000E+0	1,1677E+0	1,1683E+0	-787,2259E-9
315,6458E+0	785,0088E-9	3,0000E+0	1,1662E+0	1,1674E+0	-788,6982E-9
316,1586E+0	786,1450E-9	3,0000E+0	1,1661E+0	1,1666E+0	-784,4919E-9
316,6713E+0	785,8504E-9	3,0000E+0	1,1648E+0	1,1655E+0	-786,5108E-9
317,1840E+0	786,5238E-9	3,0000E+0	1,1639E+0	1,1647E+0	-784,4498E-9
317,6967E+0	786,9026E-9	3,0000E+0	1,1632E+0	1,1638E+0	-784,0713E-9
318,2094E+0	785,5558E-9	3,0000E+0	1,1622E+0	1,1628E+0	-787,6044E-9
318,7221E+0	785,8504E-9	3,0000E+0	1,1615E+0	1,1622E+0	-786,6791E-9
319,2347E+0	785,5979E-9	3,0000E+0	1,1607E+0	1,1611E+0	-787,4783E-9
319,7474E+0	785,8504E-9	3,0000E+0	1,1598E+0	1,1605E+0	-788,9925E-9
320,2601E+0	786,6079E-9	3,0000E+0	1,1586E+0	1,1593E+0	-782,3046E-9
320,7728E+0	785,5558E-9	3,0000E+0	1,1576E+0	1,1585E+0	-785,7537E-9
321,2855E+0	785,0088E-9	3,0000E+0	1,1572E+0	1,1577E+0	-789,2449E-9
321,7982E+0	786,9026E-9	3,0000E+0	1,1563E+0	1,1569E+0	-783,0618E-9
322,3109E+0	785,4296E-9	3,0000E+0	1,1555E+0	1,1560E+0	-788,9925E-9
322,8236E+0	784,9666E-9	3,0000E+0	1,1546E+0	1,1553E+0	-789,6235E-9
323,3363E+0	786,1029E-9	3,0000E+0	1,1534E+0	1,1545E+0	-786,5530E-9
323,8490E+0	786,0187E-9	3,0000E+0	1,1527E+0	1,1534E+0	-787,2259E-9
324,3617E+0	787,0709E-9	3,0000E+0	1,1518E+0	1,1528E+0	-787,0997E-9
324,8744E+0	787,5760E-9	3,0000E+0	1,1511E+0	1,1519E+0	-785,5855E-9
325,3871E+0	786,4817E-9	3,0000E+0	1,1507E+0	1,1512E+0	-788,0251E-9
325,8998E+0	787,7022E-9	3,0000E+0	1,1494E+0	1,1503E+0	-782,8936E-9
326,4125E+0	785,8084E-9	3,0000E+0	1,1484E+0	1,1489E+0	-782,8094E-9
326,9252E+0	784,3353E-9	3,0000E+0	1,1476E+0	1,1486E+0	-790,8853E-9
327,4378E+0	787,1551E-9	3,0000E+0	1,1465E+0	1,1473E+0	-783,0197E-9
327,9506E+0	787,0709E-9	3,0000E+0	1,1461E+0	1,1468E+0	-789,5394E-9
328,4633E+0	787,7863E-9	3,0000E+0	1,1455E+0	1,1459E+0	-787,4362E-9
328,9759E+0	788,5860E-9	3,0000E+0	1,1442E+0	1,1453E+0	-786,1323E-9
329,4886E+0	788,1230E-9	3,0000E+0	1,1435E+0	1,1439E+0	-790,1282E-9
330,0013E+0	788,9648E-9	3,0000E+0	1,1425E+0	1,1434E+0	-787,7307E-9
330,5140E+0	788,8385E-9	3,0000E+0	1,1420E+0	1,1429E+0	-787,8568E-9
331,0267E+0	789,3856E-9	3,0000E+0	1,1410E+0	1,1417E+0	-789,3711E-9
331,5394E+0	788,2913E-9	3,0000E+0	1,1405E+0	1,1406E+0	-791,5584E-9
332,0521E+0	788,7963E-9	3,0000E+0	1,1390E+0	1,1399E+0	-786,5108E-9
332,5647E+0	789,2593E-9	3,0000E+0	1,1385E+0	1,1393E+0	-791,9369E-9
333,0774E+0	788,4597E-9	3,0000E+0	1,1375E+0	1,1384E+0	-789,7077E-9
333,5901E+0	789,5118E-9	3,0000E+0	1,1365E+0	1,1374E+0	-785,5855E-9
334,1028E+0	790,8586E-9	3,0000E+0	1,1360E+0	1,1368E+0	-791,8107E-9
334,6155E+0	792,3737E-9	3,0000E+0	1,1355E+0	1,1360E+0	-789,6655E-9
335,1282E+0	792,5840E-9	3,0000E+0	1,1345E+0	1,1353E+0	-794,4607E-9
335,6409E+0	794,1833E-9	3,0000E+0	1,1335E+0	1,1339E+0	-794,2504E-9
336,1536E+0	796,2454E-9	3,0000E+0	1,1330E+0	1,1335E+0	-794,7971E-9
336,6663E+0	797,5080E-9	3,0000E+0	1,1317E+0	1,1325E+0	-794,6710E-9
337,1790E+0	796,4980E-9	3,0000E+0	1,1310E+0	1,1317E+0	-800,2232E-9
337,6917E+0	799,7385E-9	3,0000E+0	1,1301E+0	1,1312E+0	-795,5122E-9
338,2044E+0	798,8548E-9	3,0000E+0	1,1297E+0	1,1303E+0	-800,4756E-9
338,7171E+0	800,3698E-9	3,0000E+0	1,1279E+0	1,1293E+0	-799,7185E-9
339,2298E+0	801,5904E-9	3,0000E+0	1,1280E+0	1,1289E+0	-798,9613E-9
339,7424E+0	800,6644E-9	3,0000E+0	1,1267E+0	1,1277E+0	-803,6303E-9
340,2551E+0	801,8429E-9	3,0000E+0	1,1263E+0	1,1268E+0	-799,2558E-9
340,7678E+0	800,9590E-9	3,0000E+0	1,1254E+0	1,1265E+0	-801,6954E-9
341,2805E+0	801,5904E-9	3,0000E+0	1,1245E+0	1,1251E+0	-801,9057E-9
341,7932E+0	801,1274E-9	3,0000E+0	1,1239E+0	1,1248E+0	-801,4430E-9
342,3058E+0	800,3277E-9	3,0000E+0	1,1229E+0	1,1238E+0	-800,4335E-9
342,8185E+0	799,6123E-9	3,0000E+0	1,1221E+0	1,1227E+0	-801,1486E-9
343,3312E+0	801,3378E-9	3,0000E+0	1,1214E+0	1,1221E+0	-796,6900E-9
343,8439E+0	801,2116E-9	3,0000E+0	1,1207E+0	1,1214E+0	-797,5312E-9
344,3567E+0	799,4018E-9	3,0000E+0	1,1200E+0	1,1208E+0	-804,1770E-9
344,8694E+0	801,8008E-9	3,0000E+0	1,1185E+0	1,1197E+0	-795,9329E-9
345,3820E+0	800,9590E-9	3,0000E+0	1,1183E+0	1,1188E+0	-801,6534E-9
345,8947E+0	801,0853E-9	3,0000E+0	1,1178E+0	1,1183E+0	-804,1770E-9
346,4074E+0	802,9371E-9	3,0000E+0	1,1165E+0	1,1172E+0	-796,9423E-9
346,9201E+0	802,2216E-9	3,0000E+0	1,1162E+0	1,1168E+0	-804,3453E-9
347,4328E+0	802,7266E-9	3,0000E+0	1,1152E+0	1,1162E+0	-804,2612E-9
347,9456E+0	803,1474E-9	3,0000E+0	1,1146E+0	1,1150E+0	-802,8311E-9
348,4582E+0	804,3259E-9	3,0000E+0	1,1137E+0	1,1141E+0	-802,6628E-9
348,9709E+0	804,7888E-9	3,0000E+0	1,1129E+0	1,1134E+0	-805,2286E-9
349,4836E+0	805,6305E-9	3,0000E+0	1,1121E+0	1,1127E+0	-803,1255E-9
349,9963E+0	805,4622E-9	3,0000E+0	1,1108E+0	1,1118E+0	-806,1540E-9
350,5090E+0	806,6826E-9	3,0000E+0	1,1096E+0	1,1111E+0	-803,0414E-9
351,0217E+0	806,1776E-9	3,0000E+0	1,1104E+0	1,1102E+0	-807,7944E-9
351,5344E+0	806,5985E-9	3,0000E+0	1,1083E+0	1,1096E+0	-809,0563E-9
352,0471E+0	808,6186E-9	3,0000E+0	1,1078E+0	1,1088E+0	-804,3874E-9
352,5598E+0	809,3340E-9	3,0000E+0	1,1073E+0	1,1080E+0	-807,2476E-9
353,0724E+0	808,3240E-9	3,0000E+0	1,1067E+0	1,1074E+0	-812,3372E-9
353,5851E+0	810,4703E-9	3,0000E+0	1,1057E+0	1,1064E+0	-805,3548E-9
354,0978E+0	809,8812E-9	3,0000E+0	1,1052E+0	1,1058E+0	-812,2951E-9
354,6105E+0	809,2919E-9	3,0000E+0	1,1041E+0	1,1051E+0	-814,7348E-9
355,1232E+0	811,7749E-9	3,0000E+0	1,1034E+0	1,1037E+0	-808,9722E-9
355,6359E+0	811,5224E-9	3,0000E+0	1,1026E+0	1,1032E+0	-810,9911E-9
356,1486E+0	812,4484E-9	3,0000E+0	1,1019E+0	1,1023E+0	-812,2531E-9
356,6613E+0	813,6267E-9	3,0000E+0	1,1008E+0	1,1021E+0	-811,6642E-9
357,1739E+0	813,5004E-9	3,0000E+0	1,1002E+0	1,1009E+0	-814,6507E-9
357,6866E+0	814,0476E-9	3,0000E+0	1,0994E+0	1,0999E+0	-812,6316E-9
358,1993E+0	815,6889E-9	3,0000E+0	1,0980E+0	1,0995E+0	-810,2762E-9
358,7119E+0	813,7951E-9	3,0000E+0	1,0980E+0	1,0987E+0	-819,4457E-9
359,2246E+0	815,8993E-9	3,0000E+0	1,0969E+0	1,0980E+0	-813,9356E-9
359,7373E+0	815,8573E-9	3,0000E+0	1,0966E+0	1,0973E+0	-815,7863E-9
360,2500E+0	816,9093E-9	3,0000E+0	1,0957E+0	1,0963E+0	-816,4172E-9
360,7627E+0	816,9515E-9	3,0000E+0	1,0948E+0	1,0956E+0	-816,5014E-9
361,2754E+0	817,4985E-9	3,0000E+0	1,0945E+0	1,0949E+0	-818,9831E-9
361,7881E+0	819,2662E-9	3,0000E+0	1,0932E+0	1,0941E+0	-817,8054E-9
362,3008E+0	819,3924E-9	3,0000E+0	1,0927E+0	1,0932E+0	-816,9220E-9
362,8135E+0	819,2662E-9	3,0000E+0	1,0917E+0	1,0928E+0	-822,5584E-9
363,3262E+0	819,8132E-9	3,0000E+0	1,0912E+0	1,0918E+0	-822,4321E-9
363,8389E+0	822,2121E-9	3,0000E+0	1,0907E+0	1,0911E+0	-817,7212E-9
364,3516E+0	822,4226E-9	3,0000E+0	1,0897E+0	1,0904E+0	-820,3712E-9
364,8643E+0	822,6751E-9	3,0000E+0	1,0888E+0	1,0896E+0	-821,3385E-9
365,3770E+0	823,3063E-9	3,0000E+0	1,0882E+0	1,0890E+0	-822,8108E-9
365,8897E+0	823,4326E-9	3,0000E+0	1,0876E+0	1,0883E+0	-827,6058E-9
366,4023E+0	824,9476E-9	3,0000E+0	1,0868E+0	1,0878E+0	-827,6479E-9
366,9150E+0	825,4527E-9	3,0000E+0	1,0859E+0	1,0866E+0	-825,5027E-9
367,4277E+0	827,0098E-9	3,0000E+0	1,0856E+0	1,0860E+0	-828,1947E-9
367,9405E+0	829,1141E-9	3,0000E+0	1,0846E+0	1,0850E+0	-824,5353E-9
368,4532E+0	830,1662E-9	3,0000E+0	1,0839E+0	1,0846E+0	-828,3630E-9
368,9659E+0	830,3767E-9	3,0000E+0	1,0831E+0	1,0838E+0	-831,4335E-9
369,4785E+0	831,5971E-9	3,0000E+0	1,0821E+0	1,0828E+0	-826,9749E-9
369,9913E+0	831,7654E-9	3,0000E+0	1,0816E+0	1,0823E+0	-831,3914E-9
370,5039E+0	832,5651E-9	3,0000E+0	1,0808E+0	1,0816E+0	-832,7795E-9
371,0166E+0	832,5651E-9	3,0000E+0	1,0799E+0	1,0808E+0	-829,4987E-9
371,5294E+0	832,4809E-9	3,0000E+0	1,0796E+0	1,0804E+0	-835,6398E-9
372,0421E+0	832,4388E-9	3,0000E+0	1,0787E+0	1,0791E+0	-834,3779E-9
372,5548E+0	835,2164E-9	3,0000E+0	1,0776E+0	1,0784E+0	-830,3400E-9
373,0675E+0	834,4589E-9	3,0000E+0	1,0775E+0	1,0779E+0	-837,8692E-9
373,5802E+0	835,8477E-9	3,0000E+0	1,0759E+0	1,0773E+0	-833,8311E-9
374,0928E+0	835,9740E-9	3,0000E+0	1,0755E+0	1,0761E+0	-832,9478E-9
374,6055E+0	835,7635E-9	3,0000E+0	1,0748E+0	1,0758E+0	-840,4770E-9
375,1182E+0	836,6053E-9	3,0000E+0	1,0741E+0	1,0750E+0	-837,2381E-9
375,6309E+0	837,3207E-9	3,0000E+0	1,0727E+0	1,0741E+0	-835,3874E-9
376,1436E+0	838,4149E-9	3,0000E+0	1,0727E+0	1,0733E+0	-837,6588E-9
376,6563E+0	840,0563E-9	3,0000E+0	1,0722E+0	1,0730E+0	-837,4484E-9
377,1690E+0	841,4451E-9	3,0000E+0	1,0712E+0	1,0721E+0	-838,2476E-9
377,6817E+0	840,5192E-9	3,0000E+0	1,0708E+0	1,0712E+0	-843,2530E-9
378,1944E+0	842,1184E-9	3,0000E+0	1,0700E+0	1,0705E+0	-840,7293E-9
378,7071E+0	842,7076E-9	3,0000E+0	1,0692E+0	1,0698E+0	-843,8420E-9
379,2198E+0	844,0965E-9	3,0000E+0	1,0680E+0	1,0690E+0	-842,8745E-9
379,7325E+0	846,4953E-9	3,0000E+0	1,0680E+0	1,0687E+0	-844,0102E-9
380,2453E+0	846,5795E-9	3,0000E+0	1,0672E+0	1,0680E+0	-849,7307E-9
380,7580E+0	847,5474E-9	3,0000E+0	1,0659E+0	1,0670E+0	-847,9220E-9
381,2707E+0	849,8621E-9	3,0000E+0	1,0655E+0	1,0663E+0	-846,9125E-9
381,7834E+0	849,0625E-9	3,0000E+0	1,0655E+0	1,0657E+0	-852,8013E-9
382,2960E+0	851,5456E-9	3,0000E+0	1,0637E+0	1,0651E+0	-849,8990E-9
382,8087E+0	852,0926E-9	3,0000E+0	1,0638E+0	1,0645E+0	-852,9274E-9
383,3214E+0	851,6297E-9	3,0000E+0	1,0630E+0	1,0635E+0	-857,3861E-9
383,8341E+0	854,2811E-9	3,0000E+0	1,0617E+0	1,0628E+0	-853,0116E-9
384,3468E+0	855,0386E-9	3,0000E+0	1,0611E+0	1,0619E+0	-854,9044E-9
384,8595E+0	855,3332E-9	3,0000E+0	1,0608E+0	1,0610E+0	-854,8623E-9
385,3721E+0	856,4695E-9	3,0000E+0	1,0601E+0	1,0605E+0	-854,1052E-9
385,8848E+0	857,2270E-9	3,0000E+0	1,0591E+0	1,0599E+0	-857,0915E-9
386,3975E+0	856,5537E-9	3,0000E+0	1,0588E+0	1,0594E+0	-859,0265E-9
386,9102E+0	859,0367E-9	3,0000E+0	1,0576E+0	1,0585E+0	-853,9369E-9
387,4229E+0	858,2371E-9	3,0000E+0	1,0574E+0	1,0580E+0	-861,3400E-9
387,9356E+0	859,4154E-9	3,0000E+0	1,0564E+0	1,0573E+0	-860,2462E-9
388,4483E+0	860,8885E-9	3,0000E+0	1,0556E+0	1,0562E+0	-857,1757E-9
388,9610E+0	859,9205E-9	3,0000E+0	1,0549E+0	1,0555E+0	-864,5787E-9
389,4737E+0	861,4356E-9	3,0000E+0	1,0542E+0	1,0553E+0	-860,4566E-9
389,9864E+0	862,1931E-9	3,0000E+0	1,0534E+0	1,0544E+0	-860,7090E-9
390,4991E+0	862,8244E-9	3,0000E+0	1,0528E+0	1,0538E+0	-862,0129E-9
391,0118E+0	861,5618E-9	3,0000E+0	1,0520E+0	1,0525E+0	-856,1662E-9
391,5244E+0	860,6359E-9	3,0000E+0	1,0508E+0	1,0521E+0	-859,2789E-9
392,0371E+0	859,0367E-9	3,0000E+0	1,0506E+0	1,0513E+0	-857,5963E-9
392,5499E+0	858,2371E-9	3,0000E+0	1,0502E+0	1,0508E+0	-857,8487E-9
393,0626E+0	858,9104E-9	3,0000E+0	1,0494E+0	1,0502E+0	-858,8162E-9
393,5753E+0	859,0367E-9	3,0000E+0	1,0484E+0	1,0494E+0	-857,5963E-9
394,0880E+0	858,0267E-9	3,0000E+0	1,0477E+0	1,0489E+0	-858,7741E-9
394,6006E+0	858,8684E-9	3,0000E+0	1,0473E+0	1,0480E+0	-857,5543E-9
395,1133E+0	859,4154E-9	3,0000E+0	1,0469E+0	1,0473E+0	-858,1432E-9
395,6261E+0	859,7101E-9	3,0000E+0	1,0461E+0	1,0468E+0	-857,8908E-9
396,1388E+0	859,1629E-9	3,0000E+0	1,0456E+0	1,0459E+0	-859,4891E-9
396,6515E+0	858,7842E-9	3,0000E+0	1,0442E+0	1,0451E+0	-856,3766E-9
397,1642E+0	858,1529E-9	3,0000E+0	1,0435E+0	1,0447E+0	-858,6900E-9
397,6769E+0	855,8803E-9	3,0000E+0	1,0424E+0	1,0437E+0	-858,0590E-9
398,1896E+0	856,5537E-9	3,0000E+0	1,0423E+0	1,0431E+0	-851,2029E-9
398,7023E+0	854,7440E-9	3,0000E+0	1,0420E+0	1,0428E+0	-857,7646E-9
399,2150E+0	853,9023E-9	3,0000E+0	1,0409E+0	1,0419E+0	-855,3250E-9
399,7277E+0	855,9645E-9	3,0000E+0	1,0408E+0	1,0412E+0	-849,6466E-9
400,2404E+0	853,6919E-9	3,0000E+0	1,0395E+0	1,0407E+0	-856,4186E-9
400,7531E+0	854,2390E-9	3,0000E+0	1,0391E+0	1,0400E+0	-856,0401E-9
401,2657E+0	855,5015E-9	3,0000E+0	1,0383E+0	1,0392E+0	-850,8243E-9
401,7784E+0	853,9444E-9	3,0000E+0	1,0375E+0	1,0385E+0	-856,5448E-9
402,2911E+0	854,5336E-9	3,0000E+0	1,0372E+0	1,0378E+0	-854,3155E-9
402,8039E+0	854,8282E-9	3,0000E+0	1,0366E+0	1,0372E+0	-854,7361E-9
403,3165E+0	853,5235E-9	3,0000E+0	1,0359E+0	1,0363E+0	-859,6574E-9
403,8293E+0	855,6278E-9	3,0000E+0	1,0352E+0	1,0358E+0	-852,0441E-9
404,3420E+0	854,9965E-9	3,0000E+0	1,0343E+0	1,0348E+0	-851,4973E-9
404,8547E+0	854,1970E-9	3,0000E+0	1,0338E+0	1,0344E+0	-858,8162E-9
405,3674E+0	855,8382E-9	3,0000E+0	1,0330E+0	1,0338E+0	-852,1703E-9
405,8801E+0	855,8803E-9	3,0000E+0	1,0324E+0	1,0330E+0	-853,3901E-9
406,3928E+0	854,3653E-9	3,0000E+0	1,0318E+0	1,0323E+0	-855,9559E-9
406,9055E+0	855,2911E-9	3,0000E+0	1,0310E+0	1,0318E+0	-855,4091E-9
407,4182E+0	855,3332E-9	3,0000E+0	1,0304E+0	1,0312E+0	-857,8487E-9
407,9309E+0	855,9223E-9	3,0000E+0	1,0298E+0	1,0304E+0	-858,1852E-9
408,4435E+0	858,7421E-9	3,0000E+0	1,0289E+0	1,0298E+0	-853,3901E-9
408,9562E+0	857,3533E-9	3,0000E+0	1,0285E+0	1,0291E+0	-856,6290E-9
409,4690E+0	856,6800E-9	3,0000E+0	1,0272E+0	1,0286E+0	-858,5218E-9
409,9817E+0	857,6059E-9	3,0000E+0	1,0263E+0	1,0272E+0	-852,8433E-9
410,4944E+0	857,0166E-9	3,0000E+0	1,0264E+0	1,0267E+0	-859,3209E-9
411,0071E+0	857,1008E-9	3,0000E+0	1,0256E+0	1,0265E+0	-858,0170E-9
411,5198E+0	857,1008E-9	3,0000E+0	1,0249E+0	1,0256E+0	-856,7972E-9
412,0325E+0	856,8483E-9	3,0000E+0	1,0246E+0	1,0251E+0	-861,3400E-9
412,5452E+0	858,2371E-9	3,0000E+0	1,0236E+0	1,0245E+0	-857,6804E-9
413,0579E+0	858,1529E-9	3,0000E+0	1,0232E+0	1,0241E+0	-859,3209E-9
413,5705E+0	857,4375E-9	3,0000E+0	1,0227E+0	1,0233E+0	-862,9383E-9
414,0832E+0	858,0687E-9	3,0000E+0	1,0212E+0	1,0227E+0	-857,9749E-9
414,5959E+0	858,3634E-9	3,0000E+0	1,0212E+0	1,0221E+0	-858,6479E-9
415,1086E+0	858,3634E-9	3,0000E+0	1,0201E+0	1,0212E+0	-857,6384E-9
415,6213E+0	857,5637E-9	3,0000E+0	1,0199E+0	1,0205E+0	-856,4607E-9
416,1340E+0	856,4274E-9	3,0000E+0	1,0189E+0	1,0201E+0	-859,9097E-9
416,6468E+0	856,3432E-9	3,0000E+0	1,0187E+0	1,0196E+0	-859,4471E-9
417,1594E+0	856,8904E-9	3,0000E+0	1,0181E+0	1,0188E+0	-854,3575E-9
417,6721E+0	855,3332E-9	3,0000E+0	1,0169E+0	1,0182E+0	-856,0821E-9
418,1848E+0	855,5015E-9	3,0000E+0	1,0166E+0	1,0170E+0	-854,2734E-9
418,6975E+0	856,2170E-9	3,0000E+0	1,0156E+0	1,0167E+0	-852,8854E-9
419,2102E+0	854,7440E-9	3,0000E+0	1,0153E+0	1,0161E+0	-858,3114E-9
419,7229E+0	854,2390E-9	3,0000E+0	1,0149E+0	1,0154E+0	-856,8392E-9
420,2356E+0	856,0907E-9	3,0000E+0	1,0139E+0	1,0146E+0	-850,2354E-9
420,7483E+0	855,9223E-9	3,0000E+0	1,0134E+0	1,0139E+0	-854,9885E-9
421,2610E+0	856,1749E-9	3,0000E+0	1,0131E+0	1,0137E+0	-855,4932E-9
421,7737E+0	855,4173E-9	3,0000E+0	1,0124E+0	1,0129E+0	-856,6290E-9
422,2864E+0	856,2590E-9	3,0000E+0	1,0116E+0	1,0124E+0	-860,9613E-9
422,7991E+0	857,6479E-9	3,0000E+0	1,0107E+0	1,0112E+0	-855,1567E-9
423,3118E+0	856,8062E-9	3,0000E+0	1,0100E+0	1,0110E+0	-858,5218E-9
423,8245E+0	858,1529E-9	3,0000E+0	1,0096E+0	1,0103E+0	-858,9844E-9
424,3372E+0	858,1951E-9	3,0000E+0	1,0092E+0	1,0097E+0	-857,7646E-9
424,8499E+0	858,3634E-9	3,0000E+0	1,0083E+0	1,0092E+0	-859,4891E-9
425,3626E+0	859,1209E-9	3,0000E+0	1,0075E+0	1,0083E+0	-858,3955E-9
425,8753E+0	859,3734E-9	3,0000E+0	1,0069E+0	1,0074E+0	-854,2314E-9
426,3880E+0	859,0367E-9	3,0000E+0	1,0056E+0	1,0064E+0	-860,5828E-9
426,9007E+0	859,2050E-9	3,0000E+0	1,0047E+0	1,0055E+0	-861,8026E-9
427,4134E+0	860,8043E-9	3,0000E+0	1,0032E+0	1,0041E+0	-856,1662E-9
427,9261E+0	859,8784E-9	3,0000E+0	1,0025E+0	1,0031E+0	-864,2843E-9
428,4388E+0	862,1510E-9	3,0000E+0	1,0010E+0	1,0015E+0	-860,5408E-9
428,9515E+0	861,7723E-9	3,0000E+0	999,8802E-3	1,0007E+0	-862,6438E-9
429,4641E+0	862,2351E-9	3,0000E+0	998,3783E-3	999,4831E-3	-867,0183E-9
429,9768E+0	862,6981E-9	3,0000E+0	997,5441E-3	998,3154E-3	-863,6113E-9
430,4895E+0	864,8445E-9	3,0000E+0	996,2925E-3	996,8976E-3	-860,4986E-9
431,0022E+0	864,2132E-9	3,0000E+0	995,0410E-3	995,5631E-3	-864,5787E-9
431,5149E+0	864,3815E-9	3,0000E+0	993,9564E-3	994,6457E-3	-862,8542E-9
432,0275E+0	864,8865E-9	3,0000E+0	992,9553E-3	993,3112E-3	-864,1160E-9
432,5402E+0	866,1912E-9	3,0000E+0	991,6203E-3	992,3938E-3	-864,4946E-9
433,0529E+0	866,8225E-9	3,0000E+0	990,2019E-3	991,3929E-3	-862,6018E-9
433,5656E+0	866,7804E-9	3,0000E+0	989,5345E-3	990,3920E-3	-868,2802E-9
434,0783E+0	866,6120E-9	3,0000E+0	988,7002E-3	988,8908E-3	-868,9532E-9
434,5910E+0	869,5159E-9	3,0000E+0	986,7812E-3	988,0567E-3	-862,4336E-9
435,1037E+0	867,2433E-9	3,0000E+0	985,8634E-3	986,9725E-3	-870,7199E-9
435,6164E+0	869,4317E-9	3,0000E+0	985,3628E-3	986,1384E-3	-866,0089E-9
436,1291E+0	868,4218E-9	3,0000E+0	984,0279E-3	984,9708E-3	-867,3969E-9
436,6418E+0	869,2214E-9	3,0000E+0	982,8598E-3	984,0534E-3	-869,2897E-9
437,1545E+0	869,1372E-9	3,0000E+0	982,2758E-3	982,8857E-3	-868,6588E-9
437,6672E+0	869,4739E-9	3,0000E+0	980,9409E-3	981,8849E-3	-869,9207E-9
438,1799E+0	868,9689E-9	3,0000E+0	979,7728E-3	980,9674E-3	-874,0848E-9
438,6926E+0	871,4940E-9	3,0000E+0	978,9385E-3	979,5495E-3	-867,8176E-9
439,2053E+0	871,3256E-9	3,0000E+0	978,0208E-3	978,7989E-3	-870,5516E-9
439,7180E+0	870,5681E-9	3,0000E+0	976,8527E-3	977,8815E-3	-875,6411E-9
440,2307E+0	871,9569E-9	3,0000E+0	975,9349E-3	976,7972E-3	-871,8976E-9
440,7434E+0	872,5461E-9	3,0000E+0	974,9337E-3	975,4627E-3	-871,6452E-9
441,2561E+0	871,7044E-9	3,0000E+0	973,7657E-3	974,2951E-3	-872,6126E-9
441,7688E+0	873,6403E-9	3,0000E+0	972,5142E-3	973,6279E-3	-868,6167E-9
442,2815E+0	873,3878E-9	3,0000E+0	972,0970E-3	972,7104E-3	-873,9166E-9
442,7942E+0	872,5461E-9	3,0000E+0	971,1793E-3	971,9598E-3	-874,3793E-9
443,3069E+0	872,6303E-9	3,0000E+0	969,5940E-3	970,7087E-3	-872,9491E-9
443,8196E+0	872,1253E-9	3,0000E+0	969,2603E-3	969,7078E-3	-877,9546E-9
444,3323E+0	873,1353E-9	3,0000E+0	968,2590E-3	968,4568E-3	-871,8976E-9
444,8450E+0	873,5140E-9	3,0000E+0	967,0076E-3	967,9564E-3	-872,5706E-9
445,3577E+0	873,1353E-9	3,0000E+0	966,3401E-3	967,0389E-3	-878,3331E-9
445,8704E+0	874,9450E-9	3,0000E+0	965,4223E-3	965,8713E-3	-873,5381E-9
446,3831E+0	875,1133E-9	3,0000E+0	963,5869E-3	964,8704E-3	-873,0332E-9
446,8958E+0	873,8507E-9	3,0000E+0	963,2531E-3	963,8696E-3	-877,8704E-9
447,4085E+0	874,9029E-9	3,0000E+0	962,0851E-3	963,0355E-3	-874,1269E-9
447,9212E+0	874,2295E-9	3,0000E+0	961,4176E-3	962,2849E-3	-877,7863E-9
448,4338E+0	874,5662E-9	3,0000E+0	960,5832E-3	961,0338E-3	-876,4824E-9
448,9466E+0	876,3337E-9	3,0000E+0	959,7490E-3	960,1998E-3	-873,3698E-9
449,4593E+0	874,6503E-9	3,0000E+0	958,7477E-3	959,4491E-3	-878,7958E-9
449,9720E+0	875,8287E-9	3,0000E+0	957,9968E-3	958,6151E-3	-875,8514E-9
450,4847E+0	876,7545E-9	3,0000E+0	956,8287E-3	957,5309E-3	-872,2761E-9
450,9974E+0	874,5241E-9	3,0000E+0	955,0767E-3	956,6134E-3	-879,1323E-9
451,5100E+0	875,2396E-9	3,0000E+0	955,0767E-3	955,7793E-3	-876,9030E-9
452,0227E+0	875,9970E-9	3,0000E+0	954,0755E-3	955,0288E-3	-875,3046E-9
452,5354E+0	876,2075E-9	3,0000E+0	952,9074E-3	953,8611E-3	-876,6086E-9
453,0481E+0	876,7967E-9	3,0000E+0	952,0732E-3	953,0270E-3	-873,2015E-9
453,5608E+0	877,3438E-9	3,0000E+0	951,4891E-3	952,0262E-3	-873,8745E-9
454,0735E+0	877,5122E-9	3,0000E+0	950,3210E-3	951,0254E-3	-877,2816E-9
454,5862E+0	877,7226E-9	3,0000E+0	949,5701E-3	950,3582E-3	-875,8094E-9
455,0988E+0	877,8488E-9	3,0000E+0	948,3187E-3	949,4407E-3	-879,3427E-9
455,6115E+0	877,8067E-9	3,0000E+0	947,9849E-3	948,7734E-3	-881,6560E-9
456,1242E+0	879,6584E-9	3,0000E+0	947,1506E-3	947,6058E-3	-875,2625E-9
456,6369E+0	879,2376E-9	3,0000E+0	946,3162E-3	946,8552E-3	-880,1418E-9
457,1496E+0	879,5323E-9	3,0000E+0	945,5653E-3	946,1045E-3	-881,5719E-9
457,6623E+0	880,6686E-9	3,0000E+0	944,5642E-3	945,1036E-3	-875,9355E-9
458,1750E+0	880,5844E-9	3,0000E+0	943,9801E-3	944,1028E-3	-879,7633E-9
458,6877E+0	878,9851E-9	3,0000E+0	942,8955E-3	943,6024E-3	-883,1282E-9
459,2004E+0	880,4161E-9	3,0000E+0	941,8942E-3	942,6016E-3	-876,6506E-9
459,7131E+0	879,4901E-9	3,0000E+0	941,0600E-3	941,9343E-3	-880,2259E-9
460,2258E+0	879,5323E-9	3,0000E+0	939,7250E-3	940,8500E-3	-877,5760E-9
460,7385E+0	879,9951E-9	3,0000E+0	939,4747E-3	940,0160E-3	-874,7578E-9
461,2512E+0	878,2276E-9	3,0000E+0	938,6404E-3	939,5990E-3	-881,2354E-9
461,7639E+0	878,5222E-9	3,0000E+0	937,8060E-3	938,6815E-3	-878,2490E-9
462,2766E+0	878,0172E-9	3,0000E+0	936,8883E-3	937,3471E-3	-878,5013E-9
462,7893E+0	877,2175E-9	3,0000E+0	935,4699E-3	936,9301E-3	-882,2870E-9
463,3020E+0	878,8589E-9	3,0000E+0	935,7203E-3	936,2628E-3	-877,6181E-9
463,8147E+0	879,5323E-9	3,0000E+0	934,3019E-3	935,4288E-3	-876,9030E-9
464,3274E+0	879,0273E-9	3,0000E+0	933,7178E-3	934,2611E-3	-878,7958E-9
464,8401E+0	879,8689E-9	3,0000E+0	932,8001E-3	933,5939E-3	-875,2205E-9
465,3528E+0	878,9009E-9	3,0000E+0	932,2995E-3	932,6765E-3	-879,2164E-9
465,8655E+0	880,2897E-9	3,0000E+0	931,2983E-3	932,0093E-3	-878,9220E-9
466,3782E+0	880,0372E-9	3,0000E+0	930,3805E-3	931,3420E-3	-879,8474E-9
466,8909E+0	881,3840E-9	3,0000E+0	929,6297E-3	930,7582E-3	-877,8284E-9
467,4036E+0	880,8369E-9	3,0000E+0	928,9622E-3	929,5905E-3	-880,9830E-9
467,9163E+0	880,8789E-9	3,0000E+0	928,1278E-3	929,1735E-3	-878,8379E-9
468,4290E+0	880,4161E-9	3,0000E+0	927,1266E-3	928,1726E-3	-881,6560E-9
468,9416E+0	879,8689E-9	3,0000E+0	926,8763E-3	927,7557E-3	-884,3901E-9
469,4543E+0	881,4681E-9	3,0000E+0	925,7917E-3	926,5046E-3	-879,0062E-9
469,9670E+0	880,2056E-9	3,0000E+0	925,3746E-3	925,8373E-3	-882,8758E-9
470,4797E+0	882,0153E-9	3,0000E+0	924,2065E-3	924,9199E-3	-879,0482E-9
470,9924E+0	881,9732E-9	3,0000E+0	923,5390E-3	924,1693E-3	-879,5109E-9
471,5051E+0	881,5103E-9	3,0000E+0	922,5378E-3	923,3352E-3	-882,7917E-9
472,0178E+0	882,0573E-9	3,0000E+0	921,9539E-3	922,8348E-3	-884,2218E-9
472,5305E+0	883,9512E-9	3,0000E+0	921,4532E-3	921,8339E-3	-878,4593E-9
473,0432E+0	882,3520E-9	3,0000E+0	920,5354E-3	921,2502E-3	-885,1473E-9
473,5558E+0	883,8670E-9	3,0000E+0	919,8680E-3	920,5829E-3	-882,9180E-9
474,0685E+0	883,4461E-9	3,0000E+0	919,1170E-3	919,6655E-3	-881,7822E-9
474,5812E+0	882,8148E-9	3,0000E+0	918,3663E-3	919,1650E-3	-884,3481E-9
475,0939E+0	885,0875E-9	3,0000E+0	917,6987E-3	918,6646E-3	-884,6004E-9
475,6065E+0	884,8350E-9	3,0000E+0	916,4472E-3	917,4136E-3	-880,7306E-9
476,1192E+0	885,1296E-9	3,0000E+0	916,0300E-3	916,9132E-3	-884,8108E-9
476,6319E+0	886,6025E-9	3,0000E+0	915,4460E-3	915,9123E-3	-884,5583E-9
477,1446E+0	887,0655E-9	3,0000E+0	915,1957E-3	915,5787E-3	-888,2598E-9
477,6572E+0	886,4764E-9	3,0000E+0	914,2780E-3	914,9114E-3	-889,9423E-9
478,1699E+0	888,1597E-9	3,0000E+0	913,2768E-3	914,0773E-3	-890,1106E-9
478,6826E+0	889,1698E-9	3,0000E+0	912,5259E-3	913,2434E-3	-885,1473E-9
479,1952E+0	888,8751E-9	3,0000E+0	912,1087E-3	912,8263E-3	-894,5272E-9
479,7079E+0	890,4744E-9	3,0000E+0	911,2744E-3	911,9923E-3	-890,3209E-9
480,2205E+0	889,4644E-9	3,0000E+0	909,9395E-3	911,4084E-3	-890,8257E-9
480,7332E+0	890,6428E-9	3,0000E+0	909,7726E-3	910,4909E-3	-891,7510E-9
481,2459E+0	891,0636E-9	3,0000E+0	909,4389E-3	909,8238E-3	-890,4470E-9
481,7586E+0	890,6006E-9	3,0000E+0	908,4377E-3	909,2399E-3	-888,1337E-9
482,2713E+0	890,4323E-9	3,0000E+0	907,7702E-3	908,4893E-3	-892,4240E-9
482,7840E+0	892,1578E-9	3,0000E+0	907,1028E-3	907,6552E-3	-887,8392E-9
483,2966E+0	889,8853E-9	3,0000E+0	906,3519E-3	906,8212E-3	-892,5081E-9
483,8093E+0	891,1056E-9	3,0000E+0	905,1003E-3	906,3208E-3	-892,0875E-9
484,3221E+0	891,7370E-9	3,0000E+0	904,7666E-3	905,4034E-3	-886,9980E-9
484,8347E+0	890,7269E-9	3,0000E+0	904,3494E-3	905,0698E-3	-891,4566E-9
485,3474E+0	890,9794E-9	3,0000E+0	903,2649E-3	904,0689E-3	-890,4470E-9
485,8601E+0	891,3161E-9	3,0000E+0	903,0146E-3	903,5684E-3	-888,3019E-9
486,3728E+0	891,5265E-9	3,0000E+0	902,5140E-3	903,0680E-3	-893,8121E-9
486,8855E+0	893,3783E-9	3,0000E+0	901,5962E-3	902,4842E-3	-891,7510E-9
487,3981E+0	895,9034E-9	3,0000E+0	900,5115E-3	901,1497E-3	-890,3629E-9
487,9108E+0	894,0095E-9	3,0000E+0	900,3447E-3	900,7327E-3	-893,5176E-9
488,4235E+0	894,0517E-9	3,0000E+0	899,0098E-3	900,3991E-3	-892,9708E-9
488,9362E+0	895,7772E-9	3,0000E+0	899,0098E-3	899,7319E-3	-889,3956E-9
489,4489E+0	897,8814E-9	3,0000E+0	898,6760E-3	899,1480E-3	-899,9532E-9
489,9617E+0	901,9637E-9	3,0000E+0	897,6748E-3	898,3141E-3	-900,5420E-9
490,4744E+0	903,5629E-9	3,0000E+0	897,1742E-3	897,6468E-3	-900,6262E-9
490,9871E+0	901,0799E-9	3,0000E+0	896,0896E-3	897,0630E-3	-905,7999E-9
491,4998E+0	902,8896E-9	3,0000E+0	896,0061E-3	896,2289E-3	-904,4959E-9
492,0125E+0	901,2903E-9	3,0000E+0	895,2553E-3	895,8119E-3	-901,1731E-9
492,5251E+0	902,2162E-9	3,0000E+0	894,3375E-3	894,8111E-3	-904,3697E-9
493,0378E+0	904,1100E-9	3,0000E+0	893,7535E-3	894,6443E-3	-901,9302E-9
493,5505E+0	903,6050E-9	3,0000E+0	893,0026E-3	893,8102E-3	-903,6967E-9
494,0632E+0	904,6572E-9	3,0000E+0	892,4185E-3	893,3098E-3	-904,4959E-9
494,5759E+0	904,6992E-9	3,0000E+0	892,0848E-3	892,7259E-3	-904,4538E-9
495,0886E+0	906,2143E-9	3,0000E+0	891,0002E-3	891,6417E-3	-902,3087E-9
495,6013E+0	905,9618E-9	3,0000E+0	890,8333E-3	891,3081E-3	-908,7022E-9
496,1140E+0	906,4247E-9	3,0000E+0	890,2493E-3	890,7243E-3	-906,1364E-9
496,6267E+0	908,1081E-9	3,0000E+0	889,3315E-3	889,9736E-3	-904,2015E-9
497,1394E+0	907,5611E-9	3,0000E+0	888,6640E-3	889,4732E-3	-908,7022E-9
497,6521E+0	909,2444E-9	3,0000E+0	888,4972E-3	888,9728E-3	-906,1364E-9
498,1648E+0	908,1923E-9	3,0000E+0	887,7463E-3	888,2221E-3	-910,5530E-9
498,6775E+0	909,1181E-9	3,0000E+0	886,8285E-3	887,3881E-3	-909,6696E-9
499,1902E+0	910,3808E-9	3,0000E+0	886,4948E-3	886,9711E-3	-905,7999E-9
499,7029E+0	909,4970E-9	3,0000E+0	885,3267E-3	886,4707E-3	-910,8053E-9
500,2155E+0	909,7495E-9	3,0000E+0	885,2433E-3	885,8034E-3	-913,6655E-9
500,7282E+0	910,7175E-9	3,0000E+0	884,6592E-3	885,6366E-3	-910,7632E-9
501,2409E+0	910,7175E-9	3,0000E+0	883,8250E-3	884,7191E-3	-913,3711E-9
501,7536E+0	911,3908E-9	3,0000E+0	883,0741E-3	883,8018E-3	-911,0577E-9
502,2663E+0	913,1584E-9	3,0000E+0	882,5735E-3	883,2179E-3	-908,4919E-9
502,7790E+0	911,5591E-9	3,0000E+0	882,2397E-3	882,9677E-3	-911,9830E-9
503,2917E+0	912,2325E-9	3,0000E+0	881,3220E-3	882,0502E-3	-910,7212E-9
503,8044E+0	910,1703E-9	3,0000E+0	881,1551E-3	881,8834E-3	-909,5014E-9
504,3170E+0	912,2325E-9	3,0000E+0	879,5699E-3	880,8826E-3	-913,0766E-9
504,8298E+0	913,0321E-9	3,0000E+0	879,9036E-3	880,7157E-3	-911,7307E-9
505,3425E+0	912,0641E-9	3,0000E+0	878,9024E-3	879,5481E-3	-908,3236E-9
505,8552E+0	912,1062E-9	3,0000E+0	878,7355E-3	879,2979E-3	-913,8759E-9
506,3679E+0	912,5271E-9	3,0000E+0	877,4840E-3	878,7975E-3	-910,0902E-9
506,8806E+0	912,9900E-9	3,0000E+0	877,2337E-3	878,1303E-3	-908,8704E-9
507,3932E+0	912,5692E-9	3,0000E+0	876,9834E-3	877,3796E-3	-914,6330E-9
507,9060E+0	913,3267E-9	3,0000E+0	876,4829E-3	877,1294E-3	-912,6981E-9
508,4186E+0	914,0001E-9	3,0000E+0	875,3982E-3	876,0452E-3	-910,6371E-9
508,9313E+0	911,0541E-9	3,0000E+0	875,3148E-3	875,5447E-3	-914,3386E-9
509,4440E+0	911,9800E-9	3,0000E+0	874,3136E-3	875,1277E-3	-910,3847E-9
509,9568E+0	912,4850E-9	3,0000E+0	874,3136E-3	874,8775E-3	-910,0061E-9
510,4695E+0	910,2966E-9	3,0000E+0	873,0621E-3	874,1269E-3	-916,2735E-9
510,9821E+0	910,2966E-9	3,0000E+0	872,8953E-3	873,5430E-3	-908,0712E-9
511,4948E+0	910,0862E-9	3,0000E+0	871,8106E-3	872,8758E-3	-908,2815E-9
512,0074E+0	909,4128E-9	3,0000E+0	872,3947E-3	872,6255E-3	-910,8053E-9
512,5202E+0	908,5711E-9	3,0000E+0	871,0597E-3	871,6248E-3	-903,7809E-9
513,0328E+0	908,6552E-9	3,0000E+0	870,0585E-3	870,9575E-3	-906,5149E-9
513,5455E+0	908,2344E-9	3,0000E+0	869,3911E-3	870,8741E-3	-906,7253E-9
514,0582E+0	907,0981E-9	3,0000E+0	869,8082E-3	870,2068E-3	-905,6317E-9
514,5710E+0	906,0881E-9	3,0000E+0	869,2243E-3	869,6230E-3	-910,0482E-9
515,0836E+0	905,5409E-9	3,0000E+0	868,3065E-3	869,1226E-3	-906,0102E-9
