Время, с	Vin	Vstor	Vbatok	Vbat
1	0,26	2,41	0,02	2,07
4	0,25	2,42	0,02	2,07
7	0,26	2,08	0,02	2,08
10	0,26	2,08	0,02	2,08
13	0,24	2,09	0,02	2,09
16	0,21	2,44	0,02	2,09
19	0,22	2,44	0,02	2,1
22	0,22	2,1	0,02	2,11
25	0,22	2,11	0,02	2,11
28	0,21	2,25	0,02	2,11
31	0,19	2,47	0,02	2,12
34	0,2	2,12	0,02	2,13
37	0,21	2,13	0,02	2,13
40	0,21	2,14	0,02	2,14
43	0,21	2,47	0,02	2,14
46	0,21	2,49	0,02	2,15
49	0,17	2,15	0,02	2,15
52	0,19	2,15	0,02	2,16
55	0,2	2,3	0,02	2,16
58	0,21	2,5	0,02	2,17
61	0,24	2,17	0,02	2,17
64	0,18	2,17	0,02	2,18
67	0,19	2,18	0,02	2,18
70	0,16	2,49	0,02	2,18
73	0,19	2,52	0,02	2,19
76	0,2	2,19	0,02	2,19
79	0,16	2,19	0,02	2,19
82	0,19	2,36	0,02	2,2
85	0,19	2,53	0,02	2,2
88	0,18	2,2	0,02	2,21
91	0,19	2,21	0,02	2,21
94	0,19	2,22	0,02	2,22
97	0,19	2,54	0,02	2,22
100	0,18	2,55	0,02	2,22
103	0,19	2,22	0,02	2,22
106	0,17	2,23	0,02	2,23
109	0,16	2,48	0,02	2,23
112	0,16	2,57	0,02	2,24
115	0,18	2,24	0,02	2,24
118	0,16	2,24	0,02	2,24
121	0,15	2,34	0,02	2,25
124	0,15	2,58	0,02	2,25
127	0,14	2,25	0,02	2,25
130	0,15	2,26	0,02	2,26
133	0,18	2,26	0,02	2,26
136	0,17	2,55	0,02	2,26
139	0,18	2,59	0,02	2,27
142	0,15	2,27	0,02	2,27
145	0,17	2,27	0,02	2,27
148	0,18	2,28	0,02	2,28
151	0,17	2,28	0,02	2,28
154	0,15	2,28	0,02	2,28
157	0,18	2,28	0,02	2,29
160	0,15	2,29	0,02	2,29
163	0,16	2,29	0,02	2,29
166	0,13	2,29	0,02	2,29
169	0,17	2,29	0,02	2,29
172	0,16	2,29	0,02	2,3
175	0,15	2,3	0,02	2,3
178	0,16	2,3	0,02	2,3
181	0,15	2,3	0,02	2,3
184	0,13	2,31	0,02	2,31
187	0,16	2,31	0,02	2,31
190	0,15	2,31	0,02	2,31
193	0,12	2,32	0,02	2,32
196	0,17	2,32	0,02	2,32
199	0,17	2,32	0,02	2,32
202	0,12	2,32	0,02	2,32
205	0,16	2,32	0,02	2,33
208	0,16	2,33	0,02	2,33
211	0,17	2,33	0,02	2,33
214	0,14	2,33	0,02	2,34
217	0,16	2,34	0,02	2,34
220	0,16	2,34	0,02	2,34
223	0,15	2,34	0,02	2,34
226	0,12	2,34	0,02	2,34
229	0,16	2,35	0,02	2,35
232	0,17	2,35	0,02	2,35
235	0,16	2,35	0,02	2,35
238	0,12	2,35	0,02	2,36
241	0,14	2,36	0,02	2,36
244	0,13	2,36	0,02	2,36
247	0,16	2,36	0,02	2,36
250	0,14	2,36	0,02	2,36
253	0,16	2,37	0,02	2,37
256	0,14	2,37	0,02	2,37
259	0,16	2,37	0,02	2,37
262	0,2	2,37	0,02	2,38
265	0,13	2,38	0,02	2,38
268	0,16	2,38	0,02	2,38
271	0,17	2,38	0,02	2,38
274	0,15	2,38	0,02	2,38
277	0,14	2,38	0,02	2,39
280	0,16	2,39	0,02	2,39
283	0,14	2,39	0,02	2,39
286	0,16	2,39	0,02	2,39
289	0,15	2,4	0,02	2,4
292	0,16	2,4	0,02	2,4
295	0,13	2,4	0,02	2,4
298	0,14	2,4	0,02	2,4
301	0,15	2,4	0,02	2,4
304	0,13	2,4	0,02	2,41
307	0,15	2,41	0,02	2,41
310	0,14	2,41	0,02	2,41
313	0,16	2,41	0,02	2,41
316	0,15	2,41	0,02	2,42
319	0,15	2,42	0,02	2,42
322	0,12	2,42	0,02	2,42
325	0,15	2,42	0,02	2,42
328	0,14	2,42	0,02	2,42
331	0,14	2,42	0,02	2,42
334	0,16	2,42	0,02	2,43
337	0,14	2,43	0,02	2,43
340	0,15	2,43	0,02	2,43
343	0,16	2,43	0,02	2,43
346	0,14	2,43	0,02	2,44
349	0,15	2,44	0,02	2,44
352	0,15	2,44	0,02	2,44
355	0,14	2,44	0,02	2,44
358	0,14	2,44	0,02	2,44
361	0,15	2,44	0,02	2,44
364	0,14	2,44	0,02	2,45
367	0,12	2,45	0,02	2,45
370	0,14	2,45	0,02	2,45
373	0,15	2,45	0,02	2,45
376	0,15	2,45	0,02	2,46
379	0,16	2,46	0,02	2,46
382	0,11	2,46	0,02	2,46
385	0,16	2,46	0,02	2,46
388	0,15	2,46	0,02	2,46
391	0,14	2,46	0,02	2,46
394	0,15	2,46	0,02	2,47
397	0,13	2,47	0,02	2,47
400	0,11	2,47	0,02	2,47
403	0,12	2,47	0,02	2,47
406	0,11	2,47	0,02	2,47
409	0,14	2,47	0,02	2,48
412	0,11	2,48	0,02	2,48
415	0,15	2,48	0,02	2,48
418	0,11	2,48	0,02	2,48
421	0,15	2,48	0,02	2,48
424	0,13	2,48	0,02	2,48
427	0,11	2,48	0,02	2,48
430	0,15	2,48	0,02	2,49
433	0,15	2,49	0,02	2,49
436	0,15	2,49	0,02	2,49
439	0,14	2,49	0,02	2,49
442	0,15	2,49	0,02	2,49
445	0,11	2,49	0,02	2,5
448	0,13	2,5	0,02	2,5
451	0,14	2,5	0,02	2,5
454	0,14	2,5	0,02	2,5
457	0,09	2,5	0,02	2,5
460	0,14	2,5	0,02	2,5
463	0,19	2,5	0,02	2,5
466	0,14	2,5	0,02	2,5
469	0,12	2,5	0,02	2,5
472	0,15	2,5	0,02	2,5
475	0,14	2,5	0,02	2,51
478	0,15	2,5	0,02	2,51
481	0,12	2,51	0,02	2,51
484	0,15	2,51	0,02	2,51
487	0,15	2,51	0,02	2,51
490	0,12	2,51	0,02	2,51
493	0,12	2,51	0,02	2,51
496	0,14	2,51	0,02	2,52
499	0,15	2,52	0,02	2,52
502	0,14	2,52	0,02	2,52
505	0,15	2,52	0,02	2,52
508	0,14	2,52	0,02	2,52
511	0,15	2,52	0,02	2,52
514	0,14	2,52	0,02	2,53
517	0,14	2,53	0,02	2,53
520	0,11	2,53	0,02	2,53
523	0,14	2,53	0,02	2,53
526	0,15	2,53	0,02	2,53
529	0,09	2,53	0,02	2,53
532	0,14	2,53	0,02	2,53
535	0,13	2,53	0,02	2,53
538	0,14	2,53	0,02	2,53
541	0,11	2,53	0,02	2,54
544	0,14	2,53	0,02	2,54
547	0,1	2,54	0,02	2,54
550	0,14	2,54	0,02	2,54
553	0,13	2,54	0,02	2,54
556	0,13	2,54	0,02	2,54
559	0,07	2,54	0,02	2,54
562	0,12	2,54	0,02	2,54
565	0,13	2,54	0,02	2,55
568	0,14	2,54	0,02	2,55
571	0,14	2,55	0,02	2,55
574	0,12	2,55	0,02	2,55
577	0,12	2,55	0,02	2,55
580	0,15	2,55	0,02	2,55
583	0,13	2,55	0,02	2,55
586	0,15	2,55	0,02	2,56
589	0,15	2,55	0,02	2,56
592	0,14	2,55	0,02	2,56
595	0,14	2,56	0,02	2,56
598	0,14	2,56	0,02	2,56
601	0,15	2,56	0,02	2,56
604	0,14	2,56	0,02	2,56
607	0,08	2,56	0,02	2,56
610	0,14	2,56	0,02	2,56
613	0,14	2,56	0,02	2,56
616	0,07	2,56	0,02	2,56
619	0,08	2,56	0,02	2,56
622	0,14	2,56	0,02	2,56
625	0,06	2,56	0,02	2,56
628	0,14	2,56	0,02	2,56
631	0,11	2,56	0,02	2,56
634	0,12	2,56	0,02	2,56
637	0,08	2,56	0,02	2,56
640	0,11	2,56	0,02	2,56
643	0,12	2,56	0,02	2,57
646	0,1	2,56	0,02	2,57
649	0,14	2,56	0,02	2,57
652	0,12	2,57	0,02	2,57
655	0,05	2,57	0,02	2,57
658	0,14	2,57	0,02	2,57
661	0,12	2,57	0,02	2,57
664	0,17	2,57	0,02	2,57
667	0,14	2,57	0,02	2,57
670	0,14	2,57	0,02	2,57
673	0,05	2,57	0,02	2,57
676	0,14	2,57	0,02	2,57
679	0,07	2,57	0,02	2,57
682	0,13	2,57	0,02	2,57
685	0,14	2,57	0,02	2,57
688	0,12	2,57	0,02	2,57
691	0,04	2,57	0,02	2,57
694	0,05	2,57	0,02	2,57
697	0,04	2,57	0,02	2,57
700	0,14	2,57	0,02	2,57
703	0,13	2,57	0,02	2,57
706	0,1	2,57	0,02	2,57
709	0,12	2,57	0,02	2,58
712	0,14	2,57	0,02	2,58
715	0,14	2,57	0,02	2,58
718	0,12	2,57	0,02	2,58
721	0,13	2,58	0,02	2,58
724	0,14	2,58	0,02	2,58
727	0,13	2,58	0,02	2,58
730	0,05	2,58	0,02	2,58
733	0,08	2,58	0,02	2,58
736	0,14	2,58	0,02	2,58
739	0,11	2,58	0,02	2,58
742	0,12	2,58	0,02	2,58
745	0,08	2,58	0,02	2,58
748	0,12	2,58	0,02	2,58
751	0,13	2,58	0,02	2,58
754	0,1	2,58	0,02	2,58
757	0,07	2,58	0,02	2,58
760	0,07	2,58	0,02	2,58
763	0,06	2,58	0,02	2,58
766	0,11	2,58	0,02	2,58
769	0,04	2,58	0,02	2,59
772	0,11	2,58	0,02	2,59
775	0,13	2,58	0,02	2,59
778	0,04	2,59	0,02	2,59
781	0,09	2,59	0,02	2,59
784	0,1	2,59	0,02	2,59
787	0,05	2,59	0,02	2,59
790	0,06	2,59	0,02	2,59
793	0,04	2,59	0,02	2,59
796	0,09	2,59	0,02	2,59
799	0,13	2,59	0,02	2,59
802	0,11	2,59	0,02	2,59
805	0,13	2,59	0,02	2,59
808	0,07	2,59	0,02	2,59
811	0,05	2,59	0,02	2,59
814	0,13	2,59	0,02	2,59
817	0,05	2,59	0,02	2,59
820	0,12	2,59	0,02	2,59
823	0,11	2,59	0,02	2,59
826	0,13	2,59	0,02	2,6
829	0,12	2,59	0,02	2,6
832	0,07	2,59	0,02	2,6
835	0,13	2,59	0,02	2,6
838	0,12	2,6	0,02	2,6
841	0,13	2,6	0,02	2,6
844	0,13	2,6	0,02	2,6
847	0,13	2,6	0,02	2,6
850	0,11	2,6	0,02	2,6
853	0,09	2,6	0,02	2,6
856	0,14	2,6	0,02	2,6
859	0,1	2,6	0,02	2,6
862	0,14	2,6	0,02	2,6
865	0,16	2,6	0,02	2,6
868	0,05	2,6	0,02	2,6
871	0,1	2,6	0,02	2,6
874	0,12	2,6	0,02	2,61
877	0,06	2,6	0,02	2,61
880	0,13	2,6	0,02	2,61
883	0,13	2,6	0,02	2,61
886	0,12	2,61	0,02	2,61
889	0,08	2,61	0,02	2,61
892	0,07	2,61	0,02	2,61
895	0,12	2,61	0,02	2,61
898	0,12	2,61	0,02	2,61
901	0,07	2,61	0,02	2,61
904	0,06	2,61	0,02	2,61
907	0,1	2,61	0,02	2,61
910	0,13	2,61	0,02	2,61
913	0,13	2,61	0,02	2,61
916	0,14	2,61	0,02	2,61
919	0,1	2,61	0,02	2,61
922	0,13	2,61	0,02	2,61
925	0,1	2,61	0,02	2,61
928	0,13	2,61	0,02	2,61
931	0,14	2,61	0,02	2,61
934	0,12	2,61	0,02	2,62
937	0,13	2,61	0,02	2,62
940	0,13	2,61	0,02	2,62
943	0,13	2,61	0,02	2,62
946	0,04	2,62	0,02	2,62
949	0,11	2,62	0,02	2,62
952	0,14	2,62	0,02	2,62
955	0,13	2,62	0,02	2,62
958	0,08	2,62	0,02	2,62
961	0,12	2,62	0,02	2,62
964	0,09	2,62	0,02	2,62
967	0,08	2,62	0,02	2,62
970	0,11	2,62	0,02	2,62
973	0,12	2,62	0,02	2,62
976	0,13	2,62	0,02	2,62
979	0,06	2,62	0,02	2,62
982	0,12	2,62	0,02	2,62
985	0,13	2,62	0,02	2,62
988	0,1	2,62	0,02	2,62
991	0,13	2,62	0,02	2,62
994	0,12	2,62	0,02	2,62
997	0,1	2,62	0,02	2,62
1000	0,1	2,62	0,02	2,62
1003	0,11	2,62	0,02	2,62
1006	0,1	2,62	0,02	2,62
1009	0,11	2,62	0,02	2,62
1012	0,09	2,62	0,02	2,63
1015	0,06	2,62	0,02	2,63
1018	0,13	2,62	0,02	2,63
1021	0,1	2,62	0,02	2,63
1024	0,12	2,63	0,02	2,63
1027	0,13	2,63	0,02	2,63
1030	0,13	2,63	0,02	2,63
1033	0,13	2,63	0,02	2,63
1036	0,12	2,63	0,02	2,63
1039	0,13	2,63	0,02	2,63
1042	0,12	2,63	0,02	2,63
1045	0,12	2,63	0,02	2,63
1048	0,12	2,63	0,02	2,63
1051	0,09	2,63	0,02	2,63
1054	0,08	2,63	0,02	2,63
1057	0,13	2,63	0,02	2,63
1060	0,12	2,63	0,02	2,63
1063	0,08	2,63	0,02	2,63
1066	0,15	2,63	0,02	2,64
1069	0,12	2,63	0,02	2,64
1072	0,13	2,63	0,02	2,64
1075	0,13	2,63	0,02	2,64
1078	0,13	2,64	0,02	2,64
1081	0,08	2,64	0,02	2,64
1084	0,08	2,64	0,02	2,64
1087	0,13	2,64	0,02	2,64
1090	0,11	2,64	0,02	2,64
1093	0,13	2,64	0,02	2,64
1096	0,13	2,64	0,02	2,64
1099	0,13	2,64	0,02	2,64
1102	0,09	2,64	0,02	2,64
1105	0,11	2,64	0,02	2,64
1108	0,13	2,64	0,02	2,64
1111	0,09	2,64	0,02	2,64
1114	0,04	2,64	0,02	2,64
1117	0,12	2,64	0,02	2,64
1120	0,06	2,64	0,02	2,64
1123	0,12	2,64	0,02	2,64
1126	0,13	2,64	0,02	2,64
1129	0,04	2,64	0,02	2,64
1132	0,13	2,64	0,02	2,65
1135	0,06	2,64	0,02	2,65
1138	0,12	2,64	0,02	2,65
1141	0,1	2,64	0,02	2,65
1144	0,09	2,65	0,02	2,65
1147	0,1	2,65	0,02	2,65
1150	0,07	2,65	0,02	2,65
1153	0,12	2,65	0,02	2,65
1156	0,12	2,65	0,02	2,65
1159	0,12	2,65	0,02	2,65
1162	0,13	2,65	0,02	2,65
1165	0,09	2,65	0,02	2,65
1168	0,04	2,65	0,02	2,65
1171	0,11	2,65	0,02	2,65
1174	0,1	2,65	0,02	2,65
1177	0,12	2,65	0,02	2,65
1180	0,05	2,65	0,02	2,65
1183	0,13	2,65	0,02	2,65
1186	0,09	2,65	0,02	2,65
1189	0,12	2,65	0,02	2,65
1192	0,07	2,65	0,02	2,65
1195	0,09	2,65	0,02	2,65
1198	0,04	2,65	0,02	2,65
1201	0,13	2,65	0,02	2,65
1204	0,08	2,65	0,02	2,65
1207	0,11	2,65	0,02	2,65
1210	0,04	2,65	0,02	2,65
1213	0,13	2,65	0,02	2,66
1216	0,12	2,65	0,02	2,66
1219	0,12	2,65	0,02	2,66
1222	0,1	2,65	0,02	2,66
1225	0,13	2,65	0,02	2,66
1228	0,11	2,66	0,02	2,66
1231	0,11	2,66	0,02	2,66
1234	0,09	2,66	0,02	2,66
1237	0,13	2,66	0,02	2,66
1240	0,12	2,66	0,02	2,66
1243	0,08	2,66	0,02	2,66
1246	0,09	2,66	0,02	2,66
1249	0,09	2,66	0,02	2,66
1252	0,04	2,66	0,02	2,66
1255	0,12	2,66	0,02	2,66
1258	0,04	2,66	0,02	2,66
1261	0,04	2,66	0,02	2,66
1264	0,08	2,66	0,02	2,66
1267	0,09	2,66	0,02	2,66
1270	0,08	2,66	0,02	2,66
1273	0,13	2,66	0,02	2,66
1276	0,09	2,66	0,02	2,66
1279	0,11	2,66	0,02	2,66
1282	0,12	2,66	0,02	2,66
1285	0,13	2,66	0,02	2,66
1288	0,07	2,66	0,02	2,67
1291	0,05	2,66	0,02	2,67
1294	0,12	2,66	0,02	2,67
1297	0,12	2,66	0,02	2,67
1300	0,13	2,66	0,02	2,67
1303	0,13	2,67	0,02	2,67
1306	0,12	2,67	0,02	2,67
1309	0,11	2,67	0,02	2,67
1312	0,08	2,67	0,02	2,67
1315	0,04	2,67	0,02	2,67
1318	0,09	2,67	0,02	2,67
1321	0,12	2,67	0,02	2,67
1324	0,11	2,67	0,02	2,67
1327	0,04	2,67	0,02	2,67
1330	0,07	2,67	0,02	2,67
1333	0,11	2,67	0,02	2,67
1336	0,11	2,67	0,02	2,67
1339	0,13	2,67	0,02	2,67
1342	0,12	2,67	0,02	2,67
1345	0,11	2,67	0,02	2,67
1348	0,1	2,67	0,02	2,67
1351	0,09	2,67	0,02	2,67
1354	0,06	2,67	0,02	2,67
1357	0,1	2,67	0,02	2,67
1360	0,16	2,67	0,02	2,67
1363	0,11	2,67	0,02	2,68
1366	0,05	2,67	0,02	2,68
1369	0,13	2,68	0,02	2,68
1372	0,09	2,67	0,02	2,68
1375	0,11	2,67	0,02	2,68
1378	0,1	2,68	0,02	2,68
1381	0,13	2,68	0,02	2,68
1384	0,12	2,68	0,02	2,68
1387	0,11	2,68	0,02	2,68
1390	0,13	2,68	0,02	2,68
1393	0,07	2,68	0,02	2,68
1396	0,13	2,68	0,02	2,68
1399	0,12	2,68	0,02	2,68
1402	0,12	2,68	0,02	2,68
1405	0,06	2,68	0,02	2,68
1408	0,1	2,68	0,02	2,68
1411	0,04	2,68	0,02	2,68
1414	0,11	2,68	0,02	2,68
1417	0,04	2,68	0,02	2,68
1420	0,04	2,68	0,02	2,68
1423	0,05	2,68	0,02	2,68
1426	0,12	2,68	0,02	2,68
1429	0,11	2,68	0,02	2,69
1432	0,13	2,68	0,02	2,69
1435	0,12	2,68	0,02	2,69
1438	0,1	2,68	0,02	2,69
1441	0,11	2,68	0,02	2,69
1444	0,1	2,69	0,02	2,69
1447	0,09	2,69	0,02	2,69
1450	0,12	2,69	0,02	2,69
1453	0,12	2,69	0,02	2,69
1456	0,13	2,69	0,02	2,69
1459	0,09	2,69	0,02	2,69
1462	0,12	2,69	0,02	2,69
1465	0,07	2,69	0,02	2,69
1468	0,06	2,69	0,02	2,69
1471	0,12	2,69	0,02	2,69
1474	0,12	2,69	0,02	2,69
1477	0,12	2,69	0,02	2,69
1480	0,13	2,69	0,02	2,69
1483	0,13	2,69	0,02	2,69
1486	0,09	2,69	0,02	2,69
1489	0,13	2,69	0,02	2,69
1492	0,11	2,69	0,02	2,69
1495	0,06	2,69	0,02	2,69
1498	0,11	2,69	0,02	2,69
1501	0,12	2,69	0,02	2,69
1504	0,11	2,69	0,02	2,69
1507	0,12	2,69	0,02	2,69
1510	0,12	2,69	0,02	2,69
1513	0,12	2,69	0,02	2,69
1516	0,12	2,69	0,02	2,69
1519	0,09	2,69	0,02	2,69
1522	0,04	2,69	0,02	2,7
1525	0,06	2,69	0,02	2,7
1528	0,11	2,69	0,02	2,7
1531	0,06	2,69	0,02	2,7
1534	0,12	2,69	0,02	2,7
1537	0,13	2,7	0,02	2,7
1540	0,12	2,7	0,02	2,7
1543	0,08	2,7	0,02	2,7
1546	0,07	2,7	0,02	2,7
1549	0,08	2,7	0,02	2,7
1552	0,13	2,7	0,02	2,7
1555	0,04	2,7	0,02	2,7
1558	0,06	2,7	0,02	2,7
1561	0,15	2,7	0,02	2,7
1564	0,11	2,7	0,02	2,7
1567	0,06	2,7	0,02	2,7
1570	0,12	2,7	0,02	2,7
1573	0,07	2,7	0,02	2,7
1576	0,1	2,7	0,02	2,7
1579	0,12	2,7	0,02	2,7
1582	0,12	2,7	0,02	2,7
1585	0,09	2,7	0,02	2,7
1588	0,05	2,7	0,02	2,7
1591	0,11	2,7	0,02	2,7
1594	0,12	2,7	0,02	2,7
1597	0,07	2,7	0,02	2,7
1600	0,12	2,7	0,02	2,7
1603	0,12	2,7	0,02	2,7
1606	0,07	2,7	0,02	2,7
1609	0,04	2,7	0,02	2,71
1612	0,1	2,7	0,02	2,71
1615	0,04	2,7	0,02	2,71
1618	0,07	2,7	0,02	2,71
1621	0,08	2,7	0,02	2,71
1624	0,1	2,71	0,02	2,71
1627	0,11	2,71	0,02	2,71
1630	0,12	2,71	0,02	2,71
1633	0,11	2,71	0,02	2,71
1636	0,12	2,71	0,02	2,71
1639	0,12	2,71	0,02	2,71
1642	0,12	2,71	0,02	2,71
1645	0,06	2,71	0,02	2,71
1648	0,12	2,71	0,02	2,71
1651	0,12	2,71	0,02	2,71
1654	0,05	2,71	0,02	2,71
1657	0,12	2,71	0,02	2,71
1660	0,11	2,71	0,02	2,71
1663	0,1	2,71	0,02	2,71
1666	0,07	2,71	0,02	2,71
1669	0,07	2,71	0,02	2,71
1672	0,11	2,71	0,02	2,71
1675	0,09	2,71	0,02	2,71
1678	0,12	2,71	0,02	2,71
1681	0,12	2,71	0,02	2,71
1684	0,06	2,71	0,02	2,71
1687	0,12	2,71	0,02	2,71
1690	0,04	2,71	0,02	2,71
1693	0,12	2,71	0,02	2,71
1696	0,08	2,71	0,02	2,71
1699	0,04	2,71	0,02	2,71
1702	0,07	2,71	0,02	2,71
1705	0,1	2,71	0,02	2,71
1708	0,1	2,71	0,02	2,71
1711	0,08	2,71	0,02	2,71
1714	0,1	2,71	0,02	2,71
1717	0,11	2,71	0,02	2,71
1720	0,12	2,71	0,02	2,71
1723	0,12	2,71	0,02	2,71
1726	0,04	2,71	0,02	2,71
1729	0,08	2,71	0,02	2,71
1732	0,12	2,71	0,02	2,71
1735	0,09	2,71	0,02	2,71
1738	0,12	2,71	0,02	2,71
1741	0,12	2,71	0,02	2,72
1744	0,12	2,71	0,02	2,72
1747	0,11	2,71	0,02	2,72
1750	0,12	2,71	0,02	2,72
1753	0,12	2,71	0,02	2,72
1756	0,12	2,72	0,02	2,72
1759	0,12	2,72	0,02	2,72
1762	0,15	2,72	0,02	2,72
1765	0,12	2,72	0,02	2,72
1768	0,07	2,72	0,02	2,72
1771	0,12	2,72	0,02	2,72
1774	0,07	2,72	0,02	2,72
1777	0,11	2,72	0,02	2,72
1780	0,11	2,72	0,02	2,72
1783	0,12	2,72	0,02	2,72
1786	0,12	2,72	0,02	2,72
1789	0,12	2,72	0,02	2,72
1792	0,11	2,72	0,02	2,72
1795	0,08	2,72	0,02	2,72
1798	0,11	2,72	0,02	2,72
1801	0,11	2,72	0,02	2,72
1804	0,12	2,72	0,02	2,72
1807	0,12	2,72	0,02	2,72
1810	0,07	2,72	0,02	2,72
1813	0,11	2,72	0,02	2,72
1816	0,07	2,72	0,02	2,73
1819	0,11	2,72	0,02	2,73
1822	0,11	2,72	0,02	2,73
1825	0,09	2,72	0,02	2,73
1828	0,09	2,72	0,02	2,73
1831	0,11	2,73	0,02	2,73
1834	0,11	2,73	0,02	2,73
1837	0,12	2,73	0,02	2,73
1840	0,11	2,73	0,02	2,73
1843	0,11	2,73	0,02	2,73
1846	0,12	2,73	0,02	2,73
1849	0,09	2,73	0,02	2,73
1852	0,09	2,73	0,02	2,73
1855	0,16	2,73	0,02	2,73
1858	0,12	2,73	0,02	2,73
1861	0,11	2,73	0,02	2,73
1864	0,09	2,73	0,02	2,73
1867	0,12	2,73	0,02	2,73
1870	0,12	2,73	0,02	2,73
1873	0,06	2,73	0,02	2,73
1876	0,09	2,73	0,02	2,73
1879	0,11	2,73	0,02	2,73
1882	0,12	2,73	0,02	2,73
1885	0,12	2,73	0,02	2,73
1888	0,12	2,73	0,02	2,73
1891	0,07	2,73	0,02	2,73
1894	0,12	2,73	0,02	2,73
1897	0,1	2,73	0,02	2,73
1900	0,12	2,73	0,02	2,73
1903	0,12	2,73	0,02	2,73
1906	0,11	2,73	0,02	2,73
1909	0,1	2,73	0,02	2,73
1912	0,11	2,73	0,02	2,73
1915	0,09	2,73	0,02	2,73
1918	0,08	2,73	0,02	2,73
1921	0,09	2,73	0,02	2,74
1924	0,06	2,73	0,02	2,74
1927	0,09	2,73	0,02	2,74
1930	0,11	2,73	0,02	2,74
1933	0,11	2,73	0,02	2,74
1936	0,11	2,74	0,02	2,74
1939	0,09	2,74	0,02	2,74
1942	0,04	2,74	0,02	2,74
1945	0,1	2,74	0,02	2,74
1948	0,12	2,74	0,02	2,74
1951	0,12	2,74	0,02	2,74
1954	0,12	2,74	0,02	2,74
1957	0,12	2,74	0,02	2,74
1960	0,09	2,74	0,02	2,74
1963	0,07	2,74	0,02	2,74
1966	0,12	2,74	0,02	2,74
1969	0,06	2,74	0,02	2,74
1972	0,09	2,74	0,02	2,74
1975	0,12	2,74	0,02	2,74
1978	0,12	2,74	0,02	2,74
1981	0,09	2,74	0,02	2,74
1984	0,11	2,74	0,02	2,74
1987	0,11	2,74	0,02	2,74
1990	0,08	2,74	0,02	2,74
1993	0,09	2,74	0,02	2,74
1996	0,07	2,74	0,02	2,75
1999	0,09	2,74	0,02	2,75
2002	0,12	2,74	0,02	2,75
2005	0,12	2,74	0,02	2,75
2008	0,11	2,74	0,02	2,75
2011	0,09	2,74	0,02	2,75
2014	0,12	2,75	0,02	2,75
2017	0,07	2,75	0,02	2,75
2020	0,12	2,75	0,02	2,75
2023	0,11	2,75	0,02	2,75
2026	0,08	2,75	0,02	2,75
2029	0,12	2,75	0,02	2,75
2032	0,09	2,75	0,02	2,75
2035	0,05	2,75	0,02	2,75
2038	0,12	2,75	0,02	2,75
2041	0,08	2,75	0,02	2,75
2044	0,12	2,75	0,02	2,75
2047	0,08	2,75	0,02	2,75
2050	0,1	2,75	0,02	2,75
2053	0,11	2,75	0,02	2,75
2056	0,15	2,75	0,02	2,75
2059	0,06	2,75	0,02	2,75
2062	0,1	2,75	0,02	2,75
2065	0,1	2,75	0,02	2,75
2068	0,11	2,75	0,02	2,75
2071	0,04	2,75	0,02	2,75
2074	0,05	2,75	0,02	2,75
2077	0,11	2,75	0,02	2,75
2080	0,08	2,75	0,02	2,75
2083	0,07	2,75	0,02	2,75
2086	0,07	2,75	0,02	2,75
2089	0,06	2,75	0,02	2,75
2092	0,09	2,75	0,02	2,75
2095	0,12	2,75	0,02	2,75
2098	0,05	2,75	0,02	2,75
2101	0,1	2,75	0,02	2,75
2104	0,12	2,75	0,02	2,75
2107	0,12	2,75	0,02	2,76
2110	0,09	2,75	0,02	2,76
2113	0,06	2,75	0,02	2,76
2116	0,08	2,75	0,02	2,76
2119	0,12	2,75	0,02	2,76
2122	0,12	2,75	0,02	2,76
2125	0,12	2,76	0,02	2,76
2128	0,12	2,76	0,02	2,76
2131	0,12	2,76	0,02	2,76
2134	0,12	2,76	0,02	2,76
2137	0,09	2,76	0,02	2,76
2140	0,11	2,76	0,02	2,76
2143	0,08	2,76	0,02	2,76
2146	0,04	2,76	0,02	2,76
2149	0,12	2,76	0,02	2,76
2152	0,11	2,76	0,02	2,76
2155	0,11	2,76	0,02	2,76
2158	0,1	2,76	0,02	2,76
2161	0,09	2,76	0,02	2,76
2164	0,12	2,76	0,02	2,76
2167	0,04	2,76	0,02	2,76
2170	0,08	2,76	0,02	2,76
2173	0,04	2,76	0,02	2,76
2176	0,09	2,76	0,02	2,76
2179	0,1	2,76	0,02	2,76
2182	0,1	2,76	0,02	2,76
2185	0,1	2,76	0,02	2,76
2188	0,11	2,76	0,02	2,76
2191	0,11	2,76	0,02	2,76
2194	0,12	2,76	0,02	2,77
2197	0,09	2,76	0,02	2,77
2200	0,12	2,76	0,02	2,77
2203	0,1	2,76	0,02	2,77
2206	0,1	2,76	0,02	2,77
2209	0,12	2,76	0,02	2,77
2212	0,11	2,76	0,02	2,77
2215	0,12	2,77	0,02	2,77
2218	0,11	2,77	0,02	2,77
2221	0,04	2,77	0,02	2,77
2224	0,12	2,77	0,02	2,77
2227	0,11	2,77	0,02	2,77
2230	0,12	2,77	0,02	2,77
2233	0,12	2,77	0,02	2,77
2236	0,12	2,77	0,02	2,77
2239	0,12	2,77	0,02	2,77
2242	0,06	2,77	0,02	2,77
2245	0,11	2,77	0,02	2,77
2248	0,1	2,77	0,02	2,77
2251	0,12	2,77	0,02	2,77
2254	0,11	2,77	0,02	2,77
2257	0,14	2,77	0,02	2,77
2260	0,11	2,77	0,02	2,77
2263	0,11	2,77	0,02	2,77
2266	0,11	2,77	0,02	2,77
2269	0,06	2,77	0,02	2,77
2272	0,1	2,77	0,02	2,77
2275	0,1	2,77	0,02	2,77
2278	0,12	2,77	0,02	2,77
2281	0,08	2,77	0,02	2,77
2284	0,11	2,77	0,02	2,77
2287	0,1	2,77	0,02	2,77
2290	0,11	2,77	0,02	2,77
2293	0,12	2,77	0,02	2,77
2296	0,1	2,77	0,02	2,77
2299	0,04	2,77	0,02	2,77
2302	0,12	2,77	0,02	2,77
2305	0,07	2,77	0,02	2,77
2308	0,12	2,77	0,02	2,77
2311	0,05	2,77	0,02	2,77
2314	0,09	2,77	0,02	2,77
2317	0,06	2,77	0,02	2,78
2320	0,11	2,77	0,02	2,78
2323	0,09	2,77	0,02	2,78
2326	0,12	2,77	0,02	2,78
2329	0,12	2,77	0,02	2,78
2332	0,04	2,77	0,02	2,78
2335	0,1	2,78	0,02	2,78
2338	0,1	2,78	0,02	2,78
2341	0,06	2,78	0,02	2,78
2344	0,1	2,78	0,02	2,78
2347	0,1	2,78	0,02	2,78
2350	0,15	2,78	0,02	2,78
2353	0,04	2,78	0,02	2,78
2356	0,07	2,78	0,02	2,78
2359	0,09	2,78	0,02	2,78
2362	0,04	2,78	0,02	2,78
2365	0,11	2,78	0,02	2,78
2368	0,09	2,78	0,02	2,78
2371	0,07	2,78	0,02	2,78
2374	0,11	2,78	0,02	2,78
2377	0,12	2,78	0,02	2,78
2380	0,07	2,78	0,02	2,78
2383	0,08	2,78	0,02	2,78
2386	0,11	2,78	0,02	2,78
2389	0,08	2,78	0,02	2,78
2392	0,1	2,78	0,02	2,78
2395	0,11	2,78	0,02	2,78
2398	0,06	2,78	0,02	2,78
2401	0,07	2,78	0,02	2,78
2404	0,08	2,78	0,02	2,78
2407	0,11	2,78	0,02	2,79
2410	0,12	2,78	0,02	2,79
2413	0,11	2,78	0,02	2,79
2416	0,12	2,78	0,02	2,79
2419	0,09	2,78	0,02	2,79
2422	0,09	2,78	0,02	2,79
2425	0,12	2,78	0,02	2,79
2428	0,11	2,79	0,02	2,79
2431	0,1	2,79	0,02	2,79
2434	0,09	2,79	0,02	2,79
2437	0,05	2,79	0,02	2,79
2440	0,11	2,79	0,02	2,79
2443	0,08	2,79	0,02	2,79
2446	0,11	2,79	0,02	2,79
2449	0,11	2,79	0,02	2,79
2452	0,07	2,79	0,02	2,79
2455	0,09	2,79	0,02	2,79
2458	0,1	2,79	0,02	2,79
2461	0,09	2,79	0,02	2,79
2464	0,08	2,79	0,02	2,79
2467	0,12	2,79	0,02	2,79
2470	0,11	2,79	0,02	2,79
2473	0,07	2,79	0,02	2,79
2476	0,07	2,79	0,02	2,79
2479	0,07	2,79	0,02	2,79
2482	0,09	2,79	0,02	2,79
2485	0,1	2,79	0,02	2,79
2488	0,05	2,79	0,02	2,79
2491	0,07	2,79	0,02	2,79
2494	0,05	2,79	0,02	2,79
2497	0,08	2,79	0,02	2,79
2500	0,06	2,79	0,02	2,79
2503	0,07	2,79	0,02	2,79
2506	0,11	2,79	0,02	2,79
2509	0,09	2,79	0,02	2,79
2512	0,06	2,79	0,02	2,79
2515	0,12	2,79	0,02	2,79
2518	0,04	2,79	0,02	2,79
2521	0,09	2,79	0,02	2,79
2524	0,06	2,79	0,02	2,79
2527	0,08	2,79	0,02	2,79
2530	0,1	2,79	0,02	2,79
2533	0,12	2,79	0,02	2,8
2536	0,11	2,79	0,02	2,8
2539	0,09	2,79	0,02	2,8
2542	0,07	2,79	0,02	2,8
2545	0,04	2,79	0,02	2,8
2548	0,12	2,79	0,02	2,8
2551	0,14	2,79	0,02	2,8
2554	0,11	2,79	0,02	2,8
2557	0,12	2,8	0,02	2,8
2560	0,12	2,8	0,02	2,8
2563	0,12	2,8	0,02	2,8
2566	0,12	2,8	0,02	2,8
2569	0,04	2,8	0,02	2,8
2572	0,11	2,8	0,02	2,8
2575	0,09	2,8	0,02	2,8
2578	0,11	2,8	0,02	2,8
2581	0,1	2,8	0,02	2,8
2584	0,07	2,8	0,02	2,8
2587	0,1	2,8	0,02	2,8
2590	0,11	2,8	0,02	2,8
2593	0,04	2,8	0,02	2,8
2596	0,12	2,8	0,02	2,8
2599	0,12	2,8	0,02	2,8
2602	0,04	2,8	0,02	2,8
2605	0,06	2,8	0,02	2,8
2608	0,04	2,8	0,02	2,8
2611	0,11	2,8	0,02	2,8
2614	0,12	2,8	0,02	2,8
2617	0,11	2,8	0,02	2,8
2620	0,12	2,8	0,02	2,8
2623	0,09	2,8	0,02	2,8
2626	0,06	2,8	0,02	2,81
2629	0,12	2,8	0,02	2,81
2632	0,12	2,8	0,02	2,81
2635	0,1	2,8	0,02	2,81
2638	0,11	2,8	0,02	2,81
2641	0,11	2,8	0,02	2,81
2644	0,08	2,8	0,02	2,81
2647	0,1	2,8	0,02	2,81
2650	0,04	2,81	0,02	2,81
2653	0,11	2,81	0,02	2,81
2656	0,12	2,81	0,02	2,81
2659	0,05	2,81	0,02	2,81
2662	0,11	2,81	0,02	2,81
2665	0,05	2,81	0,02	2,81
2668	0,07	2,81	0,02	2,81
2671	0,08	2,81	0,02	2,81
2674	0,12	2,81	0,02	2,81
2677	0,12	2,81	0,02	2,81
2680	0,07	2,81	0,02	2,81
2683	0,09	2,81	0,02	2,81
2686	0,11	2,81	0,02	2,81
2689	0,06	2,81	0,02	2,81
2692	0,11	2,81	0,02	2,81
2695	0,1	2,81	0,02	2,81
2698	0,11	2,81	0,02	2,81
2701	0,12	2,81	0,02	2,81
2704	0,07	2,81	0,02	2,81
2707	0,11	2,81	0,02	2,81
2710	0,12	2,81	0,02	2,81
2713	0,05	2,81	0,02	2,81
2716	0,07	2,81	0,02	2,81
2719	0,11	2,81	0,02	2,81
2722	0,1	2,81	0,02	2,81
2725	0,11	2,81	0,02	2,81
2728	0,12	2,81	0,02	2,81
2731	0,12	2,81	0,02	2,81
2734	0,04	2,81	0,02	2,81
2737	0,04	2,81	0,02	2,81
2740	0,08	2,81	0,02	2,81
2743	0,12	2,81	0,02	2,81
2746	0,08	2,81	0,02	2,81
2749	0,12	2,81	0,02	2,81
2752	0,1	2,81	0,02	2,81
2755	0,04	2,81	0,02	2,81
2758	0,11	2,81	0,02	2,81
2761	0,11	2,81	0,02	2,81
2764	0,1	2,81	0,02	2,81
2767	0,04	2,81	0,02	2,82
2770	0,04	2,81	0,02	2,82
2773	0,11	2,81	0,02	2,82
2776	0,11	2,81	0,02	2,82
2779	0,08	2,81	0,02	2,82
2782	0,07	2,81	0,02	2,82
2785	0,07	2,81	0,02	2,82
2788	0,07	2,81	0,02	2,82
2791	0,04	2,81	0,02	2,82
2794	0,11	2,82	0,02	2,82
2797	0,04	2,82	0,02	2,82
2800	0,11	2,82	0,02	2,82
2803	0,11	2,82	0,02	2,82
2806	0,08	2,82	0,02	2,82
2809	0,04	2,82	0,02	2,82
2812	0,11	2,82	0,02	2,82
2815	0,04	2,82	0,02	2,82
2818	0,12	2,82	0,02	2,82
2821	0,08	2,82	0,02	2,82
2824	0,04	2,82	0,02	2,82
2827	0,08	2,82	0,02	2,82
2830	0,04	2,82	0,02	2,82
2833	0,12	2,82	0,02	2,82
2836	0,11	2,82	0,02	2,82
2839	0,04	2,82	0,02	2,82
2842	0,11	2,82	0,02	2,82
2845	0,15	2,82	0,02	2,82
2848	0,08	2,82	0,02	2,82
2851	0,11	2,82	0,02	2,82
2854	0,1	2,82	0,02	2,82
2857	0,04	2,82	0,02	2,82
2860	0,08	2,82	0,02	2,82
2863	0,04	2,82	0,02	2,82
2866	0,08	2,82	0,02	2,82
2869	0,1	2,82	0,02	2,83
2872	0,09	2,82	0,02	2,83
2875	0,07	2,82	0,02	2,83
2878	0,11	2,82	0,02	2,83
2881	0,1	2,82	0,02	2,83
2884	0,08	2,82	0,02	2,83
2887	0,04	2,82	0,02	2,83
2890	0,11	2,82	0,02	2,83
2893	0,05	2,82	0,02	2,83
2896	0,1	2,83	0,02	2,83
2899	0,04	2,83	0,02	2,83
2902	0,11	2,83	0,02	2,83
2905	0,07	2,83	0,02	2,83
2908	0,1	2,83	0,02	2,83
2911	0,11	2,83	0,02	2,83
2914	0,05	2,83	0,02	2,83
2917	0,04	2,83	0,02	2,83
2920	0,04	2,83	0,02	2,83
2923	0,04	2,83	0,02	2,83
2926	0,08	2,83	0,02	2,83
2929	0,1	2,83	0,02	2,83
2932	0,07	2,83	0,02	2,83
2935	0,12	2,83	0,02	2,83
2938	0,07	2,83	0,02	2,83
2941	0,09	2,83	0,02	2,83
2944	0,04	2,83	0,02	2,83
2947	0,07	2,83	0,02	2,83
2950	0,08	2,83	0,02	2,83
2953	0,09	2,83	0,02	2,83
2956	0,08	2,83	0,02	2,83
2959	0,11	2,83	0,02	2,83
2962	0,04	2,83	0,02	2,83
2965	0,1	2,83	0,02	2,83
2968	0,12	2,83	0,02	2,83
2971	0,08	2,83	0,02	2,83
2974	0,09	2,83	0,02	2,83
2977	0,04	2,83	0,02	2,83
2980	0,06	2,83	0,02	2,83
2983	0,08	2,83	0,02	2,83
2986	0,04	2,83	0,02	2,83
2989	0,11	2,83	0,02	2,83
2992	0,11	2,83	0,02	2,83
2995	0,07	2,83	0,02	2,83
2998	0,1	2,83	0,02	2,83
3001	0,1	2,83	0,02	2,83
3004	0,08	2,83	0,02	2,83
3007	0,05	2,83	0,02	2,83
3010	0,11	2,83	0,02	2,83
3013	0,12	2,83	0,02	2,84
3016	0,05	2,83	0,02	2,84
3019	0,1	2,83	0,02	2,84
3022	0,08	2,83	0,02	2,84
3025	0,07	2,83	0,02	2,84
3028	0,11	2,83	0,02	2,84
3031	0,06	2,83	0,02	2,84
3034	0,11	2,83	0,02	2,84
3037	0,07	2,84	0,02	2,84
3040	0,05	2,84	0,02	2,84
3043	0,04	2,84	0,02	2,84
3046	0,14	2,84	0,02	2,84
3049	0,11	2,84	0,02	2,84
3052	0,11	2,84	0,02	2,84
3055	0,12	2,84	0,02	2,84
3058	0,11	2,84	0,02	2,84
3061	0,1	2,84	0,02	2,84
3064	0,04	2,84	0,02	2,84
3067	0,12	2,84	0,02	2,84
3070	0,08	2,84	0,02	2,84
3073	0,11	2,84	0,02	2,84
3076	0,11	2,84	0,02	2,84
3079	0,11	2,84	0,02	2,84
3082	0,12	2,84	0,02	2,84
3085	0,11	2,84	0,02	2,84
3088	0,11	2,84	0,02	2,84
3091	0,11	2,84	0,02	2,84
3094	0,11	2,84	0,02	2,84
3097	0,12	2,84	0,02	2,84
3100	0,04	2,84	0,02	2,84
3103	0,08	2,84	0,02	2,84
3106	0,12	2,84	0,02	2,84
3109	0,08	2,84	0,02	2,84
3112	0,09	2,84	0,02	2,84
3115	0,06	2,84	0,02	2,84
3118	0,09	2,84	0,02	2,85
3121	0,11	2,84	0,02	2,85
3124	0,08	2,84	0,02	2,85
3127	0,11	2,84	0,02	2,85
3130	0,09	2,84	0,02	2,85
3133	0,08	2,84	0,02	2,85
3136	0,09	2,85	0,02	2,85
3139	0,09	2,84	0,02	2,85
3142	0,11	2,85	0,02	2,85
3145	0,1	2,85	0,02	2,85
3148	0,11	2,85	0,02	2,85
3151	0,12	2,85	0,02	2,85
3154	0,09	2,85	0,02	2,85
3157	0,04	2,85	0,02	2,85
3160	0,11	2,85	0,02	2,85
3163	0,1	2,85	0,02	2,85
3166	0,1	2,85	0,02	2,85
3169	0,09	2,85	0,02	2,85
3172	0,11	2,85	0,02	2,85
3175	0,11	2,85	0,02	2,85
3178	0,05	2,85	0,02	2,85
3181	0,11	2,85	0,02	2,85
3184	0,04	2,85	0,02	2,85
3187	0,1	2,85	0,02	2,85
3190	0,09	2,85	0,02	2,85
3193	0,09	2,85	0,02	2,85
3196	0,1	2,85	0,02	2,85
3199	0,11	2,85	0,02	2,85
3202	0,09	2,85	0,02	2,85
3205	0,11	2,85	0,02	2,85
3208	0,05	2,85	0,02	2,85
3211	0,11	2,85	0,02	2,85
3214	0,09	2,85	0,02	2,85
3217	0,09	2,85	0,02	2,85
3220	0,08	2,85	0,02	2,85
3223	0,11	2,85	0,02	2,85
3226	0,09	2,85	0,02	2,85
3229	0,04	2,85	0,02	2,85
3232	0,04	2,85	0,02	2,85
3235	0,08	2,85	0,02	2,85
3238	0,05	2,85	0,02	2,85
3241	0,11	2,85	0,02	2,85
3244	0,11	2,85	0,02	2,85
3247	0,14	2,85	0,02	2,85
3250	0,11	2,85	0,02	2,85
3253	0,04	2,85	0,02	2,85
3256	0,11	2,85	0,02	2,86
3259	0,11	2,85	0,02	2,86
3262	0,07	2,85	0,02	2,86
3265	0,1	2,85	0,02	2,86
3268	0,11	2,85	0,02	2,86
3271	0,06	2,85	0,02	2,86
3274	0,09	2,85	0,02	2,86
3277	0,11	2,85	0,02	2,86
3280	0,04	2,85	0,02	2,86
3283	0,05	2,86	0,02	2,86
3286	0,11	2,86	0,02	2,86
3289	0,09	2,86	0,02	2,86
3292	0,06	2,86	0,02	2,86
3295	0,05	2,86	0,02	2,86
3298	0,11	2,86	0,02	2,86
3301	0,11	2,86	0,02	2,86
3304	0,08	2,86	0,02	2,86
3307	0,08	2,86	0,02	2,86
3310	0,11	2,86	0,02	2,86
3313	0,06	2,86	0,02	2,86
3316	0,06	2,86	0,02	2,86
3319	0,11	2,86	0,02	2,86
3322	0,11	2,86	0,02	2,86
3325	0,1	2,86	0,02	2,86
3328	0,11	2,86	0,02	2,86
3331	0,11	2,86	0,02	2,86
3334	0,11	2,86	0,02	2,86
3337	0,1	2,86	0,02	2,86
3340	0,04	2,86	0,02	2,86
3343	0,11	2,86	0,02	2,86
3346	0,04	2,86	0,02	2,86
3349	0,04	2,86	0,02	2,86
3352	0,11	2,86	0,02	2,86
3355	0,11	2,86	0,02	2,86
3358	0,11	2,86	0,02	2,86
3361	0,11	2,86	0,02	2,86
3364	0,1	2,86	0,02	2,86
3367	0,1	2,86	0,02	2,86
3370	0,11	2,86	0,02	2,86
3373	0,09	2,86	0,02	2,87
3376	0,05	2,86	0,02	2,87
3379	0,05	2,86	0,02	2,87
3382	0,11	2,86	0,02	2,87
3385	0,11	2,86	0,02	2,87
3388	0,1	2,86	0,02	2,87
3391	0,04	2,86	0,02	2,87
3394	0,1	2,86	0,02	2,87
3397	0,04	2,87	0,02	2,87
3400	0,11	2,87	0,02	2,87
3403	0,07	2,87	0,02	2,87
3406	0,08	2,87	0,02	2,87
3409	0,11	2,87	0,02	2,87
3412	0,11	2,87	0,02	2,87
3415	0,06	2,87	0,02	2,87
3418	0,07	2,87	0,02	2,87
3421	0,08	2,87	0,02	2,87
3424	0,1	2,87	0,02	2,87
3427	0,11	2,87	0,02	2,87
3430	0,09	2,87	0,02	2,87
3433	0,11	2,87	0,02	2,87
3436	0,11	2,87	0,02	2,87
3439	0,1	2,87	0,02	2,87
3442	0,1	2,87	0,02	2,87
3445	0,04	2,87	0,02	2,87
3448	0,14	2,87	0,02	2,87
3451	0,08	2,87	0,02	2,87
3454	0,08	2,87	0,02	2,87
3457	0,11	2,87	0,02	2,87
3460	0,1	2,87	0,02	2,87
3463	0,11	2,87	0,02	2,87
3466	0,04	2,87	0,02	2,87
3469	0,04	2,87	0,02	2,87
3472	0,1	2,87	0,02	2,87
3475	0,08	2,87	0,02	2,87
3478	0,11	2,87	0,02	2,87
3481	0,11	2,87	0,02	2,87
3484	0,08	2,87	0,02	2,87
3487	0,04	2,87	0,02	2,87
3490	0,11	2,87	0,02	2,87
3493	0,08	2,87	0,02	2,87
3496	0,05	2,87	0,02	2,87
3499	0,04	2,87	0,02	2,87
3502	0,1	2,87	0,02	2,87
3505	0,08	2,87	0,02	2,87
3508	0,09	2,87	0,02	2,87
3511	0,06	2,87	0,02	2,87
3514	0,05	2,87	0,02	2,87
3517	0,05	2,87	0,02	2,87
3520	0,11	2,87	0,02	2,87
3523	0,1	2,87	0,02	2,87
3526	0,08	2,87	0,02	2,87
3529	0,09	2,87	0,02	2,87
3532	0,11	2,87	0,02	2,87
3535	0,09	2,87	0,02	2,87
3538	0,08	2,87	0,02	2,88
3541	0,04	2,87	0,02	2,88
3544	0,1	2,87	0,02	2,88
3547	0,05	2,87	0,02	2,88
3550	0,07	2,87	0,02	2,88
3553	0,08	2,87	0,02	2,88
3556	0,11	2,87	0,02	2,88
3559	0,1	2,87	0,02	2,88
3562	0,1	2,87	0,02	2,88
3565	0,11	2,87	0,02	2,88
3568	0,11	2,88	2,88	2,88
3571	0,08	2,88	2,88	2,88
3574	0,1	2,88	2,88	2,88
3577	0,04	2,88	2,88	2,88
3580	0,08	2,88	2,88	2,88
3583	0,09	2,88	2,88	2,88
3586	0,04	2,88	2,88	2,88
3589	0,04	2,88	2,88	2,88
3592	0,11	2,88	2,88	2,88
3595	0,11	2,88	2,88	2,88
3598	0,11	2,88	2,88	2,88
3601	0,09	2,88	2,88	2,88
3604	0,07	2,88	2,88	2,88
3607	0,1	2,88	2,88	2,88
3610	0,1	2,88	2,88	2,88
3613	0,1	2,88	2,88	2,88
3616	0,08	2,88	2,88	2,88
3619	0,07	2,88	2,88	2,88
3622	0,06	2,88	2,88	2,88
3625	0,04	2,88	2,88	2,88
3628	0,08	2,88	2,88	2,88
3631	0,11	2,88	2,88	2,88
3634	0,04	2,88	2,88	2,88
3637	0,09	2,88	2,88	2,88
3640	0,07	2,88	2,88	2,88
3643	0,1	2,88	2,88	2,88
3646	0,11	2,88	2,88	2,88
3649	0,14	2,88	2,88	2,88
3652	0,08	2,88	2,88	2,88
3655	0,04	2,88	2,88	2,88
3658	0,08	2,88	2,88	2,88
3661	0,11	2,88	2,88	2,88
3664	0,08	2,88	2,88	2,88
3667	0,09	2,88	2,88	2,89
3670	0,11	2,88	2,88	2,89
3673	0,1	2,88	2,89	2,89
3676	0,07	2,88	2,88	2,89
3679	0,11	2,88	2,89	2,89
3682	0,09	2,88	2,89	2,89
3685	0,11	2,88	2,89	2,89
3688	0,11	2,88	2,89	2,89
3691	0,11	2,88	2,89	2,89
3694	0,11	2,88	2,89	2,89
3697	0,11	2,88	2,89	2,89
3700	0,1	2,89	2,89	2,89
3703	0,09	2,89	2,89	2,89
3706	0,11	2,89	2,89	2,89
3709	0,08	2,89	2,89	2,89
3712	0,1	2,89	2,89	2,89
3715	0,06	2,89	2,89	2,89
3718	0,11	2,89	2,89	2,89
3721	0,11	2,89	2,89	2,89
3724	0,11	2,89	2,89	2,89
3727	0,11	2,89	2,89	2,89
3730	0,11	2,89	2,89	2,89
3733	0,11	2,89	2,89	2,89
3736	0,1	2,89	2,89	2,89
3739	0,09	2,89	2,89	2,89
3742	0,09	2,89	2,89	2,89
3745	0,08	2,89	2,89	2,89
3748	0,09	2,89	2,89	2,89
3751	0,08	2,89	2,89	2,89
3754	0,11	2,89	2,89	2,89
3757	0,08	2,89	2,89	2,89
3760	0,1	2,89	2,89	2,89
3763	0,05	2,89	2,89	2,89
3766	0,1	2,89	2,89	2,89
3769	0,1	2,89	2,89	2,89
3772	0,1	2,89	2,89	2,89
3775	0,11	2,89	2,89	2,89
3778	0,07	2,89	2,89	2,89
3781	0,09	2,89	2,89	2,89
3784	0,11	2,89	2,89	2,89
3787	0,1	2,89	2,89	2,89
3790	0,1	2,89	2,89	2,89
3793	0,04	2,89	2,89	2,89
3796	0,07	2,89	2,89	2,89
3799	0,04	2,89	2,89	2,89
3802	0,07	2,89	2,89	2,89
3805	0,11	2,89	2,89	2,89
3808	0,1	2,89	2,89	2,89
3811	0,11	2,89	2,89	2,89
3814	0,1	2,89	2,89	2,89
3817	0,1	2,89	2,89	2,89
3820	0,11	2,89	2,89	2,89
3823	0,09	2,89	2,89	2,89
3826	0,11	2,89	2,89	2,89
3829	0,09	2,89	2,89	2,89
3832	0,1	2,89	2,89	2,89
3835	0,1	2,89	2,89	2,89
3838	0,1	2,89	2,89	2,89
3841	0,11	2,89	2,89	2,89
3844	0,11	2,89	2,89	2,89
3847	0,04	2,89	2,89	2,89
3850	0,13	2,89	2,89	2,89
3853	0,04	2,89	2,9	2,9
3856	0,07	2,89	2,89	2,9
3859	0,09	2,89	2,9	2,9
3862	0,08	2,89	2,89	2,9
3865	0,07	2,89	2,9	2,9
3868	0,1	2,89	2,9	2,9
3871	0,04	2,89	2,9	2,9
3874	0,1	2,89	2,9	2,9
3877	0,1	2,89	2,9	2,9
3880	0,1	2,89	2,9	2,9
3883	0,09	2,9	2,9	2,9
3886	0,04	2,9	2,9	2,9
3889	0,1	2,9	2,9	2,9
3892	0,07	2,9	2,9	2,9
3895	0,1	2,9	2,9	2,9
3898	0,06	2,9	2,9	2,9
3901	0,11	2,9	2,9	2,9
3904	0,1	2,9	2,9	2,9
3907	0,11	2,9	2,9	2,9
3910	0,1	2,9	2,9	2,9
3913	0,11	2,9	2,9	2,9
3916	0,11	2,9	2,9	2,9
3919	0,04	2,9	2,9	2,9
3922	0,09	2,9	2,9	2,9
3925	0,1	2,9	2,9	2,9
3928	0,07	2,9	2,9	2,9
3931	0,1	2,9	2,9	2,9
3934	0,08	2,9	2,9	2,9
3937	0,11	2,9	2,9	2,9
3940	0,05	2,9	2,9	2,9
3943	0,11	2,9	2,9	2,9
3946	0,09	2,9	2,9	2,9
3949	0,09	2,9	2,9	2,9
3952	0,09	2,9	2,9	2,9
3955	0,11	2,9	2,9	2,9
3958	0,1	2,9	2,9	2,9
3961	0,11	2,9	2,9	2,9
3964	0,09	2,9	2,9	2,9
3967	0,11	2,9	2,9	2,9
3970	0,1	2,9	2,9	2,9
3973	0,1	2,9	2,9	2,9
3976	0,07	2,9	2,9	2,9
3979	0,06	2,9	2,9	2,9
3982	0,11	2,9	2,9	2,9
3985	0,1	2,9	2,9	2,9
3988	0,08	2,9	2,9	2,9
3991	0,1	2,9	2,9	2,9
3994	0,05	2,9	2,9	2,9
3997	0,1	2,9	2,91	2,91
4000	0,11	2,9	2,91	2,91
4003	0,08	2,9	2,91	2,91
4006	0,04	2,9	2,9	2,91
4009	0,09	2,9	2,91	2,91
4012	0,11	2,9	2,91	2,91
4015	0,07	2,9	2,91	2,91
4018	0,1	2,9	2,91	2,91
4021	0,04	2,9	2,91	2,91
4024	0,1	2,91	2,91	2,91
4027	0,1	2,91	2,91	2,91
4030	0,04	2,91	2,91	2,91
4033	0,1	2,91	2,91	2,91
4036	0,08	2,91	2,91	2,91
4039	0,11	2,91	2,91	2,91
4042	0,11	2,91	2,91	2,91
4045	0,04	2,91	2,91	2,91
4048	0,1	2,91	2,91	2,91
4051	0,13	2,91	2,91	2,91
4054	0,04	2,91	2,91	2,91
4057	0,1	2,91	2,91	2,91
4060	0,11	2,91	2,91	2,91
4063	0,05	2,91	2,91	2,91
4066	0,08	2,91	2,91	2,91
4069	0,1	2,91	2,91	2,91
4072	0,1	2,91	2,91	2,91
4075	0,04	2,91	2,91	2,91
4078	0,11	2,91	2,91	2,91
4081	0,08	2,91	2,91	2,91
4084	0,11	2,91	2,91	2,91
4087	0,08	2,91	2,91	2,91
4090	0,06	2,91	2,91	2,91
4093	0,08	2,91	2,91	2,91
4096	0,11	2,91	2,91	2,91
4099	0,08	2,91	2,91	2,91
4102	0,1	2,91	2,91	2,91
4105	0,1	2,91	2,91	2,91
4108	0,04	2,91	2,91	2,91
4111	0,08	2,91	2,91	2,91
4114	0,08	2,91	2,91	2,91
4117	0,1	2,91	2,91	2,91
4120	0,1	2,91	2,91	2,91
4123	0,1	2,91	2,91	2,91
4126	0,1	2,91	2,91	2,91
4129	0,07	2,91	2,91	2,91
4132	0,11	2,91	2,91	2,91
4135	0,09	2,91	2,91	2,91
4138	0,05	2,91	2,91	2,91
4141	0,04	2,91	2,91	2,91
4144	0,07	2,91	2,91	2,91
4147	0,06	2,91	2,91	2,91
4150	0,07	2,91	2,91	2,91
4153	0,08	2,91	2,91	2,91
4156	0,09	2,91	2,91	2,91
4159	0,1	2,91	2,91	2,91
4162	0,09	2,91	2,91	2,91
4165	0,11	2,91	2,91	2,91
4168	0,09	2,91	2,91	2,91
4171	0,11	2,91	2,91	2,91
4174	0,07	2,91	2,91	2,91
4177	0,1	2,91	2,91	2,91
4180	0,06	2,91	2,91	2,91
4183	0,09	2,91	2,91	2,91
4186	0,1	2,91	2,91	2,91
4189	0,1	2,91	2,91	2,91
4192	0,11	2,91	2,91	2,92
4195	0,08	2,91	2,92	2,92
4198	0,09	2,91	2,92	2,92
4201	0,11	2,91	2,91	2,92
4204	0,07	2,91	2,92	2,92
4207	0,1	2,91	2,92	2,92
4210	0,07	2,91	2,92	2,92
4213	0,1	2,91	2,92	2,92
4216	0,1	2,91	2,92	2,92
4219	0,1	2,91	2,92	2,92
4222	0,1	2,91	2,92	2,92
4225	0,06	2,92	2,92	2,92
4228	0,1	2,91	2,92	2,92
4231	0,07	2,92	2,92	2,92
4234	0,1	2,92	2,92	2,92
4237	0,09	2,92	2,92	2,92
4240	0,1	2,92	2,92	2,92
4243	0,11	2,92	2,92	2,92
4246	0,1	2,92	2,92	2,92
4249	0,09	2,92	2,92	2,92
4252	0,12	2,92	2,92	2,92
4255	0,04	2,92	2,92	2,92
4258	0,1	2,92	2,92	2,92
4261	0,08	2,92	2,92	2,92
4264	0,04	2,92	2,92	2,92
4267	0,06	2,92	2,92	2,92
4270	0,08	2,92	2,92	2,92
4273	0,1	2,92	2,92	2,92
4276	0,05	2,92	2,92	2,92
4279	0,08	2,92	2,92	2,92
4282	0,1	2,92	2,92	2,92
4285	0,06	2,92	2,92	2,92
4288	0,11	2,92	2,92	2,92
4291	0,1	2,92	2,92	2,92
4294	0,1	2,92	2,92	2,92
4297	0,05	2,92	2,92	2,92
4300	0,08	2,92	2,92	2,92
4303	0,06	2,92	2,92	2,92
4306	0,1	2,92	2,92	2,92
4309	0,08	2,92	2,92	2,92
4312	0,08	2,92	2,92	2,92
4315	0,08	2,92	2,92	2,92
4318	0,1	2,92	2,92	2,92
4321	0,1	2,92	2,92	2,92
4324	0,1	2,92	2,92	2,92
4327	0,09	2,92	2,92	2,92
4330	0,1	2,92	2,92	2,92
4333	0,06	2,92	2,92	2,92
4336	0,1	2,92	2,92	2,92
4339	0,1	2,92	2,92	2,92
4342	0,1	2,92	2,92	2,92
4345	0,08	2,92	2,92	2,92
4348	0,1	2,92	2,92	2,92
4351	0,04	2,92	2,92	2,92
4354	0,1	2,92	2,92	2,92
4357	0,1	2,92	2,92	2,92
4360	0,04	2,92	2,92	2,92
4363	0,09	2,92	2,92	2,92
4366	0,05	2,92	2,92	2,92
4369	0,04	2,92	2,92	2,92
4372	0,08	2,92	2,92	2,92
4375	0,04	2,92	2,92	2,92
4378	0,09	2,92	2,92	2,92
4381	0,04	2,92	2,92	2,92
4384	0,05	2,92	2,92	2,92
4387	0,1	2,92	2,92	2,92
4390	0,1	2,92	2,92	2,92
4393	0,09	2,92	2,92	2,92
4396	0,05	2,92	2,92	2,92
4399	0,04	2,92	2,92	2,92
4402	0,07	2,92	2,92	2,92
4405	0,1	2,92	2,92	2,92
4408	0,1	2,92	2,92	2,92
4411	0,1	2,92	2,92	2,92
4414	0,07	2,92	2,92	2,92
4417	0,08	2,92	2,92	2,92
4420	0,06	2,92	2,92	2,92
4423	0,09	2,92	2,92	2,92
4426	0,06	2,92	2,92	2,92
4429	0,05	2,92	2,92	2,92
4432	0,08	2,92	2,92	2,92
4435	0,1	2,92	2,92	2,92
4438	0,04	2,92	2,92	2,92
4441	0,08	2,92	2,92	2,92
4444	0,05	2,92	2,92	2,92
4447	0,08	2,92	2,92	2,92
4450	0,04	2,92	2,92	2,92
4453	0,12	2,92	2,92	2,92
4456	0,07	2,92	2,92	2,92
4459	0,07	2,92	2,92	2,92
4462	0,05	2,92	2,92	2,92
4465	0,09	2,92	2,92	2,92
4468	0,1	2,92	2,92	2,93
4471	0,09	2,92	2,92	2,93
4474	0,07	2,92	2,92	2,93
4477	0,1	2,92	2,92	2,93
4480	0,1	2,92	2,93	2,93
4483	0,08	2,92	2,93	2,93
4486	0,07	2,92	2,93	2,93
4489	0,1	2,92	2,93	2,93
4492	0,07	2,92	2,93	2,93
4495	0,09	2,92	2,93	2,93
4498	0,04	2,92	2,93	2,93
4501	0,1	2,92	2,93	2,93
4504	0,05	2,92	2,93	2,93
4507	0,1	2,92	2,93	2,93
4510	0,09	2,93	2,93	2,93
4513	0,05	2,93	2,93	2,93
4516	0,1	2,93	2,93	2,93
4519	0,1	2,93	2,93	2,93
4522	0,05	2,93	2,93	2,93
4525	0,07	2,93	2,93	2,93
4528	0,1	2,93	2,93	2,93
4531	0,04	2,93	2,93	2,93
4534	0,04	2,93	2,93	2,93
4537	0,09	2,93	2,93	2,93
4540	0,04	2,93	2,93	2,93
4543	0,06	2,93	2,93	2,93
4546	0,07	2,93	2,93	2,93
4549	0,1	2,93	2,93	2,93
4552	0,09	2,93	2,93	2,93
4555	0,09	2,93	2,93	2,93
4558	0,09	2,93	2,93	2,93
4561	0,1	2,93	2,93	2,93
4564	0,1	2,93	2,93	2,93
4567	0,08	2,93	2,93	2,93
4570	0,06	2,93	2,93	2,93
4573	0,04	2,93	2,93	2,93
4576	0,1	2,93	2,93	2,93
4579	0,07	2,93	2,93	2,93
4582	0,08	2,93	2,93	2,93
4585	0,09	2,93	2,93	2,93
4588	0,09	2,93	2,93	2,93
4591	0,09	2,93	2,93	2,93
4594	0,07	2,93	2,93	2,93
4597	0,08	2,93	2,93	2,93
4600	0,09	2,93	2,93	2,93
4603	0,05	2,93	2,93	2,93
4606	0,1	2,93	2,93	2,93
4609	0,06	2,93	2,93	2,93
4612	0,09	2,93	2,93	2,93
4615	0,08	2,93	2,93	2,93
4618	0,1	2,93	2,93	2,93
4621	0,1	2,93	2,93	2,93
4624	0,1	2,93	2,93	2,93
4627	0,09	2,93	2,93	2,93
4630	0,08	2,93	2,93	2,93
4633	0,04	2,93	2,93	2,93
4636	0,09	2,93	2,93	2,93
4639	0,07	2,93	2,93	2,93
4642	0,07	2,93	2,93	2,93
4645	0,1	2,93	2,93	2,93
4648	0,08	2,93	2,93	2,93
4651	0,1	2,93	2,93	2,93
4654	0,09	2,93	2,93	2,93
4657	0,09	2,93	2,93	2,93
4660	0,1	2,93	2,93	2,93
4663	0,07	2,93	2,93	2,93
4666	0,1	2,93	2,93	2,93
4669	0,1	2,93	2,93	2,93
4672	0,07	2,93	2,93	2,93
4675	0,09	2,93	2,93	2,93
4678	0,1	2,93	2,93	2,93
4681	0,1	2,93	2,93	2,93
4684	0,09	2,93	2,93	2,93
4687	0,08	2,93	2,93	2,93
4690	0,1	2,93	2,93	2,93
4693	0,04	2,93	2,93	2,93
4696	0,08	2,93	2,93	2,93
4699	0,09	2,93	2,93	2,93
4702	0,09	2,93	2,93	2,93
4705	0,08	2,93	2,93	2,93
4708	0,08	2,93	2,93	2,93
4711	0,1	2,93	2,93	2,93
4714	0,08	2,93	2,93	2,93
4717	0,1	2,93	2,93	2,93
4720	0,1	2,93	2,93	2,93
4723	0,09	2,93	2,93	2,93
4726	0,09	2,93	2,93	2,93
4729	0,07	2,93	2,93	2,93
4732	0,05	2,93	2,93	2,93
4735	0,07	2,93	2,93	2,93
4738	0,09	2,93	2,93	2,93
4741	0,09	2,93	2,93	2,93
4744	0,08	2,93	2,93	2,93
4747	0,13	2,93	2,93	2,93
4750	0,09	2,93	2,93	2,93
4753	0,09	2,93	2,93	2,93
4756	0,07	2,93	2,93	2,94
4759	0,08	2,93	2,93	2,93
4762	0,09	2,93	2,93	2,94
4765	0,04	2,93	2,93	2,94
4768	0,1	2,93	2,93	2,94
4771	0,09	2,93	2,94	2,94
4774	0,06	2,93	2,93	2,94
4777	0,09	2,93	2,93	2,94
4780	0,08	2,93	2,94	2,94
4783	0,09	2,93	2,94	2,94
4786	0,04	2,93	2,94	2,94
4789	0,06	2,93	2,94	2,94
4792	0,06	2,93	2,94	2,94
4795	0,04	2,93	2,94	2,94
4798	0,06	2,93	2,94	2,94
4801	0,1	2,93	2,94	2,94
4804	0,04	2,93	2,94	2,94
4807	0,07	2,93	2,94	2,94
4810	0,07	2,93	2,94	2,94
4813	0,07	2,93	2,94	2,94
4816	0,07	2,94	2,94	2,94
4819	0,1	2,94	2,94	2,94
4822	0,08	2,94	2,94	2,94
4825	0,07	2,94	2,94	2,94
4828	0,07	2,94	2,94	2,94
4831	0,1	2,94	2,94	2,94
4834	0,09	2,94	2,94	2,94
4837	0,07	2,94	2,94	2,94
4840	0,1	2,94	2,94	2,94
4843	0,09	2,94	2,94	2,94
4846	0,04	2,94	2,94	2,94
4849	0,09	2,94	2,94	2,94
4852	0,08	2,94	2,94	2,94
4855	0,11	2,94	2,94	2,94
4858	0,07	2,94	2,94	2,94
4861	0,1	2,94	2,94	2,94
4864	0,07	2,94	2,94	2,94
4867	0,05	2,94	2,94	2,94
4870	0,04	2,94	2,94	2,94
4873	0,08	2,94	2,94	2,94
4876	0,1	2,94	2,94	2,94
4879	0,09	2,94	2,94	2,94
4882	0,09	2,94	2,94	2,94
4885	0,09	2,94	2,94	2,94
4888	0,08	2,94	2,94	2,94
4891	0,1	2,94	2,94	2,94
4894	0,07	2,94	2,94	2,94
4897	0,08	2,94	2,94	2,94
4900	0,09	2,94	2,94	2,94
4903	0,04	2,94	2,94	2,94
4906	0,08	2,94	2,94	2,94
